          0 -0.00108151 -0.00889218           0           0
0.000990868 -0.00107514  0.00635367     15.3864         350
 0.00199032 -0.00106894  0.00622822   -0.125515         350
  0.0029788 -0.00106287   0.0061054   -0.124254         350
 0.00402021 -0.00105673  0.00598114   -0.119312         350
 0.00497437 -0.00105107  0.00586658   -0.120072         350
 0.00600028 -0.00107582  -0.0243862    -29.4886         350
 0.00700736 -0.00106957  0.00623677     30.4077         350
 0.00804472 -0.00107887 -0.00895533     -14.645         350
 0.00901461 -0.00107273  0.00629108     15.7198         350
  0.0100195 -0.00105151   0.0212365      14.872         350
   0.011045  -0.0010611 -0.00932689    -29.8052         350
  0.0120282 -0.00105529  0.00592677     15.5137         350
  0.0130131 -0.00104951  0.00581034    -0.11822         350
    0.01401 -0.00105878 -0.00937474    -15.2334         350
  0.0175004 -0.00114144  -0.0234429    -4.03048         350
  0.0180116 -0.00114524 -0.00806427     30.0853         350
  0.0189993 -0.00113765  0.00716509      15.418         350
  0.0200076 -0.00113017  0.00702279   -0.141136         350
  0.0210464 -0.00115396  -0.0232487    -29.1411         350
  0.0220573 -0.00114614  0.00735201     30.2709         350
  0.0230119 -0.00113881  0.00721221   -0.146438         350
  0.0240331 -0.00114652 -0.00800015    -14.8973         350
  0.0250142 -0.00113898  0.00722788     15.5215         350
  0.0260024 -0.00114643 -0.00798509    -15.3939         350
 0.0270205 -0.0011693 -0.0228917   -14.6424        350
 0.0280077 -0.0011613 0.00769931    30.9848        350
  0.0290139 -0.00115328  0.00754503   -0.153341         350
  0.0300546 -0.00114526  0.00739078   -0.148224         350
  0.0310066 -0.00112342   0.0223251     15.6872         350
  0.0320046 -0.00111632   0.0068164    -15.5394         350
  0.0329843 -0.00110936   0.0066829    -0.13627         350
  0.0339942 -0.00111761 -0.00851893    -15.0522         350
  0.0349846 -0.00111058  0.00671938     15.3862         350
  0.0359924 -0.00113375  -0.0235534    -30.0387         350
  0.0369866 -0.00114145  -0.0080167     15.6273         350
  0.0379672 -0.00114884 -0.00786109    0.158696         350
  0.0389779 -0.00114106  0.00736432     15.0649         350
 0.0399799 -0.0011034  0.0373579    29.9315        350
 0.0409997 -0.0010965   0.006471   -30.2897        350
  0.0419867 -0.00108995  0.00634478   -0.127875         350
  0.0430152 -0.00109871 -0.00884993    -14.7731         350
   0.044019 -0.00106192   0.0365347     45.2154         350
  0.045022 -0.0010861 -0.0244675   -60.8181        350
  0.0460229 -0.00107967  0.00615621     30.5968         350
  0.0469995 -0.00110319  -0.0241074      -30.99         350
   0.048002 -0.00111146 -0.00856134     15.5066         350
   0.048996 -0.00110452  0.00667788     15.3317         350
  0.0500014 -0.00109773  0.00654578   -0.131386         350
  0.0510442 -0.00109075  0.00641012   -0.130088         350
  0.0520132 -0.00111354  -0.0238623    -31.2431         350
   0.053014 -0.00110651  0.00675075     30.5861         350
  0.0540614 -0.00111499 -0.00845207    -14.5152         350
 0.0549951 -0.0010939  0.0218607    32.4671        350
  0.0560024 -0.00105727   0.0364993     14.5322         350
  0.0569971 -0.00108155  -0.0245023    -61.3276         350
  0.0580037 -0.00109027  -0.0089474     15.4528         350
  0.0590477 -0.00108343   0.0063007      14.605         350
 0.0600052 -0.0011062 -0.0239709   -31.6156        350
  0.0610428 -0.00108349   0.0217136     44.0291         350
  0.0620272 -0.00109199 -0.00885303      -31.05         350
  0.0630352 -0.00110054 -0.00867687    0.174754         350
 0.0640175 -0.0010939  0.0065644    15.5161        350
  0.0650129 -0.00108731  0.00643443   -0.130576         350
  0.0660176 -0.00108086  0.00630715   -0.126686         350
 0.0670159 -0.0010745 0.00618174   -0.12563        350
  0.0680068 -0.00106838  0.00606116   -0.121689         350
  0.0689979 -0.00107734 -0.00912865    -15.3261         350
  0.0700176 -0.00110155   -0.024013    -14.5965         350
  0.0710437 -0.00112566  -0.0235229    0.477551         350
  0.0720212 -0.00114774  -0.0230742    0.459025         350
  0.0730178 -0.00115524 -0.00754399     15.5834         350
  0.0740199 -0.00113246   0.0227454     30.2267         350
  0.0750153 -0.00114019 -0.00784467    -30.7315         350
  0.0760071 -0.00114764 -0.00769165    0.154275         350
   0.077003 -0.00115507 -0.00753904     0.15325         350
  0.0780087 -0.00117741  -0.0224595    -14.8366         350
  0.0789983 -0.00115418   0.0231944     46.1301         350
  0.0800242 -0.00113088    0.022726    -0.45652         350
  0.0810568 -0.00110788    0.022264   -0.447495         350
 0.0820315 -0.0010864  0.0218323   -0.44289        350
 0.0829983 -0.0010508  0.0364853    15.1564        350
  0.0840187 -0.00106027  -0.0094502    -45.0158         350
  0.0850027 -0.00102456   0.0359487     46.1393         350
  0.0860035 -0.00100437   0.0201698     -15.765         350
   0.0869966 -0.000969452    0.0348407      14.7741          350
   0.0880256 -0.000934371    0.0341344    -0.686371          350
   0.0890121 -0.000871161    0.0636056      29.8722          350
    0.090013 -0.000809576    0.0623638     -1.24075          350
   0.0910292 -0.000746578    0.0610934     -1.25017          350
    0.092015 -0.000702497    0.0448338     -16.4928          350
   0.0930188 -0.000627577    0.0740737      29.1309          350
   0.0940421 -0.000507807     0.117786      42.7171          350
   0.0949843 -0.000383002     0.130634      13.6356          350
   0.0960207 -0.000251573     0.127981     -2.55988          350
   0.0970149 -0.000111108     0.140519      12.6113          350
  0.0980215 8.72182e-05    0.198011     57.1154         350
  0.0990233 0.000266146    0.179025     -18.952         350
   0.100006 0.000498744    0.235816     57.7732         350
  0.101047 0.00077176   0.261064    24.2556        350
  0.102015 0.00103286    0.27116    10.4345        350
  0.103013 0.00130003   0.265764   -5.40367        350
  0.104049 0.00163011   0.320612    52.9455        350
  0.104992 0.00195649   0.344752    25.6072        350
  0.106004 0.00232721   0.368015    22.9905        350
   0.10703 0.00274603   0.405692    36.7088        350
  0.108013 0.00315951   0.428079    22.7679        350
  0.109002 0.00361193    0.44969    21.8582        350
  0.110007 0.00415772   0.546284    96.1649        350
  0.111035 0.00467917   0.504993   -40.1637        350
  0.112024 0.00522569   0.555441    51.0109        350
 0.113007 0.0058263  0.604802   50.1777       350
   0.11401 0.00646061   0.638109    33.2306        350
  0.115002 0.00714575   0.685766    48.0152        350
  0.11601 0.0078798  0.732436   46.3096       350
  0.117015 0.00864224   0.763157    30.5557        350
   0.11801 0.00943571   0.793252    30.2559        350
0.119291 0.010568 0.878301  66.3914      350
 0.120542 0.0117218  0.916639   30.6458       350
 0.120979 0.0117218  0.916639         0       350
  0.12199 0.0131006  0.950538   33.5421       350
0.123009 0.014172   1.0519  99.4688      350
 0.124026 0.0152582   1.07607   23.7645       350
 0.125024 0.0163632   1.09986   23.8259       350
 0.126004 0.0175303   1.19923   101.386       350
 0.127007 0.0187492   1.22072   21.4225       350
 0.128001 0.0200205    1.2719   51.4891       350
 0.128996 0.0213256   1.30702   35.3244       350
 0.130002 0.0226968   1.37155   64.1402       350
 0.131027 0.0241426   1.40385   31.5175       350
 0.132052 0.0256361   1.46593    60.512       350
    0.133 0.0270532   1.48339   18.4239       350
 0.134045 0.0286379   1.52827   42.9534       350
  0.13499 0.0301308   1.55957   33.1376       350
 0.136033 0.0317894   1.61832   56.2989       350
  0.13701 0.0334641   1.69209   75.4993       350
 0.138021 0.0351909   1.71869   26.3199       350
  0.13903 0.0370037   1.78969   70.4033       350
 0.140026 0.0388295   1.84504   55.5721       350
 0.141055 0.0407469   1.85243   7.18105       350
 0.142016 0.0425426   1.87762   26.2061       350
 0.143003 0.0444578   1.93116    54.293       350
 0.144006 0.0464369   1.98341   52.0606       350
 0.145007 0.0484501    2.0196   36.1501       350
 0.146004 0.0505196   2.07003   50.6029       350
 0.146995 0.0526024   2.08944   19.5891       350
0.147999 0.054751  2.13828  48.6212      350
 0.148991 0.0569156   2.17141   33.4222       350
 0.150003 0.0591339   2.21884   46.8471       350
0.151028 0.061466  2.26399  44.0525      350
 0.151998 0.0636685   2.28097   17.5069       350
 0.152997 0.0660035   2.32604   45.0952       350
 0.154029 0.0684204   2.36947   42.0902       350
0.155016 0.070796  2.38297  13.6753      350
 0.156028 0.0732379   2.41051   27.2276       350
 0.156994 0.0756544   2.48465   76.6825       350
 0.15802 0.078202  2.51006  24.7739      350
 0.159045 0.0808078    2.5343   23.6651       350
 0.159985 0.0832223   2.56234   29.8325       350
 0.161038 0.0859078   2.55424  -7.69557       350
 0.162046 0.0885371   2.62411   69.3499       350
  0.16304 0.0911603   2.64797   24.0034       350
 0.164032 0.0938056   2.65602     8.112       350
 0.165013 0.0964821   2.70956   54.5772       350
 0.166019 0.0992129   2.73125   21.5777       350
0.167013 0.101962  2.75258  21.4563      350
0.168019 0.104711  2.74317 -9.34889      350
0.168996 0.107426  2.76518  22.5265      350
0.170002 0.110224   2.8009  35.5283      350
0.171044 0.113159  2.80311  2.12578      350
0.172022 0.11587 2.80983 6.85956     350
0.172976 0.11867 2.87621 69.5765     350
0.174018 0.121635  2.87783  1.55399      350
0.175017 0.124531  2.88083  3.00208      350
0.176021 0.127429  2.89914  18.2271      350
0.177014 0.130368  2.94739  48.6254      350
 0.17802 0.133332  2.96438  16.8911      350
0.179012 0.136307  2.98115  16.8925      350
0.180002 0.139259  2.99836  17.3784      350
0.181052 0.142424  3.02672  27.0186      350
0.182013 0.145346  3.02916  2.53774      350
0.183014 0.148354  2.98377 -45.3175      350
0.184021 0.151341  2.98491  1.13639      350
0.184999 0.154339  3.04732  63.7841      350
0.186001 0.157359  3.03242 -14.8742      350
0.187012 0.16047 3.06184 29.0957     350
0.188006 0.163513  3.07723  15.4771      350
 0.18905 0.166767  3.10377  25.4342      350
0.189996 0.169646  3.06098 -45.2309      350
0.191044 0.172902   3.0875  25.2941      350
0.192013 0.175907  3.11899  32.5163      350
0.193013 0.179027  3.10208  -16.911      350
0.194052 0.182255  3.12915  26.0715      350
0.194999 0.185255  3.13001 0.911278      350
0.196021 0.188466  3.17277  41.8112      350
0.196998  0.19158  3.17135 -1.45225      350
0.198003 0.194745   3.1689 -2.44229      350
0.199003 0.19792 3.18162 12.7164     350
0.200002 0.20112 3.19385 12.2537     350
0.201045 0.204491  3.21804   23.174      350
0.202015 0.207608  3.23191  14.3075      350
0.203013 0.210852  3.22787 -4.03891      350
0.204033 0.214115  3.22346 -4.32417      350
0.204993 0.217248  3.22164 -1.90221      350
0.206019 0.220557  3.26244  39.7754      350
0.207031 0.223854  3.24194 -20.2523      350
0.208005 0.22701 3.25503 13.4312     350
0.208997 0.230285  3.28113  26.2948      350
0.210001 0.23359 3.31195 30.7058     350
0.211044 0.237045  3.29795 -13.4293      350
0.212027 0.240256  3.28882 -9.28685      350
0.213029 0.243591   3.3051  16.2449      350
 0.21402 0.246827  3.28156 -23.7465      350
0.215016 0.250115  3.28484  3.29391      350
0.216019 0.253386  3.27453 -10.2751      350
0.217023 0.256688  3.30542  30.7811      350
0.218003 0.259917  3.28201 -23.8814      350
0.218996 0.263182  3.27181 -10.2698      350
0.220002 0.266487  3.30263  30.6163      350
 0.221045  0.269947   3.30248 -0.142716       350
0.222029 0.27318 3.30686 4.44688     350
0.223014 0.276437   3.2829 -24.3432      350
 0.22402 0.279729   3.2861  3.18401      350
0.225013 0.282971  3.24849 -37.8646      350
0.226024 0.28623 3.26629 17.6117     350
0.227015 0.289466  3.22881 -37.8418      350
0.228003 0.292644   3.2343  5.54566      350
0.228995 0.295893  3.25232  18.1628      350
0.230002 0.299122  3.22892  -23.244      350
0.231046 0.302541  3.25749  27.3767      350
0.232044 0.305766  3.24811 -9.40052      350
 0.23301 0.308888  3.21291 -36.4679      350
0.234051 0.312214  3.21545  2.44483      350
0.235003 0.315326  3.25014  36.4039      350
0.236025 0.318568  3.18463 -64.0903      350
0.237014 0.321766  3.21761   33.377      350
0.238019 0.324958  3.19497 -22.5279      350
0.239028 0.328191  3.18542 -9.45525      350
0.239986 0.331213  3.15225 -34.6471      350
0.241044 0.334561  3.16832  15.1719      350
0.241997 0.337574  3.17712  9.24006      350
0.242994 0.340739  3.15502 -22.1626      350
 0.24401 0.343854  3.10602 -48.2395      350
0.245018 0.347059  3.13889  32.6041      350
0.246054 0.350277  3.12965 -8.90935      350
   0.247 0.353283  3.13862  9.47886      350
0.248022 0.356426    3.103 -34.8524      350
0.249016 0.359516  3.09634 -6.70316      350
0.250003 0.362561  3.10454  8.30132      350
0.251044 0.365829  3.12221  16.9684      350
0.251998 0.368773  3.10453 -18.5393      350
0.253006 0.371876  3.08368 -20.6752      350
0.254049 0.375086  3.07462 -8.69277      350
0.254996 0.378086  3.12551  53.7438      350
0.256017 0.381207  3.09034 -34.4648      350
0.257014 0.384297  3.08369 -6.67673      350
0.258024  0.3874 3.09071 6.95321     350
 0.25903 0.390518  3.08351 -7.16167      350
0.259984 0.393461   3.0798  -3.8896      350
0.261044 0.396725   3.0836  3.58455      350
0.262035 0.399749  3.09222  8.69786      350
0.263029 0.402855  3.08523 -7.02841      350
0.264022 0.405891  3.06574 -19.6217      350
0.265013 0.408962  3.08734  21.7989      350
0.266019 0.412033  3.06713 -20.0758      350
0.267012 0.415115  3.08852  21.5494      350
0.268019 0.418172  3.05464 -33.6401      350
0.268997 0.421189   3.0634  8.94895      350
0.270001 0.424278  3.09858  35.0506      350
0.271052   0.4275  3.07534 -22.1174      350
0.272027 0.430492  3.05672 -19.1038      350
0.272994 0.433492   3.0658  9.38644      350
0.274019  0.43658  3.04524 -20.0456      350
0.275017 0.439673  3.08036  35.1905      350
0.276021 0.442755  3.08782  7.42612      350
0.277014  0.44583  3.08146 -6.40729      350
0.278019 0.448919  3.08878  7.27463      350
0.278996 0.451922  3.05598 -33.5746      350
0.280008 0.454969   3.0502 -5.72003      350
0.281044 0.458198   3.0826  31.2711      350
0.282015 0.461187  3.09191  9.58112      350
0.283013 0.464257  3.05777   -34.21      350
0.284022 0.467342  3.07911  21.1566      350
0.285012 0.470417  3.08671  7.67435      350
0.286018 0.473487  3.06651 -20.0538      350
0.287013 0.476574  3.08779  21.3881      350
0.288018 0.479641  3.06765 -20.0553      350
 0.28904 0.482769   3.0742  6.40247      350
0.289983  0.48567  3.04345 -32.6269      350
0.291042 0.488912  3.06167  17.1921      350
0.292029 0.49192  3.0706 9.04671     350
0.292993 0.494899  3.05224 -19.0458      350
 0.29402 0.498024  3.07278  19.9889      350
0.295013  0.50107  3.05305 -19.8705      350
0.296018 0.504118  3.04725 -5.77056      350
0.296998 0.507114  3.04248 -4.86448      350
0.298009 0.510148  3.03696 -5.45477      350
0.298995 0.513176  3.03155 -5.48781      350
