          0 0.000680268  0.00161325           0           0
 0.00102472 0.000651252  -0.0285536     -29.439         100
 0.00199747 0.000653383  0.00214608     31.5597         100
0.00300026 0.00067077  0.0171712    14.9833        100
 0.00399566 0.000642728  -0.0283792     -45.761         100
 0.00501013 0.000645113  0.00232678     30.2679         100
 0.00600982 0.000647402  0.00228084  -0.0459539         100
 0.00699162 0.000649619  0.00223635  -0.0453131         100
 0.00801945 0.000651856  0.00219146  -0.0436809         100
 0.00903201 0.000638678  -0.0129194    -14.9233         100
  0.0100169 0.000641022  0.00240275     15.5569         100
  0.0109928 0.000628353  -0.0127147    -15.4916         100
  0.0119927 0.000630973  0.00260642     15.3223         100
  0.0129879 0.000633546  0.00255487   -0.051809         100
  0.0139916 0.000636073  0.00250422   -0.050457         100
  0.0149922 0.000638553  0.00245453  -0.0496568         100
  0.0159945 0.000640978  0.00240593  -0.0484874         100
  0.0170126 0.000643389  0.00235763  -0.0474444         100
  0.0180187 0.000630637  -0.0127587    -15.0242         100
 0.0190547 0.00064885  0.0176318    29.3364        100
  0.0200315 0.000636243  -0.0128559    -31.2118         100
  0.0210326 0.000638731  0.00246905     15.3078         100
  0.0220239 0.000655982   0.0174926     15.1547         100
  0.0230238 0.000658066  0.00207614    -15.4176         100
  0.0257804 0.000663585  0.00196488  -0.0403616         100
  0.0260079 0.000667677   0.0171401     66.7186         100
  0.0270212 0.000684614   0.0168003    -0.33532         100
  0.0280118 0.000656078  -0.0287418    -45.9729         100
  0.0290768 0.000610855  -0.0432074    -13.5825         100
  0.0300238 0.000628237   0.0179178     64.5463         100
  0.0310342 0.000600586  -0.0276455    -45.0936         100
  0.0320289 0.000618832    0.018111     46.0011         100
   0.033067 0.000606203  -0.0123887     -29.381         100
  0.0340528 0.000624196   0.0179964     30.8209         100
 0.0350237 0.00061224 -0.0124976   -31.4099        100
  0.0360227 0.000630327    0.017889     30.4179         100
  0.0370169 0.000617994   -0.012604    -30.6707         100
  0.0380187 0.000620824   0.0027152     15.2911         100
  0.0390666 0.000592107  -0.0274656    -28.8026         100
  0.0400233 0.000624364   0.0333593      63.573         100
  0.0410385 0.000657502   0.0326929   -0.656467         100
   0.042038 0.000689887   0.0320416   -0.651647         100
  0.043035 0.00072115  0.0314129  -0.630579        100
  0.0440295 0.000782286   0.0609292     29.6813         100
  0.0450358 0.000827072   0.0446531    -16.1732         100
  0.0460641 0.000856847   0.0286753    -15.5381         100
   0.047009 0.000883407   0.0281413   -0.565138         100
  0.0480142 0.000972372     0.08785     59.4014         100
  0.049068 0.00106253  0.0860314   -1.72577        100
 0.0500305 0.00114456  0.0843766   -1.71922        100
 0.0510507 0.00125884   0.112822    27.8824        100
 0.0520294 0.00136802   0.110619   -2.25121        100
 0.0530193 0.00147483   0.108463   -2.17756        100
 0.0540111 0.00162617    0.15153    43.4216        100
 0.0550187 0.00180548   0.178659    26.9255        100
 0.0560367 0.00195271   0.144934   -33.1271        100
 0.0570354 0.00212501   0.172204    27.3043        100
 0.0580618 0.00234572   0.213884    40.6083        100
 0.0590801 0.00255816   0.209594   -4.21281        100
 0.0600212 0.00278191   0.235808    27.8571        100
  0.061049 0.00303308   0.246113    10.0262        100
 0.0619931 0.00326414   0.241448   -4.94194        100
  0.063031 0.00353788   0.266676    24.3083        100
  0.063992 0.00382177   0.291682      26.02        100
 0.0650427 0.00413177   0.300801    8.67811        100
 0.0660086 0.00445228   0.325071    25.1294        100
  0.067009 0.00477008   0.318653   -6.41556        100
 0.0680258 0.00513301   0.357452    38.1561        100
 0.0690641 0.00552533   0.380286    21.9912        100
 0.0700243 0.00591466    0.40316    23.8246        100
  0.071018 0.00633801   0.425356    22.3361        100
 0.0720069 0.00679834   0.462179    37.2338        100
0.0729907 0.0072739  0.483317   21.4878       100
0.0740137 0.0077553  0.473594  -9.50411       100
 0.0750358 0.00827282    0.50927    34.9051        100
 0.0760295 0.00878662   0.514266    5.02739        100
  0.077038 0.00932251   0.534191    19.7567        100
 0.0780151 0.00988182   0.569008    35.6353        100
0.0790665 0.0104802  0.572302   3.13309       100
0.0800233 0.0110207  0.561386    -11.41       100
0.0810335 0.0116344  0.610488   48.6078       100
0.0820148 0.0122399  0.613629   3.20078       100
0.0830266 0.0128559  0.616561   2.89719       100
0.0840628  0.01352 0.633908  16.7416      100
0.0850322 0.0141344  0.636867   3.05273       100
0.0860193 0.0147993  0.669556   33.1174       100
 0.087034 0.0154774  0.671232   1.65217       100
0.0880134 0.0161404  0.673212   2.02089       100
0.0890679 0.0168625  0.689388   15.3398       100
0.0900254 0.017544 0.706358  17.7241      100
0.0910368 0.0182247  0.677234  -28.7966       100
0.0920372 0.0189324   0.70906   31.8133       100
0.0930195 0.0196171   0.69523  -14.0799       100
0.0940123 0.0202972   0.68149  -13.8395       100
0.0950203 0.0209975  0.698094   16.4713       100
0.0960143 0.0216962  0.699355   1.26836       100
0.0970509 0.0224014  0.685109  -13.7423       100
0.0979936 0.023087 0.717362  34.2134      100
0.0990674 0.0238007   0.67218  -42.0758       100
 0.100024 0.0244217  0.644267  -29.1884       100
 0.101042 0.0251024  0.676642   31.7934       100
 0.102029 0.0257801  0.678327   1.70675       100
 0.103035 0.0264609   0.67995   1.61337       100
0.104031 0.027128 0.666474 -13.5347      100
 0.105018 0.0277395  0.623379  -43.6498       100
 0.106007 0.0283775  0.641238   18.0673       100
 0.107018 0.0290092  0.628479  -12.6159       100
 0.108044 0.0296132   0.58552  -41.8637       100
 0.109067 0.0302121    0.5888   3.20649       100
 0.110006 0.0307851  0.607956   20.3929       100
 0.111016 0.0314005  0.610902   2.91898       100
  0.11201 0.0319681  0.568689  -42.4488       100
 0.113023 0.0325295  0.557349   -11.199       100
 0.114033 0.0330845   0.54614  -11.0944       100
 0.115019 0.0336125  0.535474   -10.821       100
 0.115993 0.0341275  0.525072    -10.67       100
 0.116998 0.0346432  0.514654  -10.3722       100
 0.118016 0.0351557  0.504302   -10.163       100
 0.119067 0.0356818  0.509054   4.52169       100
 0.119975 0.0361419  0.484395  -27.1818       100
 0.120965 0.0366398  0.505082    20.887       100
 0.122708 0.0374844  0.488021  -9.79012       100
 0.123234 0.0377222  0.452613  -67.2626       100
 0.123959 0.0377222  0.452613         0       100
  0.12502 0.0385354  0.451674 -0.884231       100
0.125995 0.039025 0.487903  37.1522      100
 0.126996 0.0394329  0.418177  -69.6475       100
 0.127988 0.0398713  0.440063   22.0611       100
 0.129011 0.0403233  0.446305   6.09793       100
 0.129998 0.0407747  0.452554    6.3334       100
 0.130998 0.0412488  0.473722   21.1644       100
 0.131999 0.0416677  0.419134  -54.5407       100
 0.133009 0.0421276  0.455965   36.4779       100
0.134007 0.042514 0.386658 -69.4278      100
 0.135008 0.0429527  0.439289   52.5845       100
 0.135994 0.0433623  0.415639   -23.984       100
 0.137007 0.0437739   0.40732  -8.21768       100
 0.137995 0.0441667  0.399381  -8.02785       100
 0.139019 0.0446007  0.421368   21.4821       100
 0.140002 0.0450218  0.428229   6.98138       100
0.141004 0.045412 0.389593 -38.5649      100
 0.142003 0.0458385  0.427096   37.5325       100
 0.143018 0.0462479  0.403447  -23.2849       100
 0.144003 0.0466675  0.425711   22.6059       100
 0.144999 0.0470812   0.41735  -8.40005       100
0.146005 0.047493 0.409028  -8.2733      100
0.146992 0.047857 0.370928 -38.5998      100
 0.147986 0.0482962  0.438925   68.3601       100
 0.149017 0.0486774  0.369705  -67.1432       100
 0.150001 0.0490784  0.407717   38.6319       100
 0.151024 0.0495174  0.429602   21.4016       100
 0.152014 0.0499193  0.406107  -23.7172       100
 0.153008 0.0503278  0.413225   7.16272       100
 0.154002 0.0507327  0.405043  -8.23345       100
  0.15501 0.0511459  0.412068   6.97048       100
 0.156008 0.0515485  0.403932  -8.14804       100
 0.156986 0.0519681  0.426197   22.7605       100
 0.157986 0.0523703  0.402697  -23.5079       100
 0.159005 0.0527865  0.409662   6.83446       100
 0.159989 0.0531977  0.416726   7.18245       100
 0.160993 0.0536061  0.408475  -8.21843       100
 0.161986 0.0539902   0.38534  -23.2978       100
 0.16299 0.054428 0.437989  52.4404      100
0.164001 0.054833 0.399053 -38.4982      100
 0.165015 0.0551947  0.360996  -37.5404       100
 0.165987 0.0556021   0.41425   54.7726       100
    0.167 0.0559828  0.375806  -37.9581       100
 0.167983 0.0563894  0.413707   38.5467       100
 0.169006 0.0567867  0.390301  -22.8938       100
 0.170004 0.0571398   0.35242  -37.9474       100
  0.17102 0.0575213  0.375465   22.6786       100
 0.172012 0.0578867  0.368081  -7.44415       100
 0.173005 0.0582749  0.390985   23.0701       100
 0.174008 0.0586422   0.36819  -22.7101       100
 0.175006 0.0590192  0.375947   7.77585       100
 0.175988 0.0593963    0.3837   7.89124       100
 0.177001 0.0597619  0.360936  -22.4758       100
 0.177987 0.0601253  0.368966   8.14717       100
 0.179016 0.0604973  0.361451  -7.30222       100
 0.180001 0.0608318  0.339322  -22.4625       100
 0.181007 0.0611496  0.317526  -21.6633       100
0.181988 0.061471 0.326404   9.0518      100
  0.18301 0.0617953  0.319851  -6.41258       100
 0.184003 0.0621544   0.35872   39.1509       100
 0.185009 0.0625214   0.36668   7.91552       100
 0.186004 0.0628657   0.34435  -22.4224       100
 0.187006 0.0632025  0.337545  -6.79275       100
 0.187987 0.0635433  0.346031   8.65206       100
 0.189018 0.0638615  0.308846  -36.0868       100
 0.190015 0.0642083   0.34796   39.2105       100
 0.191006 0.0645159  0.311001  -37.2907       100
 0.192009 0.0648207  0.304843  -6.14212       100
 0.193002 0.0651496  0.328946   24.2557       100
 0.194003 0.0654723  0.322426  -6.51816       100
 0.195008 0.0657579  0.285908  -36.3297       100
 0.195988 0.0660637  0.310475   25.0772       100
 0.197001 0.0663719  0.304248  -6.14413       100
 0.197986 0.0666656  0.298314  -6.02688       100
 0.199016 0.0669823  0.307295   8.71821       100
 0.199999 0.0672639  0.286235  -21.4193       100
 0.201027 0.0675794  0.310612   23.7122       100
0.202019 0.067854 0.274316 -36.5957      100
 0.203003 0.0681489  0.299104    25.186       100
 0.204017 0.0684308  0.278032  -20.7864       100
 0.205001 0.0686842   0.25754  -20.8305       100
 0.205988 0.0689634  0.282644   25.4209       100
  0.20699 0.0692396  0.277065  -5.57291       100
 0.208001 0.0695151  0.271498  -5.50224       100
 0.209018 0.0698161   0.29617    24.258       100
 0.210024 0.0701064  0.290306  -5.83396       100
 0.211008 0.0703585  0.254466  -36.4067       100
 0.212002 0.0706065  0.249458  -5.03907       100
 0.213001 0.0708509  0.244518  -4.94431       100
0.214003 0.071121  0.26981  25.2396      100
0.215005 0.071386 0.264458  -5.3425      100
 0.216003 0.0716294  0.244166  -20.3367       100
 0.216983 0.0719086   0.28464   41.3035       100
 0.217986 0.0721733  0.263917    -20.65       100
 0.219024 0.0724554  0.273596   9.32848       100
 0.220002 0.0727341  0.283337    9.9598       100
 0.221015 0.0729851  0.247514  -35.3373       100
 0.221988 0.0732213  0.242744  -4.90603       100
 0.223003 0.0734627  0.237866  -4.80593       100
 0.224004 0.0737112   0.24822   10.3427       100
 0.225015 0.0739571  0.243252   -4.9134       100
  0.22602 0.0741816  0.223342  -19.8078       100
 0.227014 0.0744144  0.234012   10.7324       100
 0.228008 0.0746557  0.244509   10.5635       100
 0.229033 0.0749013  0.239548  -4.84266       100
0.230001 0.075145 0.249996   10.783      100
 0.231001 0.0754048  0.260121   10.1302       100
0.232017 0.075633 0.224758 -34.8095      100
 0.233014 0.0758677  0.235391   10.6624       100
 0.234001 0.0760959   0.23078   -4.6717       100
 0.235003 0.0763221  0.226211  -4.56323       100
 0.235987 0.0765257  0.206726  -19.7829       100
 0.236992 0.0767582  0.232777   25.9348       100
 0.237985 0.0769865  0.228167  -4.64026       100
 0.239017 0.0772012   0.20845  -19.1214       100
 0.240016 0.0774206  0.219392   10.9432       100
 0.241002 0.0776327  0.215108  -4.34801       100
 0.242002 0.0778586  0.225918    10.814       100
 0.243006 0.0780501  0.191302  -34.4465       100
    0.244 0.0782671  0.217665   26.5233       100
  0.24501 0.0784967  0.228403   10.6347       100
 0.246009 0.0787049  0.208823  -19.6045       100
 0.246987 0.0789207  0.219834   11.2532       100
 0.247986 0.0791065  0.185333  -34.5609       100
 0.24902 0.079278 0.166489 -18.2113      100
 0.250016 0.0794711  0.193336   26.9576       100
 0.251004 0.0796588  0.189546  -3.83516       100
 0.252003 0.0798143  0.155657  -33.9321       100
 0.253002 0.0799966   0.18272   27.1046       100
 0.254002 0.0802059  0.209241   26.5162       100
  0.25501 0.0804114   0.20509  -4.11575       100
 0.255987 0.0806239   0.21617   11.3482       100
 0.256989 0.0808502  0.226972   10.7798       100
 0.257985 0.0810581  0.207399  -19.6399       100
 0.259006 0.0812494  0.188156  -18.8616       100
 0.259999 0.0814632  0.214586   26.6023       100
 0.261007 0.0816291  0.165109  -49.0708       100
 0.261989 0.0818332  0.207103   42.7934       100
  0.26299 0.0820207  0.187941  -19.1451       100
 0.264022 0.0821947  0.169048  -18.2974       100
 0.265008 0.0823881  0.195887   27.2237       100
 0.265995 0.0826085   0.22218   26.6319       100
 0.267006 0.0827825   0.17254  -49.0933       100
 0.267987 0.0829638   0.18425   11.9355       100
 0.269021 0.0831343  0.165428  -18.2067       100
 0.270017 0.0833565  0.222435   57.2295       100
  0.27102 0.0835593  0.202965   -19.425       100
 0.272009 0.0836972  0.138688  -64.9636       100
 0.273014 0.0838627  0.166093   27.2704       100
 0.274005 0.0840404  0.177877   11.8929       100
 0.275009 0.0842301  0.189421   11.5004       100
 0.275988 0.0844127  0.185733   -3.7642       100
 0.276989 0.0845944  0.182062  -3.66645       100
 0.277986 0.0847729  0.178458  -3.61629       100
  0.27902 0.0849685  0.189884   11.0533       100
 0.280003 0.0851523  0.186173  -3.77778       100
 0.281003 0.0852896  0.137277  -48.8989       100
 0.282009 0.0854696  0.179765   42.2186       100
 0.283008 0.0856609  0.191275   11.5195       100
 0.284003 0.0858482  0.187491  -3.80205       100
 0.285019 0.0860347  0.183724  -3.70941       100
 0.285988 0.0862095  0.180193  -3.64264       100
 0.286985 0.0863858  0.176632  -3.57155       100
 0.287985 0.0865739  0.188208   11.5794       100
  0.28902 0.0868106  0.229563   39.9384       100
 0.290017 0.0870205  0.209947  -19.6821       100
0.291013 0.087209 0.190768 -19.2634      100
 0.292003 0.0873808  0.171925  -19.0263       100
 0.293002 0.0875491  0.168524  -3.40437       100
 0.294001 0.0877443  0.195329   26.8328       100
 0.295008 0.0879212  0.176381   -18.819       100
 0.295987 0.0881062  0.188015   11.8757       100
 0.297001 0.0882469  0.139045  -48.3286       100
 0.297984 0.0883959  0.151408   12.5764       100
 0.299017 0.0885957  0.193509   40.7442       100
  0.30002 0.0887548  0.159548  -33.8664       100
 0.301006 0.0889245  0.171492    12.106       100
 0.302001 0.0890772  0.153032  -18.5533       100
 0.303003 0.0892275  0.149996  -3.03163       100
 0.304003 0.0893746  0.147026  -2.96941       100
 0.305005 0.0895643  0.189317   42.1933       100
 0.305988 0.0897319  0.170559  -19.0962       100
  0.30699 0.0898988  0.167188   -3.3621       100
   0.308  0.09008 0.178904  11.6027      100
 0.309024 0.0902431  0.160231  -18.2308       100
 0.310003 0.0904129  0.172174   12.1995       100
 0.311003 0.0905515  0.138625  -33.5429       100
 0.312002 0.0907476  0.196159   57.5794       100
 0.313001 0.0908795  0.131999  -64.2263       100
 0.314047 0.0910291  0.144356   11.8202       100
 0.315022 0.0911827  0.156625   12.5843       100
 0.315991 0.0913172  0.138538  -18.6573       100
 0.317004 0.0914549  0.135757  -2.74544       100
 0.317995 0.0916007  0.148183   12.5382       100
 0.319017 0.0917344  0.130102  -17.6944       100
 0.320003 0.0918749  0.142637   12.7202       100
 0.321018 0.0920323  0.154834   12.0181       100
 0.321988 0.0921797  0.151856  -3.06831       100
 0.323006 0.0923312  0.148796  -3.00642       100
 0.324003 0.0924767  0.145856  -2.94853       100
0.325006  0.09265 0.173103  27.1784      100
 0.326005 0.0927896  0.139536  -33.5853       100
 0.326993 0.0929535  0.166967   27.7773       100
0.327986 0.093117 0.163665 -3.32605      100
 0.329017 0.0932979   0.17539   11.3655       100
 0.330003 0.0934526  0.156893  -18.7668       100
  0.33101 0.0935763  0.123644  -33.0226       100
0.332006 0.093728  0.15133  27.8068      100
 0.333062 0.0938668  0.133145  -17.2095       100
  0.33401 0.0939922  0.130611  -2.67262       100
 0.335038 0.0941228  0.127973  -2.56715       100
    0.336 0.0942725  0.155685    28.799       100
 0.337009 0.0944268  0.152569  -3.08899       100
 0.337989 0.0945891  0.164662   12.3381       100
  0.33902 0.0947245  0.131171  -32.4941       100
 0.340019 0.0948378  0.113508  -17.6846       100
 0.341004 0.0949625  0.126362   13.0441       100
 0.342005 0.0950865  0.123857   -2.5021       100
 0.343002 0.0952376  0.151552   27.7763       100
 0.344002 0.0953711  0.133481  -18.0717       100
 0.345017 0.0955176  0.145897    12.227       100
 0.345988 0.0956137 0.0978421  -49.4981       100
 0.346991 0.0957854  0.171248   73.2188       100
 0.347986 0.0959225   0.13773  -33.6888       100
 0.349019 0.0960618  0.134916  -2.72447       100
0.350018 0.096194 0.132247 -2.66963      100
 0.351011 0.0963074  0.114583   -17.788       100
 0.351987 0.0964324   0.12743   13.1608       100
 0.353009 0.0965747  0.139931   12.2372       100
 0.354009 0.0967267  0.152236   12.3084       100
0.355008 0.096861 0.134149 -18.0973      100
 0.355996 0.0969765  0.116443  -17.9163       100
  0.35699 0.0971193  0.144302   28.0417       100
 0.357985 0.0972606  0.141448  -2.86904       100
 0.359002 0.0974316  0.168746   26.8397       100
 0.360016 0.0975998  0.165349  -3.35105       100
 0.361006 0.0977449  0.147045  -18.4814       100
 0.361989 0.0978723  0.129099  -18.2564       100
 0.363011 0.0980158  0.141577   12.2057       100
 0.364005 0.0981399  0.123696  -17.9939       100
0.365009 0.098276 0.136319    12.57      100
 0.366004 0.0983946  0.118551  -17.8681       100
 0.367006 0.0985406  0.146348   27.7396       100
 0.367986 0.0986818  0.143496  -2.90891       100
 0.369051 0.0988294  0.140514  -2.80119       100
 0.370027 0.0989655  0.137765  -2.81737       100
  0.37101 0.0990979   0.13509  -2.71986       100
 0.372012 0.0992605  0.162555   27.4078       100
 0.373008 0.0993902  0.129185  -33.4999       100
 0.374001 0.0995459  0.156786    27.802       100
 0.375023 0.0996711  0.123504  -32.5631       100
 0.375991 0.0998184  0.151268   28.6903       100
 0.376987 0.0999362  0.118142  -33.2641       100
0.378009 0.100054 0.115765 -2.32426      100
0.379062 0.100204 0.143494  26.3245      100
0.380021 0.100325 0.125674 -18.5881      100
0.381037 0.100434 0.108097 -17.2935      100
0.382028  0.10057 0.136101  28.2754      100
0.383028 0.100704 0.133403 -2.69687      100
0.384032 0.100835 0.130754 -2.63959      100
0.385043 0.100949 0.113071 -17.4887      100
0.385992 0.101084 0.141082  29.5052      100
0.387009 0.101224 0.138255 -2.77888      100
 0.38801  0.10136 0.135515 -2.73891      100
0.389061 0.101515 0.147764  11.6556      100
 0.39003 0.101625 0.114792 -34.0127      100
0.391025 0.101753 0.127586  12.8691      100
0.392027 0.101893 0.140122  12.5064      100
0.393028 0.102001 0.107205 -32.8643      100
0.394027 0.102136 0.135224  28.0679      100
0.395027 0.102238 0.102407 -32.8114      100
0.396011 0.102382 0.145628   43.915      100
0.397043 0.102497 0.112528 -32.0845      100
 0.39799 0.102617 0.125476  13.6651      100
0.399065 0.102747 0.122846 -2.44731      100
0.400038 0.102866 0.120459 -2.45265      100
0.401026 0.102997 0.133169  12.8541      100
0.402026 0.103113 0.115462 -17.7077      100
0.403025 0.103241 0.128248  12.8051      100
0.404028 0.103352 0.110632 -17.5632      100
0.405028 0.103461 0.108441 -2.19013      100
0.406029 0.103597 0.136431  27.9514      100
 0.40701 0.103699 0.103635 -33.4437      100
0.408017   0.1038 0.101587 -2.03466      100
0.409062 0.103921 0.114532  12.3787      100
0.410022 0.104043 0.127427  13.4309      100
 0.411031  0.104139 0.0947443  -32.4066       100
 0.412041  0.104233 0.0928515  -1.87412       100
0.413027 0.104337 0.106109   13.444      100
0.414028 0.104472 0.134144   28.011      100
0.415011 0.104556 0.086316 -48.6436      100
0.416011 0.104671 0.114748  28.4479      100
0.417022 0.104798 0.127548  12.6561      100
0.418013 0.104924 0.125013 -2.55833      100
0.419047 0.105035 0.107392 -17.0375      100
0.420005 0.105136 0.105354 -2.12845      100
0.421023 0.105272 0.133364  27.5011      100
0.422045 0.105359 0.085467 -46.8615      100
0.423013  0.1055 0.14411 60.5979     100
0.424058 0.105631 0.126085 -17.2451      100
 0.42501 0.105778 0.153844  29.1734      100
0.426036 0.105885 0.105558  -47.077      100
0.427009 0.106031 0.148723    44.33      100
0.428056 0.106167 0.130584 -17.3343      100
0.429015 0.106276 0.113015 -18.3126      100
0.430011 0.106387 0.110784 -2.24113      100
0.431003 0.106495 0.108601 -2.19957      100
0.432027 0.106619 0.121481  12.5789      100
0.433027 0.106738 0.119076 -2.40721      100
0.434028 0.106855 0.116718 -2.35337      100
 0.435019  0.106937 0.0843011  -32.7234       100
 0.436017  0.107036 0.0976871   13.4125       100
 0.437027  0.107133 0.0957355  -1.93142       100
0.438013 0.10724 0.10894 13.4037     100
0.439059 0.107383 0.136813  26.6423      100
0.440038   0.1075 0.119084 -18.0965      100
 0.44103 0.107616 0.116743 -2.36103      100
 0.44203  0.10776 0.144571  27.8233      100
 0.443013  0.107855 0.0965393  -48.8856       100
 0.444036  0.107951 0.0945994  -1.89574       100
0.445029 0.108074 0.122866  28.4789      100
 0.44602 0.108194 0.120452 -2.43544      100
0.447039 0.108328 0.133104  12.4188      100
0.448028 0.108488 0.160622  27.8123      100
0.449064 0.108604 0.112141 -46.7892      100
0.450025 0.108725 0.125079  13.4692      100
0.451038 0.108864 0.137636  12.3891      100
 0.452045  0.108954 0.0896877  -47.6111       100
0.453018 0.109054 0.103037  13.7301      100
0.454006 0.109155 0.101003 -2.05854      100
0.455025  0.10924 0.083911  -16.777      100
0.456009 0.109352 0.112407  28.9533      100
0.457011 0.109461 0.110187 -2.21474      100
 0.458013  0.109555 0.0929339  -17.2135       100
0.459053 0.109665 0.106086  12.6469      100
 0.46004 0.109767 0.104013 -2.10143      100
0.461008 0.109926 0.162298  60.2277      100
 0.461998  0.109993 0.0687045  -94.5012       100
0.463012 0.110107 0.112528  43.2492      100
0.464015 0.110218 0.110294 -2.22761      100
0.465022 0.110326 0.108105 -2.17203      100
 0.466031  0.110419 0.0908673  -17.0884       100
 0.46703 0.110553 0.134277  43.4338      100
0.468014 0.110653 0.101519  -33.309      100
 0.46906 0.110804 0.144607  41.1771      100
0.470058 0.110915  0.11161 -33.0705      100
 0.471032  0.111007 0.0943951  -17.6669       100
 0.472031    0.1111 0.0925133  -1.88464       100
 0.473013  0.111144 0.0454981  -47.8864       100
0.474012 0.111249 0.104877  59.4404      100
0.475012 0.111367 0.117869  12.9827      100
0.476031  0.1115 0.13056 12.4634     100
 0.47703 0.111628 0.127977 -2.58528      100
  0.47803  0.111723 0.0953012  -32.6706       100
0.479062  0.11185 0.123489  27.3166      100
 0.480034  0.111924 0.0759011  -48.9446       100
 0.481029  0.111998 0.0743937  -1.51514       100
0.482028 0.112116 0.118132   43.762      100
 0.483013  0.112186 0.0706133  -48.2699       100
0.484044 0.112304 0.114367  42.4221      100
0.485019 0.112413 0.112145  -2.2789      100
 0.486031  0.112494 0.0797722  -31.9864       100
 0.48703 0.112617 0.123403  43.6863      100
 0.488029  0.112708 0.0908225  -32.6065       100
 0.48907 0.112784 0.073904 -16.2494      100
0.490023 0.112912 0.132793  61.8118      100
0.491027 0.113012  0.10002 -32.6437      100
 0.49203  0.11314 0.128172  28.0737      100
 0.493013  0.113234 0.0955299  -33.1983       100
  0.49403   0.11333 0.0936085  -1.88999       100
0.495029 0.113436 0.106824  13.2262      100
0.496029 0.113556 0.119779  12.9494      100
0.497061 0.113693   0.1324  12.2308      100
 0.498012  0.113787 0.0997646  -34.3146       100
 0.49906 0.113937 0.142868   41.126      100
0.500024 0.114058 0.125065  -18.483      100
 0.50103 0.114166 0.107503 -17.4431      100
0.502043 0.114242 0.075215 -31.8947      100
0.503013 0.114358 0.118989  45.1105      100
0.504027  0.11446 0.101532 -17.2154      100
 0.505029   0.11453 0.0693804  -32.1005       100
 0.506032  0.114628 0.0981394   28.6654       100
 0.507037  0.114724 0.0962022  -1.92768       100
0.508014 0.114802 0.079255 -17.3497      100
 0.509032  0.114896 0.0927299    13.236       100
0.510025 0.115002 0.105973  13.3399      100
0.511028 0.115106 0.103869 -2.09735      100
 0.512031  0.115193 0.0867348  -17.0863       100
 0.51303 0.115293 0.100089   13.371      100
0.514014 0.115404 0.113211  13.3357      100
0.515016  0.11553 0.126034  12.7935      100
 0.516039   0.11561 0.0782963  -46.6725       100
 0.517031  0.115702 0.0918158   13.6244       100
0.518031 0.115807 0.105068  13.2527      100
0.519061 0.115897 0.087862 -16.7011      100
 0.520039  0.115981 0.0861601  -1.73974       100
 0.521015  0.116049 0.0694211  -17.1575       100
 0.522012  0.116132 0.0831192   13.7416       100
  0.52303  0.116215 0.0814459  -1.64405       100
 0.524013  0.116308 0.0949309   13.7116       100
 0.525023  0.116386 0.0779779  -16.7782       100
  0.52603  0.116464 0.0764124  -1.55592       100
  0.52703  0.116539 0.0748977  -1.51341       100
 0.52803 0.116642 0.103554  28.6654      100
 0.529068  0.116731 0.0863776  -16.5541       100
 0.530024  0.116827 0.0998052   14.0482       100
 0.531027  0.116925 0.0978211  -1.97667       100
0.532028 0.117036 0.110953  13.1271      100
0.533013 0.117144 0.108787 -2.19787      100
 0.53404 0.117252 0.106601  -2.1293      100
0.535029 0.117387 0.134627  28.3319      100
 0.536029  0.117473 0.0867524  -47.8896       100
 0.537029  0.117558 0.0850343   -1.7174       100
 0.538015  0.117655 0.0984459    13.604       100
  0.53906   0.11774 0.0813502  -16.3634       100
 0.540039  0.117818 0.0797714  -1.61273       100
 0.541042  0.117897 0.0781871  -1.57916       100
 0.542029  0.117987 0.0917288   13.7193       100
 0.543021  0.118061 0.0748692  -16.9986       100
 0.544027  0.118105 0.0432309  -31.4456       100
  0.54503  0.118193 0.0875813   44.2376       100
0.546014 0.118262 0.070801 -17.0415      100
0.547011 0.118317 0.054333 -16.5204      100
0.548034 0.118402 0.083365  28.3712      100
 0.549061  0.118486 0.0816735  -1.64765       100
 0.550022  0.118563 0.0801156  -1.62145       100
 0.55103 0.118672 0.108655   28.319      100
 0.552037  0.118703 0.0311554  -76.9733       100
 0.553015  0.118748 0.0456188    14.778       100
 0.554028  0.118824 0.0748393   28.8444       100
 0.555014  0.118911 0.0884515   13.8141       100
 0.556015  0.118998 0.0866985  -1.75102       100
  0.55703  0.119054 0.0548211  -31.4079       100
 0.558013  0.119092 0.0386807  -16.4155       100
 0.559045  0.119177 0.0830877   43.0451       100
0.560023 0.119213 0.036257 -47.8844      100
0.561038 0.119294  0.08074  43.8278      100
0.562016 0.119387 0.094235   13.792      100
 0.563028  0.119465 0.0772792  -16.7533       100
 0.564013   0.11951 0.0456276  -32.1288       100
 0.565012   0.11954 0.0296552  -15.9926       100
 0.566033  0.119569 0.0290564  -0.58641       100
 0.567029  0.119658 0.0887633   59.9399       100
  0.56803  0.119745 0.0870058  -1.75638       100
 0.569061  0.119786 0.0400362  -45.5502       100
0.570031 0.119853 0.069422  30.2833      100
 0.571032  0.119951 0.0981802   28.7465       100
 0.572045  0.119973 0.0208675  -76.2995       100
 0.573014  0.120051 0.0807645   61.8326       100
 0.574012  0.120145 0.0942367   13.4957       100
0.575013 0.120192  0.04716 -47.0352      100
  0.57603   0.12027 0.0763447   28.6874       100
 0.577029  0.120345 0.0748359  -1.51103       100
 0.578028  0.120388 0.0432148  -31.6461       100
0.579069 0.120478 0.087528  42.5706      100
 0.580039  0.120547 0.0707596   -17.289       100
 0.581029  0.120601 0.0542986  -16.6247       100
 0.582028  0.120639 0.0381547  -16.1644       100
 0.583013  0.120661 0.0223385  -16.0508       100
 0.584029  0.120745 0.0821604   58.8579       100
 0.585028  0.120825 0.0805332   -1.6296       100
  0.58603  0.120904 0.0789338  -1.59538       100
 0.587029  0.120951 0.0472339  -31.7628       100
 0.588021  0.121012 0.0613845   14.2536       100
 0.589062  0.121028 0.0149247  -44.6533       100
 0.590023  0.121042   0.01464 -0.296077       100
 0.591028  0.121071 0.0294179   14.7089       100
 0.592032  0.121115 0.0439022   14.4303       100
 0.593012  0.121158 0.0430494 -0.869699       100
 0.594028    0.1212 0.0421833 -0.852498       100
 0.595029  0.121257 0.0564169    14.221       100
 0.59602 0.121342 0.085453  29.3108      100
 0.597073  0.121413 0.0686321  -15.9692       100
0.598002 0.121462 0.052269 -17.6069      100
 0.599061  0.121564 0.0963606   41.6705       100
 0.600039  0.121612 0.0492738  -48.1112       100
 0.601045  0.121661 0.0482922 -0.975858       100
 0.602029  0.121678 0.0172069  -31.5999       100
 0.603014  0.121739 0.0620862    45.545       100
 0.604012  0.121785 0.0457892  -16.3293       100
 0.605016  0.121845 0.0599481   14.0994       100
0.606038 0.121889 0.043677 -15.9304      100
  0.60703  0.121947 0.0578819   14.3152       100
 0.608013  0.121973 0.0266106  -31.8044       100
 0.609062     0.122 0.0260592 -0.525959       100
 0.610009  0.122068 0.0708012   47.2342       100
  0.61103  0.122108 0.0392371  -30.9032       100
 0.612018   0.12216 0.0535409   14.4774       100
 0.613016  0.122198 0.0374128  -16.1678       100
 0.614013  0.122249 0.0517442   14.3771       100
 0.615022  0.122315 0.0657894   13.9201       100
 0.616023  0.122335 0.0192693  -46.4792       100
 0.617029  0.122384 0.0490229   29.5515       100
  0.61803  0.122432 0.0480523 -0.970489       100
 0.619059  0.122481 0.0470735 -0.950563       100
 0.620023  0.122511 0.0310986  -16.5768       100
 0.621015  0.122556 0.0455587   14.5794       100
 0.622012  0.122615 0.0597294   14.2089       100
 0.623044  0.122676 0.0585105  -1.18072       100
 0.624005  0.122716 0.0423239  -16.8549       100
 0.625017  0.122758 0.0414726 -0.840698       100
 0.626022  0.122799 0.0406474 -0.821757       100
 0.627029  0.122854 0.0549055   14.1478       100
 0.628016  0.122878 0.0236889   -31.626       100
  0.629061   0.122886 0.00813635    -14.883        100
 0.630024  0.122952 0.0682815   62.4732       100
 0.631027  0.122974 0.0217176  -46.4123       100
 0.632026   0.12301 0.0363579   14.6588       100
 0.633022  0.123075 0.0657904   29.5687       100
 0.634011  0.123125 0.0494216  -16.5515       100
  0.635014   0.123128 0.00323235   -46.0499        100
 0.636035  0.123147 0.0182335   14.6837       100
 0.637051  0.123195 0.0480014   29.3019       100
 0.637997  0.123226 0.0320192  -16.8937       100
  0.63906  0.123275 0.0464106   13.5371       100
  0.64001  0.123318 0.0455316 -0.925859       100
0.641029 0.123348  0.02955 -15.6763      100
 0.642037  0.123392 0.0440346   14.3692       100
 0.643047  0.123406 0.0130136  -30.7084       100
 0.644011  0.123447 0.0429119   31.0402       100
  0.64503  0.123459 0.0119153  -30.3902       100
 0.646018  0.123471 0.0116821 -0.236023       100
0.647012 0.123527 0.056664  45.2549      100
 0.648029  0.123538 0.0103218  -45.5634       100
  0.64906  0.123548 0.0101113 -0.204087       100
 0.650011  0.123586 0.0400749   31.5374       100
 0.651071  0.123628 0.0392421 -0.785648       100
 0.652027   0.12368 0.0535614   14.9736       100
 0.653029  0.123702 0.0223629  -31.1265       100
 0.654013  0.123724 0.0219271 -0.442992       100
  0.655014    0.12373 0.00642295   -15.4868        100
 0.656029  0.123752 0.0213613   14.7149       100
 0.657029  0.123788 0.0360086   14.6553       100
 0.658013  0.123838 0.0503782   14.6004       100
 0.659045  0.123873 0.0342858  -15.5916       100
 0.660032  0.123891 0.0185476  -15.9485       100
 0.661028   0.12394 0.0483171   29.8928       100
  0.662028   0.123942 0.00215082   -46.1476        100
 0.663012  0.123988 0.0473257   45.9227       100
  0.66401   0.12405 0.0614594   14.1617       100
 0.665013   0.12408 0.0301011  -31.2636       100
  0.66603  0.124126 0.0445614   14.2206       100
   0.667059    0.124124 -0.00154189    -44.7723         100
 0.668022  0.124152 0.0286378   31.3479       100
  0.669069    0.12415 -0.0020783   -29.3335        100
 0.670041  0.124162 0.0130346   15.5477       100
  0.67103   0.12419 0.0278503   14.9883       100
  0.67203  0.124217 0.0272987 -0.551209       100
0.673014 0.124273 0.056911  30.0952      100
 0.674011  0.124299 0.0256471  -31.3709       100
   0.675012    0.124294 -0.00500034    -30.6131         100
  0.67603   0.12432 0.0252346   29.7129       100
 0.677029  0.124375 0.0548751    29.671       100
 0.678038  0.124429 0.0537863  -1.07837       100
   0.679061    0.124421 -0.00757068    -60.0163         100
0.680038 0.124458 0.037795  46.4091      100
  0.681028   0.124465 0.00691163    -31.213        100
 0.682028  0.124502 0.0369138   29.9829       100
 0.683013  0.124538 0.0361936  -0.73105       100
 0.684028  0.124574 0.0354663 -0.716743       100
 0.685042  0.124609 0.0347556 -0.701204       100
 0.686018  0.124628 0.0190094  -16.1241       100
  0.687038   0.124631 0.00356067   -15.1536        100
 0.688014  0.124679 0.0487075   46.2416       100
  0.68906  0.124714 0.0326381  -15.3601       100
  0.69001  0.124744 0.0320225 -0.647885       100
  0.691031    0.12473 -0.0138242   -44.9288        100
0.692029 0.124777 0.046729  60.6879      100
 0.693028  0.124823 0.0458036 -0.926178       100
  0.69406  0.124854 0.0298045  -15.5013       100
 0.695062  0.124898 0.0442818   14.4439       100
 0.696033  0.124969 0.0735876   30.1712       100
 0.697042  0.124981 0.0118383  -61.2572       100
 0.698004  0.125007 0.0266873   15.4276       100
 0.699061  0.125051 0.0411916   13.7263       100
 0.700004  0.125089 0.0404205 -0.817127       100
 0.700981  0.125128 0.0396319 -0.807533       100
 0.701997  0.125152 0.0237668  -15.6204       100
 0.702994  0.125191 0.0383671   14.6363       100
  0.703979   0.125198 0.00747475   -31.3658        100
  0.704993   0.125206 0.00732601  -0.146646        100
 0.705996  0.125243 0.0373155   29.9132       100
 0.706985  0.125265 0.0215162  -15.9718       100
 0.707993  0.125301 0.0361519   14.5156       100
   0.708995    0.125292 -0.00977335    -45.8629         100
 0.709996  0.125327 0.0356287   45.3297       100
 0.710979  0.125362 0.0349351 -0.706129       100
  0.711992   0.125366 0.00409903   -30.4177        100
 0.712995    0.1254 0.0341561   29.9806       100
 0.713985  0.125419 0.0184183  -15.8905       100
 0.714986  0.125452 0.0331212    14.697       100
 0.715996    0.1255 0.0475256   14.2626       100
0.716996 0.125532 0.031514 -16.0052      100
 0.717994  0.125562 0.0308912 -0.623882       100
 0.718994  0.125608 0.0453492   14.4557       100
 0.719995  0.125668 0.0595198   14.1615       100
  0.72098  0.125695 0.0282157  -31.7915       100
 0.721978  0.125723 0.0276576 -0.558982       100
 0.722985  0.125735 0.0120394   -15.512       100
 0.723996  0.125793 0.0569992   44.4543       100
0.724999 0.125834   0.0408 -16.1618      100
 0.726005  0.125889 0.0550551   14.1649       100
 0.726996  0.125913 0.0238317   -31.496       100
0.727979 0.125951  0.03844  14.8718      100
 0.728995  0.125974 0.0225996  -15.5852       100
   0.729982    0.125966 -0.00798536    -30.9936         100
  0.730994   0.125973 0.00724254    15.0496        100
    0.732  0.125996 0.0221685   14.8316       100
  0.73298  0.126062 0.0669509   45.6899       100
0.733978 0.126082 0.020417 -46.6262      100
 0.734986  0.126102 0.0200111 -0.402928       100
 0.736004  0.126122 0.0196074 -0.396357       100
 0.736996  0.126171 0.0493627   30.0006       100
 0.737994   0.12619 0.0182472  -31.1772       100
 0.738994  0.126238 0.0480253   29.7732       100
 0.739995  0.126255 0.0169342  -31.0711       100
0.741001 0.126316 0.061808  44.5795      100
  0.741983   0.126302 -0.0147588   -77.9666        100
 0.742993  0.126318 0.0156727    30.132       100
0.743994 0.126348 0.030432  14.7533      100
    0.744984     0.126348 -0.000306072     -31.0288          100
 0.745977  0.126363 0.0147702    15.186       100
    0.746977     0.126362 -0.000591911     -15.3669          100
0.747995 0.126377 0.014487  14.8151      100
 0.748994  0.126406 0.0292703   14.7914       100
  0.750009   0.126389 -0.0165193   -45.1046        100
 0.750994  0.126403 0.0139471   30.9332       100
 0.751999  0.126462 0.0588771   44.7306       100
0.752978  0.12649 0.027589 -31.9532      100
 0.753977  0.126501 0.0119734  -15.6316       100
 0.754982  0.126513 0.0117356 -0.236521       100
 0.755996  0.126571 0.0567022   44.3668       100
 0.756996  0.126611 0.0405095  -16.1938       100
  0.75798   0.12668 0.0698633   29.8325       100
  0.758984   0.126688 0.00820266   -61.4162        100
  0.759998   0.126666 -0.0220965    -29.881        100
  0.760999   0.126674 0.00848016    30.5207        100
 0.761996  0.126713 0.0384512   30.0664       100
 0.762979  0.126735 0.0226304  -16.0983       100
 0.763978  0.126757 0.0221832 -0.447907       100
  0.764983   0.126764 0.00667309    -15.423        100
 0.765996  0.126801 0.0366738   29.6145       100
 0.766994  0.126837  0.035949 -0.726031       100
  0.767986   0.126842 0.00510313   -31.1003        100
  0.768994   0.126847 0.00500087  -0.101515        100
0.769981 0.126882 0.035046  30.4172      100
  0.770994   0.126855 -0.0259278   -60.2172        100
 0.771996  0.126875 0.0197948    45.628       100
 0.772986  0.126924 0.0495499   30.0582       100
  0.773997   0.126928 0.00335333   -45.7094        100
 0.774999  0.126976 0.0484954   45.0273       100
    0.776  0.127009 0.0324655  -16.0158       100
 0.777001  0.127056 0.0468939   14.4123       100
 0.777981  0.127101 0.0459784 -0.934569       100
 0.778993  0.127162 0.0601249   13.9743       100
   0.779994     0.12716 -0.00134507    -61.3866         100
 0.780993  0.127174 0.0137513   15.1118       100
 0.781996  0.127203 0.0285478   14.7554       100
 0.782978   0.12726 0.0581376   30.1307       100
 0.783994  0.127287 0.0268334  -30.8069       100
 0.784984  0.127298 0.0112369  -15.7592       100
 0.786006  0.127325 0.0260782   14.5204       100
 0.786999   0.12738 0.0557036   29.8267       100
  0.78798  0.127404 0.0244739   -31.847       100
 0.788994  0.127429 0.0239821 -0.484999       100
 0.789994  0.127467 0.0385768   14.5958       100
0.790991 0.127475 0.007675 -30.9853      100
  0.791996   0.127483 0.00752225   -0.15204        100
 0.792978  0.127505 0.0224484   15.1954       100
  0.793995   0.127512 0.00692925   -15.2655        100
 0.794989  0.127533 0.0218654   15.0268       100
  0.79598   0.12757 0.0365039   14.7733       100
0.796994 0.127621 0.050837  14.1253      100
0.797983 0.127641   0.0197 -31.4846      100
 0.798996  0.127676 0.0343726    14.494       100
  0.799999   0.127664 -0.0115173   -45.7297        100
  0.800997   0.127653 -0.0112893   0.228604        100
 0.801993  0.127687 0.0341442   45.6217       100
 0.802977   0.12772 0.0334782  -0.67653       100
 0.803983  0.127738 0.0177461    -15.64       100
 0.804982  0.127755 0.0173934 -0.353144       100
 0.805999  0.127788 0.0321098   14.4759       100
 0.806978  0.127819 0.0314865 -0.636252       100
 0.807993  0.127835 0.0157863  -15.4689       100
 0.808994  0.127895 0.0606822   44.8563       100
 0.809981  0.127924 0.0293535  -31.7319       100
 0.811013  0.127938 0.0136928   -15.177       100
 0.812029  0.127983 0.0435526   29.4062       100
 0.813037  0.127995 0.0125503  -30.7552       100
  0.814013   0.127978 -0.0178385   -31.1257        100
 0.815021  0.128021 0.0427918   60.1471       100
 0.816023  0.128048 0.0268727  -15.8824       100
 0.817029  0.128059 0.0112686  -15.5128       100
  0.81803   0.12807 0.0110452 -0.223184       100
 0.819062  0.128112 0.0409504   28.9881       100
   0.820041    0.128107 -0.00506219    -46.9907         100
  0.821029   0.128087 -0.0200344   -15.1503        100
 0.822036  0.128098 0.0105017   30.3142       100
 0.823014  0.128108 0.0102969 -0.209551       100
  0.82403  0.128134 0.0251566   14.6238       100
  0.825033   0.128143 0.00958777   -15.5219        100
 0.826021  0.128182 0.0395427   30.3186       100
 0.827028  0.128252 0.0688925   29.1366       100
  0.82803  0.128274 0.0223176  -46.4896       100
 0.829062  0.128296 0.0218626 -0.441174       100
 0.830024  0.128332 0.0365201   15.2287       100
  0.831036   0.128337 0.00565592     -30.51        100
  0.832029   0.128313 -0.0245955   -30.4642        100
 0.833012  0.128333 0.0211001   46.4521       100
 0.834011  0.128369 0.0357526   14.6675       100
 0.835014  0.128389 0.0199738  -15.7424       100
 0.836011  0.128439 0.0497197   29.8263       100
 0.837029  0.128473 0.0336498  -15.7776       100
 0.838033  0.128521 0.0480508   14.3541       100
  0.83906  0.128554 0.0320083  -15.6154       100
 0.840049  0.128585 0.0313864 -0.628732       100
  0.84103   0.12863 0.0458431    14.746       100
 0.84203 0.128645 0.014796 -31.0419      100
 0.843013  0.128659 0.0145076 -0.293168       100
 0.844011  0.128688 0.0292909   14.8162       100
 0.845013  0.128717 0.0287097 -0.579987       100
  0.846015   0.128715 -0.0019987   -30.6449        100
  0.847027   0.128698 -0.0170266   -14.8519        100
   0.848027    0.128696 -0.00161992     15.4078         100
 0.849069  0.128741 0.0436074   43.3891       100
   0.850014    0.128739 -0.00244537    -48.7653         100
  0.85103  0.128783 0.0428045   44.5416       100
 0.852029  0.128794 0.0118176  -30.9966       100
 0.853031  0.128836 0.0417223   29.8642       100
 0.854028  0.128862 0.0258284  -15.9445       100
  0.85503  0.128918 0.0554542   29.5574       100
 0.856029  0.128942 0.0242183   -31.268       100
   0.857019    0.128935 -0.00639793    -30.9281         100
 0.858019  0.128959 0.0238683    30.254       100
 0.859045  0.129014 0.0535106   28.8935       100
 0.860025  0.129051 0.0373975  -16.4436       100
  0.86103  0.129073 0.0215844   -15.728       100
  0.862031   0.129079 0.00608724   -15.4946        100
  0.86302  0.129099 0.0210402   15.1162       100
 0.864018   0.12912 0.0206236 -0.417122       100
 0.865017  0.129155 0.0352848   14.6833       100
 0.866031   0.12919 0.0345765 -0.698589       100
 0.867021  0.129238 0.0489764   14.5501       100
 0.868011  0.129286 0.0480076 -0.977977       100
   0.86906   0.129272 -0.0132378   -58.3822        100
 0.870039  0.129319 0.0473099   61.8649       100
 0.871043   0.12935 0.0313003  -15.9385       100
 0.872023  0.129365 0.0156197  -16.0022       100
 0.873029  0.129381 0.0153085 -0.309272       100
0.874027 0.129441 0.060216  44.9965      100
 0.875028  0.129455 0.0138139  -46.3723       100
 0.876022  0.129483 0.0286159   14.8919       100
 0.877019  0.129511 0.0280504 -0.567322       100
 0.878012  0.129538 0.0274955 -0.558909       100
  0.879061   0.129519 -0.0182623   -43.5989        100
 0.880025  0.129531 0.0122366    31.656       100
 0.881036  0.129543 0.0119931 -0.240803       100
  0.88203  0.129555 0.0117556 -0.238961       100
 0.883023  0.129611 0.0567401   45.2792       100
0.884012 0.129666 0.055622 -1.13008      100
  0.885026   0.129676 0.00931155   -45.7143        100
 0.886018  0.129715 0.0392642   30.1851       100
  0.887029   0.129724 0.00834163   -30.5749        100
  0.88803  0.129747 0.0232462   14.8985       100
   0.889059     0.12974 -0.00735788    -29.7274         100
 0.890011  0.129776 0.0380113   47.6684       100
   0.89103   0.129783 0.00711038   -30.3247        100
 0.892028   0.12982 0.0371098    30.059       100
  0.893028   0.129796 -0.0239038   -61.0035        100
  0.894036   0.129773 -0.0234305   0.469521        100
 0.895033  0.129795 0.0222425   45.8074       100
  0.896013   0.129802 0.00673673   -15.8316        100
 0.897011  0.129824 0.0216733   14.9591       100
 0.89801 0.129875 0.051385  29.7493      100
0.899061 0.129912 0.035255 -15.3446      100
 0.900055  0.129947 0.0345609  -0.69847       100
 0.901034   0.12998 0.0338895 -0.685315       100
 0.902031  0.130028 0.0482905   14.4538       100
 0.903036  0.130045 0.0171968  -30.9337       100
  0.90403  0.130062  0.016856 -0.342968       100
 0.905028  0.130124 0.0617321   44.9329       100
  0.906014   0.130124 0.00023943   -62.3746        100
0.907012 0.130155 0.030375   30.217      100
  0.908012   0.130139 -0.0154356    -45.792        100
    0.909061     0.130139 -5.27568e-05       14.657          100
 0.910009  0.130182 0.0451808   47.7411       100
 0.911011  0.130211 0.0292142  -15.9297       100
 0.912036  0.130241 0.0286261 -0.573942       100
 0.913029  0.130269 0.0280586 -0.571318       100
  0.914016   0.130251 -0.0177047    -46.386        100
 0.915012  0.130279 0.0278553   45.7159       100
 0.916029  0.130307 0.0272944 -0.551607       100
 0.917028  0.130319 0.0116846  -15.6258       100
  0.91803  0.130345 0.0265226   14.8179       100
   0.919059    0.130341 -0.00414831    -29.7854         100
 0.920008  0.130366 0.0260842   31.8523       100
  0.92102  0.130377 0.0104965  -15.4087       100
 0.922014  0.130387 0.0102883 -0.209486       100
 0.923015  0.130412 0.0251539   14.8526       100
  0.924014   0.130392 -0.0205532   -45.7541        100
   0.925032    0.130387 -0.00507221     15.2137         100
   0.926019    0.130382 -0.00497306    0.100425         100
0.927028 0.130423 0.040331  44.9005      100
  0.928028   0.130432 0.00939302   -30.9402        100
0.929062 0.130457 0.024266  14.3836      100
 0.930037   0.13048 0.0238012 -0.476661       100
 0.931032  0.130504 0.0233276 -0.475901       100
  0.932029   0.130512 0.00779687   -15.5727        100
0.933014 0.130534 0.022717  15.1598      100
 0.934012  0.130571 0.0373375    14.639       100
 0.935036  0.130609 0.0365806   -0.7395       100
    0.93603      0.1306 -0.00935095    -46.2214         100
   0.93703   0.130605 0.00590391     15.256        100
 0.938029  0.130641 0.0359264   30.0462       100
  0.93907  0.130693 0.0502589    13.772       100
  0.940039   0.130697 0.00406591   -47.6507        100
  0.94103  0.130746 0.0491993   45.5604       100
 0.94203 0.130764 0.018085 -31.0944      100
  0.943028   0.130752 -0.0124124   -30.5652        100
  0.94403   0.13077 0.0179727    30.315       100
 0.945013  0.130802 0.0326955   14.9884       100
 0.946013  0.130849 0.0471169   14.4121       100
 0.947027  0.130896  0.046171 -0.932847       100
 0.948038  0.130911 0.0151155  -30.7135       100
 0.949069  0.130926 0.0148071 -0.299354       100
 0.950022  0.130955 0.0296007   15.5161       100
 0.951027  0.130969 0.0139428  -15.5885       100
 0.952026  0.130998 0.0287368   14.8022       100
 0.953031  0.131026 0.0281683 -0.565523       100
 0.954024  0.131038 0.0125413   -15.737       100
 0.955029  0.131066 0.0273606   14.7571       100
 0.956027  0.131093 0.0268199 -0.541399       100
 0.957019  0.131134 0.0413694   14.6659       100
 0.958009  0.131144 0.0104118  -31.2654       100
 0.959041  0.131154 0.0101993 -0.205914       100
 0.960021  0.131164 0.0100012 -0.202195       100
 0.961029  0.131174 0.0098016 -0.198021       100
 0.962027  0.131214 0.0397479   30.0057       100
 0.963012  0.131252 0.0389724 -0.787558       100
 0.964011  0.131275 0.0231322  -15.8565       100
0.965013 0.131313 0.037742  14.5761      100
 0.966035  0.131336 0.0219167  -15.4903       100
 0.967029  0.131372 0.0365514   14.7164       100
 0.968031  0.131393 0.0207573  -15.7727       100
  0.969069   0.131398 0.00526864    -14.924        100
  0.970044   0.131404 0.00516627  -0.104984        100
 0.971053  0.131439 0.0351994   29.7445       100
 0.972009  0.131458 0.0194532  -16.4822       100
  0.97303  0.131477 0.0190619  -0.38307       100
 0.974029  0.131511 0.0337547   14.7114       100
 0.975037  0.131544 0.0330862 -0.663013       100
 0.976015  0.131576 0.0324402 -0.660515       100
 0.977012  0.131608 0.0317997 -0.642378       100
 0.978011  0.131624 0.0161009   -15.715       100
  0.97906  0.131656 0.0308293   14.0368       100
 0.980025  0.131671 0.0151651  -16.2424       100
     0.98103     0.131671 -0.000205606     -15.2989          100
 0.982029  0.131701 0.0299379   30.1457       100
0.983012  0.13173 0.029355 -0.59291      100
 0.984034  0.131759 0.0287657 -0.577117       100
 0.985041  0.131787 0.0281882 -0.573294       100
  0.986031   0.131755 -0.0326492   -61.4572        100
 0.987032  0.131798 0.0433458     75.91       100
 0.988013  0.131825 0.0274304  -16.2182       100
   0.989065    0.131822 -0.00326427    -29.1801         100
   0.990041    0.131819 -0.00320117   0.0646681         100
 0.991026  0.131845 0.0270049   30.6615       100
  0.992029   0.131827 -0.0187392    -45.606        100
  0.993036   0.131808 -0.0183685   0.368251        100
 0.994029  0.131851 0.0422738    61.025       100
 0.995028  0.131892 0.0414374 -0.837284       100
 0.996013  0.131917 0.0255572  -16.1275       100
 0.997011  0.131942 0.0250521 -0.505834       100
 0.998014  0.131967 0.0245565   -0.4943       100
 0.999062  0.131992 0.0240462 -0.487116       100
