        0  0.781294 0.0410649         0         0
 0.000993967     0.781293 -0.000746266     -42.0649          180
0.00200582   0.781251 -0.0417274   -40.5013        180
0.00298953  0.781238 -0.013574   28.6195       180
0.00398469  0.781252 0.0140269   27.7351       180
0.00503325   0.781252 7.6685e-05   -13.3041        180
 0.00601935    0.781252 7.51968e-05 -0.00150922         180
0.00702071  0.781266 0.0137386   13.6449       180
  0.00802922     0.781266 -0.000199844     -13.8208          180
0.00907516  0.781294 0.0271227   26.1224       180
 0.0100095   0.781281 -0.0144046   -44.4446        180
   0.0110242      0.78128 -0.000451328       13.751          180
 0.0120156   0.781266 -0.0141106   -13.7785        180
0.0130246  0.781294 0.0271649   40.9078       180
   0.01403    0.78128 -0.0143711   -41.3124        180
0.0150654  0.781321 0.0405694   53.0594       180
 0.016022  0.781333 0.0124544  -29.3925       180
0.0170228  0.781359 0.0258716   13.4053       180
  0.0180328    0.781357 -0.00197395    -27.5714         180
0.0189908  0.781382 0.0254046   28.5799       180
 0.021879  0.781452 0.0239861 -0.491163       180
 0.023011  0.781494 0.0370881   11.5741       180
0.0240312  0.781517 0.0226812  -14.1217       180
0.0250108  0.781611 0.0947075   73.5215       180
0.0260327  0.781704 0.0928177  -1.84937       180
0.0270157  0.781777 0.0731922  -19.9649       180
0.0280356 0.781886 0.107309  33.4495      180
0.0289817 0.782004 0.123068  16.6572      180
0.0300307 0.782147 0.138331  14.5499      180
0.0310576 0.782305 0.153294  14.5712      180
0.032016 0.782501 0.203781  52.6767      180
0.033004 0.782734 0.235365  31.9666      180
0.0340319 0.783005 0.266213  30.0134      180
0.035032 0.783283 0.278751  12.5363      180
0.0360203 0.783607 0.326656   48.474      180
0.0370224 0.783947 0.337943  11.2637      180
0.0380304 0.784332 0.384625  46.3101      180
0.0390148 0.784723 0.394873  10.4105      180
0.0400159 0.785183 0.458212  63.2685      180
0.0410039 0.785682 0.502579  44.9046      180
0.0420322 0.786201 0.510259  7.46902      180
0.0430236 0.786788 0.589149   79.579      180
0.0440373  0.78742 0.630852  41.1366      180
0.045022 0.788072 0.653985  23.4937      180
0.0460436  0.78876 0.676401  21.9417      180
0.0470233   0.7895 0.752204  77.3769      180
0.0480192 0.790284 0.790813  38.7685      180
0.0490141 0.791095 0.810739  20.0279      180
0.0500362 0.791974 0.865613  53.6875      180
0.0510261 0.792926 0.955294  90.5944      180
0.052036 0.793884 0.954092 -1.19005      180
0.0530329 0.794868 0.988679  34.6974      180
0.0540328 0.79591 1.04024 51.5608     180
0.0550225 0.796995  1.09094  51.2341      180
0.0560203 0.798059  1.06945 -21.5412      180
0.0570266 0.799207  1.13702  67.1487      180
0.0580213 0.800379  1.18596  49.1988      180
0.0590048 0.801607  1.23375  48.5882      180
0.0600016 0.80288 1.28064 47.0455     180
0.0610003 0.804193  1.30859  27.9812      180
0.0620279 0.80555 1.33564 26.3276     180
0.0629985 0.806853  1.32746 -8.42792      180
0.0640054 0.808267  1.40783  79.8243      180
0.0650201 0.809708  1.41504   7.1021      180
0.0660009 0.811117  1.44102  26.4918      180
0.0670016 0.812587  1.46578  24.7447      180
0.0680113 0.81412 1.52558 59.2246     180
0.0690236 0.815677  1.53045  4.80295      180
0.0699997 0.817189  1.55435  24.4877      180
0.071007 0.818774   1.5768  22.2877      180
0.0720048 0.820374  1.59892  22.1732      180
0.0729992 0.821972  1.60295  4.05019      180
0.0740032 0.823598  1.62456  21.5199      180
0.0750203 0.825311  1.68074  55.2354      180
0.0760009 0.826923  1.64818 -33.1991      180
0.0769856 0.82859 1.68712  39.542     180
0.0780318 0.830347  1.68793 0.777042      180
0.0790193 0.832059  1.72595  38.5011      180
0.0800107 0.833737  1.71022 -15.8681      180
0.0809994 0.835468   1.7297  19.7014      180
0.0820036 0.837253  1.78442  54.4921      180
0.0829992 0.839019  1.76688 -17.6142      180
0.0839882 0.840796   1.8036  37.1242      180
0.085012 0.842682  1.83813  33.7262      180
0.0860033  0.844498   1.83775 -0.376157       180
0.0870011 0.846303  1.80129 -36.5457      180
0.0880191 0.848165  1.83629  34.3834      180
0.0890231 0.850054   1.8889  52.4029      180
0.0900109 0.851908  1.86959 -19.5525      180
0.0909996 0.853781  1.88621  16.8109      180
0.0920033 0.855701  1.92004   33.703      180
0.0929978 0.857597  1.89989 -20.2631      180
0.0939903 0.859507   1.9339  34.2665      180
0.0950067 0.861459  1.91264 -20.9172      180
0.0959966 0.863352  1.91069 -1.96807      180
0.0970011 0.865268   1.9083 -2.38619      180
0.0979941 0.867212  1.97793  70.1211      180
0.098985 0.869188  1.97431 -3.64542      180
0.100004 0.871207  1.98801  13.4399      180
0.100998 0.873189  1.98427 -3.75686      180
0.102003 0.875189  1.99833  13.9903      180
0.102997 0.877195  2.01225  14.0134      180
0.104002 0.879172  1.97233 -39.7405      180
0.105014 0.881188  1.98607  13.5741      180
0.106007 0.883162  2.00064  14.6686      180
0.107007 0.885208  2.05007  49.4612      180
0.107991 0.887225  2.04564 -4.50292      180
0.108988  0.88925  2.02288 -22.8299      180
0.110008 0.891316   2.0356  12.4708      180
0.110999 0.893339  2.03105 -4.59671      180
0.112005 0.895407  2.06189  30.6407      180
0.112998 0.897436  2.03905 -23.0093      180
0.114008 0.899466  2.01619 -22.6209      180
0.115002 0.901474  2.01194  -4.2812      180
 0.11599 0.903468  2.00796 -4.02221      180
0.116962 0.905481   2.0399  32.8533      180
0.117952 0.907455  2.00002 -40.2811      180
0.119248 0.910025  2.00271  2.07487      180
0.119963 0.911507  2.02708  34.1102      180
0.120967 0.913508  1.98666 -40.2505      180
 0.12197 0.915495  1.98284 -3.81124      180
0.123033 0.917525  1.94183 -38.5937      180
0.124035 0.919424  1.90346 -38.2961      180
0.124993 0.92129 1.95649 55.3306     180
0.125995 0.923237  1.93531 -21.1402      180
0.127021  0.92521  1.93178 -3.44345      180
0.128027 0.927104  1.89352 -38.0431      180
0.128988 0.928929  1.87479 -19.4867      180
 0.13003  0.93084  1.85436 -19.6007      180
0.131029 0.932702  1.85304 -1.31325      180
0.132031 0.934474  1.78094 -71.9916      180
0.133026 0.936275  1.79902  18.1781      180
0.134039 0.938058  1.78115 -17.6305      180
0.135021  0.93981  1.76392 -17.5578      180
0.136022 0.941516  1.71131 -52.5666      180
0.137018 0.943214  1.69515 -16.2175      180
0.138016 0.944879  1.67967 -15.5169      180
0.139024 0.946586  1.68151   1.8144      180
0.140029 0.948178  1.59489 -86.2089      180
0.140997 0.949761  1.61736  23.2196      180
0.142001 0.951314  1.54968 -67.3945      180
0.143007 0.952856  1.53667 -12.9403      180
0.143988 0.954323   1.4889  -48.667      180
0.145021 0.955877  1.51197  22.3379      180
 0.14601 0.957415  1.55351  42.0068      180
0.147022 0.958955  1.52241 -30.7436      180
0.148028 0.960428   1.4745 -47.6062      180
 0.14899 0.961838    1.446 -29.6092      180
0.150024 0.963286  1.41677 -28.2898      180
0.151023 0.964717  1.42416  7.39931      180
0.152037 0.966135  1.41367 -10.3466      180
0.153023 0.967534  1.40356 -10.2644      180
 0.15403 0.968929  1.39353 -9.95223      180
0.155022 0.970292  1.36599 -27.7535      180
0.156025 0.971664  1.37459  8.56928      180
   0.157 0.972993  1.34774 -27.5353      180
0.157979 0.974304  1.33941 -8.50601      180
0.158988 0.975671   1.3481  8.61605      180
 0.15999 0.976991  1.32144 -26.6246      180
0.160993 0.978284  1.29532 -26.0423      180
 0.16199 0.979555  1.26965 -25.7408      180
0.162973 0.980836  1.29822  29.0574      180
 0.16399 0.982144  1.28995 -8.13781      180
0.164994 0.983414  1.26431 -25.5356      180
0.165992 0.984683  1.27496  10.6668      180
0.167022 0.986018  1.30248  26.7473      180
 0.16802 0.987292  1.27674 -25.7852      180
0.168991 0.988514  1.25204 -25.4235      180
0.170022 0.98983 1.29809 44.6628     180
0.171023  0.99112  1.27203 -26.0433      180
0.172023 0.992377  1.26479 -7.24471      180
0.173025 0.993626  1.23955 -25.1855      180
 0.17403 0.994821  1.19726 -42.0932      180
0.175059 0.996109  1.24388  45.2876      180
0.176025 0.997282  1.22018 -24.5425      180
0.177058 0.998558  1.23072  10.2162      180
0.178011  0.99971  1.20744 -24.4236      180
0.179075  1.00094  1.16449 -40.3729      180
0.179991 1.00205 1.19652 34.9586     180
0.181028  1.00326  1.17197 -23.6786      180
0.182034  1.00441  1.14876 -23.0745      180
0.183027 1.00557 1.16162 12.9519     180
0.184031 1.00674 1.17423   12.56     180
0.185063  1.00793  1.15018 -23.3184      180
0.186026 1.00907 1.18173 32.7607     180
0.187022  1.01021  1.14049 -41.4024      180
0.188039  1.01133  1.11782 -22.3016      180
0.189026  1.01243  1.09568 -22.4122      180
0.190034 1.01354 1.10953 13.7363     180
0.191024  1.01462  1.08765 -22.1086      180
 0.19203  1.01571  1.08388 -3.73978      180
0.193025  1.01679  1.08022 -3.68465      180
0.194038 1.01789 1.09428 13.8885     180
0.195023  1.01897  1.09063 -3.71304      180
 0.19602  1.02004  1.06909 -21.6017      180
0.197021   1.0211  1.06581 -3.28229      180
0.198031  1.02215  1.04449 -21.1222      180
0.199009  1.02314  1.00634 -38.9994      180
0.20003 1.02422 1.05724  49.834     180
0.201023  1.02525  1.03637 -21.0309      180
0.202029  1.02627  1.01582 -20.4143      180
0.203024  1.0273  1.0313 15.5537     180
0.204029  1.02831  1.01088 -20.3145      180
 0.20506  1.02933  0.99017 -20.0885      180
0.20602 1.03031 1.02486 36.1492     180
0.207026 1.03137 1.03989 14.9327     180
0.208033  1.03239  1.01923 -20.5077      180
0.209026  1.03337 0.981322 -38.1893      180
0.210032  1.03433 0.961887 -19.3255      180
0.211026  1.03531 0.978411  16.6087      180
0.212033  1.03628 0.976833 -1.56849      180
0.213026  1.03728 0.993098  16.3837      180
0.214031  1.03823 0.955636 -37.2602      180
0.215071  1.03924 0.971616  15.3651      180
 0.216025   1.04017  0.970979 -0.667648       180
0.217027  1.04113 0.951618 -19.3168      180
0.21803 1.04209  0.9684 16.7316     180
0.219026  1.04303 0.931414 -37.1572      180
0.220033  1.04398 0.948538  17.0035      180
0.221011  1.04494 0.983426  35.6473      180
0.222026  1.04592 0.963798 -19.3435      180
0.223027  1.04687  0.94458 -19.2059      180
0.224042   1.0478 0.925802 -18.4967      180
0.225001  1.04868 0.907943 -18.6195      180
0.226028  1.04965 0.961049  51.7285      180
0.227004  1.05057  0.92428 -37.6701      180
0.228019  1.05148 0.905776 -18.2354      180
   0.229   1.0524 0.923628   18.192      180
 0.22999  1.05329 0.905613 -18.1905      180
0.230984  1.05421 0.923287  17.7772      180
0.231986  1.05511  0.90504 -18.2174      180
 0.232992   1.05602  0.904893 -0.146168       180
0.234025  1.05692 0.868588 -35.1512      180
0.234991  1.05778 0.887463  19.5524      180
0.236005  1.05864 0.851921 -35.0434      180
0.237002  1.05952 0.870592  18.7217      180
 0.23803   1.0604 0.870885 0.285308      180
0.239009  1.06124 0.853882 -17.3647      180
0.240029  1.06213 0.872303  18.0558      180
0.241026    1.063 0.872809 0.507846      180
0.242038  1.06384 0.837733 -34.6648      180
0.243024  1.06468 0.838956  1.23911      180
0.244029  1.06553 0.857965  18.9289      180
0.245057  1.06644 0.875996   17.527      180
0.246047  1.06727 0.841129 -35.2393      180
 0.24701  1.06807 0.824899 -16.8578      180
0.248011  1.06891 0.844288  19.3673      180
0.249009  1.06979 0.880884  36.6422      180
0.250031  1.07065 0.845372 -34.7608      180
0.251032  1.07148 0.828649 -16.7078      180
 0.25203  1.07227 0.794448 -34.2526      180
0.253024   1.0731 0.832115  37.9141      180
0.25403 1.07394 0.83343 1.30655     180
0.255067  1.07479 0.816242 -16.5758      180
0.256018  1.07558 0.836519  21.3153      180
0.257021  1.07639 0.802046  -34.369      180
0.258016  1.07713 0.750732 -51.5641      180
0.259024  1.07797 0.824618  73.2798      180
0.260059  1.07877 0.790192 -33.2859      180
0.261007  1.07954 0.792822  2.77402      180
0.262031  1.08031 0.759132 -32.8997      180
 0.26301  1.08106 0.762118   3.0486      180
0.264031  1.08187 0.800178  37.2976      180
0.265025  1.08262 0.748761 -51.6917      180
0.266023  1.08346 0.840824  92.2891      180
0.267026  1.08427 0.806218 -34.4846      180
0.268016  1.08505 0.790508 -15.8706      180
0.269018   1.0858 0.757076  -33.386      180
0.270031  1.08658 0.759637  2.52693      180
0.271024  1.08734 0.762404  2.78709      180
0.272029  1.08808 0.747323 -15.0037      180
0.273025 1.08887 0.78589 38.7452     180
0.274032  1.08961 0.734727 -50.7791      180
0.275021  1.09038 0.773636  39.3435      180
0.276024  1.09115 0.776156  2.51354      180
0.277088  1.09194 0.741955 -32.1418      180
0.278013  1.09266 0.781852  43.1283      180
0.279024  1.09344 0.766126 -15.5559      180
0.280006  1.09418 0.751183 -15.2131      180
0.281026  1.09493 0.736043 -14.8474      180
 0.28203  1.09567 0.739291  3.23462      180
0.283025 1.09641 0.74243 3.15538     180
0.284029  1.09714 0.727743  -14.621      180
0.285023  1.09789 0.748936  21.3111      180
0.286024   1.0986 0.716386 -32.5448      180
0.287033  1.09934 0.737673  21.0873      180
0.288029  1.10007 0.723081  -14.649      180
0.289025  1.10079 0.726558  3.49313      180
0.290052  1.10154 0.729674  3.03308      180
0.291003  1.10219 0.680127 -52.0833      180
0.292122  1.10297 0.700798  18.4821      180
0.293067 1.10364 0.70534 4.80616     180
0.294001  1.10428 0.692358 -13.9016      180
0.295029  1.10498 0.678268 -13.6994      180
0.296012  1.10564 0.665076 -13.4265      180
0.297005  1.10632 0.687482  22.5644      180
0.298005  1.10703 0.709511  22.0302      180
0.298985  1.10766 0.642269 -68.6046      180
0.300002  1.10835 0.682762  39.8218      180
0.300998  1.10899 0.633656 -49.2982      180
0.302051  1.10969 0.673997  38.3077      180
0.303013  1.11035 0.678807  4.99964      180
0.304008  1.11101 0.665459 -13.4068      180
0.305037  1.11166 0.634167 -30.4379      180
0.306003  1.11226 0.621981 -12.6107      180
   0.307  1.11289 0.627436  5.46997      180
0.308004  1.11351  0.61501 -12.3827      180
0.308997  1.11411 0.602844 -12.2424      180
0.309988  1.11467 0.573264 -29.8458      180
0.310999  1.1153 0.61513 41.4342     180
0.312004   1.1159 0.602927 -12.1426      180
0.312999  1.11653 0.626589  23.7654      180
0.314024  1.11713  0.59623 -29.6266      180
0.315028  1.11778 0.637634  41.2504      180
0.316001  1.11837 0.607595 -30.8816      180
0.316999  1.11896  0.59553 -12.0797      180
0.318003  1.11958 0.619324  23.7049      180
0.318999  1.12016 0.571473 -48.0487      180
0.320001  1.12073 0.577963  6.47629      180
0.320997   1.1213 0.566519 -11.4855      180
0.322002  1.12189 0.590888  24.2601      180
0.323031  1.12247 0.561098 -28.9432      180
0.323989  1.12301 0.568217  7.42935      180
 0.32502  1.12359 0.556586 -11.2841      180
0.325998  1.12412 0.545829 -10.9996      180
   0.327  1.12467 0.552771  6.93147      180
0.327988  1.12523 0.559773  7.08306      180
0.328997  1.12582 0.584129  24.1447      180
0.330001  1.12636 0.536975 -46.9444      180
0.330998  1.12692 0.561931  25.0413      180
0.332008  1.12747 0.550792 -11.0323      180
0.332997  1.12799 0.522112 -28.9855      180
0.334002   1.1285 0.511753 -10.3089      180
0.33502 1.12907 0.55478 42.2649     180
0.335998   1.1296 0.544055 -10.9666      180
0.336999  1.13017 0.568837   24.748      180
0.338005  1.13073 0.557563 -11.2155      180
0.338998  1.13124 0.510945  -46.923      180
0.340003  1.13176 0.518623  7.64324      180
0.341002  1.13227 0.508361 -10.2622      180
0.342002   1.1328 0.533884  25.5304      180
0.342997   1.1333 0.505519 -28.5165      180
0.343988  1.13379 0.495637  -9.9679      180
  0.345 1.13432 0.52127 25.3386     180
0.346002  1.13482 0.493165  -28.034      180
0.346998 1.13535 0.53677 43.7963     180
0.348003  1.13584 0.490554  -45.989      180
0.348997  1.13634 0.498644  8.13755      180
0.350048  1.13687 0.524236   24.351      180
0.351037  1.1374 0.53164 7.48684     180
0.352037  1.13787  0.46776 -63.8542      180
0.353023  1.13838 0.511987  44.8719      180
0.354048  1.13889 0.501677 -10.0561      180
 0.35503  1.13939 0.491606 -10.2631      180
0.356003  1.13987 0.499952  8.57121      180
   0.357  1.14032 0.454462 -45.6449      180
   0.358  1.14086 0.534474  80.0171      180
0.359004  1.14135 0.488272 -45.9968      180
0.360006  1.14183 0.478583 -9.67053      180
0.361002  1.14235 0.522471  44.0478      180
0.362005  1.14283 0.476557  -45.819      180
0.362985  1.14332 0.502852  26.8153      180
0.364005  1.14382 0.492738 -9.92064      180
0.365014  1.14429 0.465064  -27.415      180
0.36599 1.14475  0.4739 9.05272     180
   0.367  1.14524 0.482187   8.2051      180
0.368007   1.1457 0.454854 -27.1338      180
0.368998  1.14616 0.463642   8.8689      180
0.370004  1.14665 0.490039  26.2483      180
0.370998  1.14711 0.462551 -27.6413      180
0.372002  1.14758 0.471187  8.60331      180
  0.373 1.14806 0.47964  8.4721     180
0.374003   1.1485 0.434564 -44.9294      180
0.375005  1.14896 0.461503  26.8963      180
0.375999  1.14943 0.470232  8.77761      180
0.376993  1.14988 0.461014  -9.2764      180
0.377991  1.15034 0.451886 -9.14832      180
0.379016  1.15085 0.496047  43.0861      180
    0.38  1.15125 0.415211  -82.095      180
0.380997   1.1517 0.442568  27.4372      180
0.382004  1.15212 0.415984 -26.4025      180
   0.383  1.15256 0.443344  27.4664      180
0.384002  1.15299 0.434574 -8.75174      180
0.385006  1.15342 0.425919 -8.62713      180
0.386005  1.15383 0.417559 -8.36808      180
0.387001  1.15432 0.480423  63.0789      180
0.388002  1.15479 0.470938 -9.47929      180
0.388999  1.15527 0.485311  14.4125      180
0.390003  1.15567 0.398603 -86.3854      180
0.390999  1.15614 0.467808  69.4751      180
0.392003  1.15657 0.434829 -32.8475      180
0.392999  1.15702 0.449933  15.1665      180
0.394011  1.15747 0.440964 -8.86041      180
0.395007  1.15794 0.479701  38.8889      180
0.396005  1.15839 0.446505 -33.2862      180
0.397002  1.15885 0.461344  14.8716      180
0.398006  1.15931 0.452207 -9.10049      180
0.398985  1.15967  0.37227 -81.6962      180
0.400003  1.16011 0.435877  62.4946      180
   0.401  1.16056 0.450979  15.1356      180
0.402004  1.16103 0.465757  14.7193      180
0.402999  1.16146 0.432834 -33.1068      180
0.404007  1.16191 0.447971  15.0094      180
0.405024  1.16243 0.509995  61.0239      180
 0.40599  1.16285 0.429119 -83.6751      180
0.407001  1.16332 0.467912  38.3839      180
0.408003  1.16373 0.411241  -56.567      180
0.408999  1.1642 0.47422   63.24     180
 0.40999  1.16466  0.46495 -9.35074      180
0.410999 1.16515 0.47932 14.2384     180
0.412002  1.16559  0.44614 -33.1037      180
 0.41302  1.16606 0.460868  14.4602      180
0.414031  1.16654 0.475339  14.3122      180
 0.41501    1.167 0.466086 -9.45523      180
0.416002  1.16743 0.433247 -33.1168      180
0.417002  1.16793 0.495754   62.466      180
0.418005  1.16844 0.509652  13.8631      180
0.418999  1.16891 0.475863 -33.9696      180
0.420004   1.1694 0.490139  14.2093      180
0.420998  1.16983 0.433046 -57.4395      180
0.422009  1.17031 0.471867  38.4116      180
0.423017  1.17078 0.462376  -9.4128      180
0.423988  1.17126 0.500931  39.6936      180
0.425003  1.17181 0.538251  36.7784      180
   0.426  1.17231 0.503938 -34.4138      180
0.427002  1.17278 0.470214 -33.6705      180
0.427989 1.17324 0.46104  -9.292     180
0.429001  1.17374 0.499183  37.6875      180
0.430005  1.17421 0.465583 -33.4589      180
0.431005  1.17467 0.456382 -9.20395      180
0.432002  1.17511 0.447354 -9.05434      180
  0.433  1.1756  0.4859 38.6316     180
0.434005  1.17612 0.523684  37.5986      180
0.435003  1.17659 0.465889 -57.8958      180
   0.436  1.17709 0.504127  38.3505      180
0.437002  1.17759 0.494105 -10.0057      180
0.438004  1.17809 0.508039   13.898      180
   0.439  1.17852 0.426847 -81.5086      180
0.440006  1.17901 0.489534  62.3057      180
0.440999  1.17954 0.527246  37.9957      180
0.442004  1.18001 0.469381 -57.5815      180
   0.443  1.18051 0.507511  38.2971      180
0.443989    1.181   0.4976 -10.0193      180
0.445009   1.1815 0.487533  -9.8648      180
0.445989  1.18195 0.454386 -33.8351      180
0.447001  1.18245 0.492643   37.782      180
0.448005  1.18291  0.45919 -33.3357      180
0.449007   1.1834 0.497513  38.2614      180
0.450006  1.18391 0.511379  13.8737      180
0.451001  1.18444 0.524949  13.6325      180
0.452004  1.18491  0.46714 -57.6613      180
0.452988  1.18536 0.458009 -9.27809      180
0.453989  1.18588 0.520092  62.0433      180
0.455006   1.1864 0.509578 -10.3325      180
0.455998  1.18687 0.475879 -33.9689      180
0.457001  1.18736 0.490116   14.194      180
0.457995  1.18786 0.504264  14.2344      180
0.459001  1.18833 0.470437 -33.6453      180
    0.46  1.18882 0.484857   14.431      180
   0.461  1.18932 0.498936  14.0803      180
0.462003  1.18983 0.512771  13.8003      180
0.462999  1.19036 0.526316  13.5877      180
0.464003  1.19085 0.492188 -34.0172      180
0.465007  1.19134 0.482374 -9.76841      180
0.466002  1.19183 0.496606  14.3086      180
0.467007  1.19232 0.486755 -9.80063      180
0.468011   1.1928 0.477067 -9.65392      180
0.469012  1.19331 0.514977  37.8496      180
0.469998  1.19374 0.433818 -82.3033      180
   0.471  1.19421 0.472598  38.6997      180
0.472003   1.1947 0.486945  14.3145      180
0.472999  1.1952 0.50102 14.1232     180
0.474004  1.19567 0.467384 -33.4873      180
0.474985  1.19617 0.505677   39.022      180
0.476008  1.19667 0.495535 -9.91148      180
0.477001  1.19713 0.461998 -33.7728      180
0.477989  1.19763 0.500415  38.8832      180
0.479026  1.19811 0.466416  -32.812      180
0.480001  1.19851 0.410009 -57.8319      180
0.481001  1.19896 0.449271  39.2647      180
0.482004   1.1994 0.440375 -8.86657      180
   0.483  1.19988 0.479079  38.8827      180
0.484003  1.20035 0.469602 -9.44816      180
0.485012  1.20079 0.436552 -32.7403      180
0.485989  1.20118  0.40435 -32.9669      180
0.487001  1.20166 0.467336  62.2483      180
0.488017  1.20215 0.481676  14.1087      180
0.489025  1.20258 0.424623  -56.584      180
 0.49001  1.20298 0.416367  -8.3852      180
   0.491  1.20341 0.431878  15.6731      180
0.492004  1.20388 0.470741  38.7092      180
0.492998  1.20437 0.485137  14.4726      180
0.494025   1.2048 0.427981 -55.6991      180
0.495002  1.20524 0.443325  15.6934      180
0.495997  1.20567 0.434573 -8.79551      180
   0.497  1.20605 0.378538 -55.8652      180
0.497998  1.20645 0.394796   16.294      180
0.498986  1.20688 0.434458  40.1727      180
 0.49999  1.20723 0.354732 -79.4097      180
0.501006  1.20768 0.442387  86.2016      180
0.502006  1.20807 0.386239 -56.1523      180
0.503006  1.20844 0.378606 -7.63724      180
0.504005  1.20882 0.371093 -7.51462      180
0.505024  1.20919 0.363593 -7.36209      180
0.506003  1.20958 0.403983  41.2479      180
0.507002  1.20998 0.395967 -8.02596      180
0.507989  1.21041 0.435681  40.2541      180
0.508985  1.21083 0.427054  -8.6601      180
0.510006  1.21124 0.394761  -31.624      180
   0.511  1.21165 0.410658   15.997      180
0.512008   1.2121 0.449941  38.9612      180
   0.513  1.21251 0.417317 -32.8695      180
0.514004  1.21292  0.40906 -8.23207      180
0.515014  1.21335 0.424552  15.3284      180
   0.516  1.21374 0.392576 -32.4428      180
   0.517  1.21415 0.408478  15.8919      180
0.517989  1.21457 0.424221   15.919      180
0.518986  1.21501 0.439529  15.3674      180
0.520002  1.21544 0.430713 -8.67558      180
0.521006  1.21587 0.422167 -8.50827      180
0.522004  1.21625 0.390108 -32.1374      180
0.523014  1.21664 0.382284 -7.74736      180
   0.524   1.2171 0.469679  88.5623      180
0.525021  1.21753 0.412754 -55.7715      180
0.525988  1.21794 0.428589  16.3746      180
0.527001  1.21834 0.396263  -31.902      180
0.528003  1.21875 0.412132  15.8436      180
   0.529  1.21913 0.380265 -31.9764      180
0.530007  1.21953 0.396457  16.0712      180
   0.531  1.21992 0.388584  -7.9274      180
0.532003  1.22025 0.333482 -54.9614      180
0.532998   1.2207 0.445423  112.458      180
0.534003  1.22109 0.389179 -55.9807      180
0.535003  1.22154 0.452571  63.3665      180
0.536003  1.22194 0.396228 -56.3877      180
0.537002  1.22233 0.388366 -7.86814      180
0.537989   1.2227 0.380798 -7.66724      180
0.538991  1.22315 0.444372  63.4124      180
0.539991  1.22351 0.364442 -79.9927      180
0.540999   1.2239 0.380844   16.267      180
0.542003  1.22429 0.397003  16.0913      180
  0.543 1.22471 0.41285 15.8932     180
0.544003  1.22509 0.380966 -31.7948      180
0.545014  1.22549 0.397031  15.8918      180
   0.546  1.22587 0.389292 -7.84398      180
0.547008 1.22628 0.40522  15.816     180
0.547991  1.22667 0.397396 -7.95972      180
0.548985  1.22708 0.413202  15.8946      180
0.550004  1.22742 0.333779 -77.9419      180
0.550998  1.22784 0.422014  88.7273      180
0.552002  1.22821 0.366244 -55.5492      180
0.552999  1.22857 0.358992 -7.27989      180
0.554003   1.2289 0.328177 -30.6785      180
0.555032   1.2293 0.392571  62.5783      180
0.556001  1.22965 0.361343 -32.2287      180
0.557006  1.22998 0.330454 -30.7306      180
 0.55799  1.23033 0.347719   17.551      180
0.558986  1.23067 0.340834 -6.91167      180
0.560004  1.23108 0.405094  63.1508      180
   0.561  1.23147 0.397074 -8.04635      180
0.562005  1.23184 0.365497 -31.4214      180
0.562999   1.2322 0.358281 -7.26011      180
0.564004  1.23257 0.374886  16.5192      180
0.565006  1.23297 0.391132  16.2168      180
0.566005  1.23335 0.383448 -7.69745      180
0.567002  1.23372 0.375818 -7.64683      180
0.568003  1.23412 0.392106  16.2696      180
0.568985  1.23447  0.36074 -31.9395      180
0.570005  1.23481 0.329779 -30.3691      180
   0.571  1.23515 0.346963  17.2759      180
0.572003  1.23552 0.363807  16.7933      180
   0.573   1.2359 0.380295  16.5287      180
0.574003  1.23625 0.349065 -31.1433      180
0.575027  1.23659 0.342017 -6.88163      180
   0.576  1.23695 0.359111  17.5774      180
0.577002  1.23737 0.423091  63.8627      180
0.577994  1.23773 0.367393 -56.1172      180
0.578988  1.23809 0.360132 -7.30818      180
0.580013  1.23847 0.376622  16.0769      180
   0.581  1.23887 0.392855  16.4467      180
0.582004  1.23923  0.36137 -31.3683      180
0.583001  1.23961 0.377913   16.596      180
0.584009     1.24 0.394145  16.0987      180
0.585006  1.24036 0.362603 -31.6495      180
   0.586  1.24074 0.379189  16.6742      180
0.587001  1.24114 0.395357  16.1617      180
0.588004   1.2415 0.363822 -31.4251      180
0.588986  1.24188 0.380434  16.9245      180
0.590014  1.24226 0.372715 -7.50505      180
   0.591  1.24262 0.365416 -7.40965      180
0.592003    1.243 0.381888  16.4223      180
0.593005  1.24335 0.350617 -31.1982      180
0.594024   1.2437 0.343537 -6.94455      180
0.595022  1.24406 0.360429  16.9295      180
0.595997  1.24445 0.400902  41.5347      180
0.597022  1.24481 0.345364 -54.1468      180
0.597999  1.24516 0.362422  17.4715      180
0.598983  1.24551 0.355324 -7.21026      180
0.600003  1.24591 0.395585  39.4911      180
   0.601  1.24623 0.316615 -79.1449      180
0.602008  1.24664 0.405189  87.9093      180
0.602998  1.24701 0.373459 -32.0301      180
0.604002  1.24733 0.318657  -54.637      180
0.605022  1.24772 0.383301  63.3209      180
0.606003  1.24811 0.399604   16.629      180
0.607002  1.24848 0.367954 -31.6902      180
0.608004  1.24884 0.360675 -7.26179      180
0.608999  1.24919 0.353547 -7.16424      180
 0.60999  1.24956 0.370347   16.946      180
0.611005   1.2499 0.339208 -30.6802      180
0.612002  1.25026 0.356205  17.0516      180
0.612998  1.25056 0.301738 -54.6667      180
0.614004  1.25095 0.390584  88.3472      180
0.615021  1.25132 0.358995  -31.073      180
   0.616  1.25168 0.375754  17.1025      180
   0.617  1.25208 0.392005  16.2638      180
0.618005  1.25241 0.336813 -54.8815      180
0.619003  1.25277 0.353845  17.0697      180
0.619993  1.25311 0.346963 -6.94881      180
0.620999   1.2535 0.387405  40.2246      180
0.621999  1.25386 0.356049 -31.3441      180
0.623014  1.25419 0.325178 -30.4307      180
0.623999  1.25455 0.366269  41.7216      180
0.625015  1.25489 0.335184 -30.5986      180
0.625999  1.25521 0.328665  -6.6206      180
0.626989  1.25551 0.298493 -30.4793      180
0.628004  1.25592 0.411042  110.865      180
0.628991   1.2563 0.379312 -32.1619      180
0.630007  1.25668 0.371669 -7.52541      180
0.630999  1.25702 0.340623 -31.2795      180
0.632006  1.25733 0.310151 -30.2716      180
0.633018  1.25768 0.351326  40.6642      180
0.634021  1.25805 0.368098  16.7287      180
0.635027  1.25839 0.337017 -30.8765      180
0.636019  1.25874 0.354141  17.2694      180
0.636995  1.25906 0.323548 -31.3424      180
0.638009   1.2594 0.340817  17.0337      180
0.639003  1.25978 0.381454  40.8644      180
0.640018  1.26014  0.35012 -30.8872      180
0.640996  1.26045 0.319592 -31.1991      180
0.642005  1.26079 0.336939  17.1882      180
0.643003  1.26114 0.353968  17.0794      180
0.644003  1.26147 0.323272 -30.6915      180
0.645025  1.26184 0.364115  39.9415      180
0.646001  1.26219 0.357098   -7.189      180
0.647007  1.26256 0.373712  16.5249      180
0.648021  1.26289 0.318795 -54.1717      180
0.648996  1.26324 0.360031   42.287      180
0.650002  1.26355 0.305467 -54.2183      180
0.650997 1.26389 0.34684 41.5736     180
0.651986  1.26423 0.340075 -6.83912      180
0.652995  1.26456 0.333254  -6.7601      180
0.654001  1.26492 0.350348  16.9942      180
0.655013  1.26529 0.367012  16.4647      180
0.656005  1.26567 0.383578  16.6988      180
0.657001    1.266 0.328533 -55.2593      180
0.658005  1.26632 0.322028 -6.48222      180
0.659001  1.26663 0.315657 -6.39954      180
0.660001  1.26699 0.356834  41.1703      180
   0.661  1.26732 0.326049  -30.817      180
0.662004  1.26764 0.319585 -6.43314      180
   0.663  1.26795 0.313263 -6.34797      180
0.664019  1.26826 0.306969 -6.17888      180
 0.66501   1.2686 0.348389  41.7918      180
0.666003  1.26897 0.365218    16.96      180
0.667031  1.26936 0.381465  15.7923      180
0.668007   1.2697   0.3504 -31.8417      180
0.668999  1.27004 0.343482 -6.97193      180
0.670004   1.2704 0.360388  16.8233      180
   0.671  1.27069 0.282125 -78.5688      180
0.672003 1.27099 0.30025 18.0749     180
   0.673  1.27133 0.341719  41.6114      180
0.674011  1.27159 0.263826 -77.0176      180
0.675022  1.27195 0.353307  88.5168      180
   0.676  1.27227 0.322772 -31.2299      180
0.677001  1.27259 0.316356 -6.40933      180
0.678007  1.27292 0.333785  17.3153      180
0.678996  1.27325 0.327209 -6.64956      180
0.679989  1.27359 0.344517  17.4421      180
   0.681  1.27393 0.337594 -6.84661      180
0.682005  1.27428 0.354602  16.9166      180
0.683005  1.27461 0.323887 -30.7177      180
0.684004  1.27495 0.341175  17.3058      180
0.685013  1.27531 0.358042  16.7176      180
   0.686  1.27561 0.303643 -55.0993      180
0.687001  1.27598 0.368726  65.0098      180
0.688004  1.27632 0.337725 -30.9371      180
   0.689  1.27667 0.354743  17.0851      180
0.690003  1.27697 0.300311  -54.255      180
0.690999  1.27734 0.365487  65.4142      180
0.692008  1.27767 0.334543 -30.6827      180
0.693001    1.278 0.327905 -6.68469      180
0.694004 1.27835 0.34512 17.1546     180
0.695007  1.27866 0.314545  -30.497      180
0.696027    1.279 0.331896  17.0116      180
0.696983  1.27929 0.301892 -31.3904      180
0.698003  1.27964 0.343221  40.4919      180
0.698998  1.27995 0.312717 -30.6676      180
0.700007  1.28028 0.330206  17.3339      180
0.701002   1.2806 0.323707 -6.52952      180
0.702003  1.28092 0.317278 -6.42644      180
0.702999  1.28123 0.311002 -6.29912      180
   0.704  1.28156 0.328563  17.5502      180
0.705013  1.28189 0.321955 -6.52179      180
0.706005  1.28217  0.29197 -30.2176      180
0.707001  1.28249 0.309878  17.9906      180
0.708003  1.28279 0.303748 -6.11707      180
0.708998 1.28311 0.32144 17.7691     180
0.709995  1.28344 0.338874  17.4986      180
0.710999   1.2838 0.355775  16.8338      180
0.712002  1.28413 0.325022  -30.653      180
0.712999  1.28447 0.342294  17.3309      180
0.714005  1.28481 0.335496 -6.75519      180
0.715014  1.28514 0.328781 -6.65667      180
0.716003  1.28544 0.298655 -30.4542      180
0.716999 1.28578 0.34015  41.647     180
0.718003  1.28609 0.309708 -30.3431      180
0.718992  1.28638  0.30366 -6.11574      180
0.719988  1.28666  0.27394 -29.8356      180
0.720984    1.287 0.339644  65.9757      180
0.721988  1.28733 0.332911 -6.70298      180
0.723002  1.28769 0.349912  16.7586      180
0.723984  1.28798  0.29571 -55.2471      180
0.725005   1.2883 0.313417  17.3403      180
0.726002  1.28863 0.330955  17.5939      180
   0.727  1.28897 0.348096  17.1673      180
0.728007  1.28932 0.341217 -6.82928      180
0.728985  1.28962 0.310831 -31.0777      180
0.730003  1.28986 0.233479 -75.9628      180
0.730998  1.29016 0.299988  66.8805      180
0.732004  1.29048 0.317742  17.6504      180
0.732999  1.29079 0.311457 -6.31287      180
0.734004  1.29109 0.305284  -6.1467      180
0.735034  1.29143 0.322735  16.9311      180
0.736001  1.29175 0.340287  18.1504      180
0.737007  1.29209  0.33353 -6.71877      180
0.738005  1.29239 0.303217 -30.3655      180
   0.739  1.29278 0.392042  89.2573      180
0.740003  1.29312 0.336873 -55.0296      180
0.740998  1.29343 0.306507 -30.5128      180
0.742004   1.2938 0.371546  64.6731      180
0.742999  1.29416 0.364196 -7.38361      180
0.744003   1.2945 0.333271 -30.8096      180
0.745003   1.2948 0.302946  -30.306      180
0.746038   1.2952 0.391611  85.7278      180
0.747005  1.29553 0.336607 -56.8369      180
0.748004  1.29584  0.30626 -30.4007      180
0.748999  1.29609 0.252787 -53.7075      180
0.750007 1.29641 0.31888 65.5978     180
   0.751   1.2967 0.288876 -30.2222      180
0.751988    1.297 0.306952  18.2867      180
0.752998   1.2973  0.30079 -6.10017      180
0.754004   1.2976 0.294822 -5.93193      180
0.755018  1.29791 0.312626  17.5622      180
0.756001  1.29824 0.330239  17.9262      180
   0.757  1.29852 0.276267 -54.0272      180
0.758023  1.29882 0.294402   17.722      180
0.759004   1.2991 0.288658 -5.85449      180
0.760001  1.29941 0.306679  18.0787      180
   0.761  1.29973 0.324301  17.6397      180
0.762002      1.3 0.270471 -53.7058      180
   0.763  1.30031 0.312524  42.1572      180
0.764007  1.30062 0.306348 -6.12994      180
0.765022  1.30097 0.347547  40.6209      180
0.766001  1.30124 0.269684 -79.4604      180
0.767005  1.30153 0.288024  18.2802      180
0.768004  1.30183 0.306039  18.0255      180
0.769001  1.30216 0.323687  17.7123      180
0.770006   1.3025 0.340977  17.1973      180
0.770999  1.30281 0.310531 -30.6457      180
0.772003  1.30306 0.256968 -53.3759      180
0.773005  1.30339 0.323002  65.8658      180
 0.77399  1.30368 0.292984 -30.4931      180
0.775005  1.30397 0.287078  -5.8154      180
0.776002  1.30425 0.281423 -5.67259      180
0.777002  1.30455 0.299545   18.137      180
0.778028  1.3049 0.34089    40.3     180
0.778997  1.30518 0.286887 -55.7204      180
0.779989  1.30543 0.257557 -29.5432      180
0.780998  1.30571 0.276102  18.3925      180
0.782007  1.30603 0.318043  41.5376      180
   0.783  1.30632 0.288032 -30.2431      180
0.784003   1.3066 0.282328 -5.68444      180
0.785016  1.30693 0.324062  41.2163      180
0.786001  1.30726 0.341465  17.6605      180
   0.787  1.30755 0.287277 -54.2429      180
0.788003  1.30786 0.305295  17.9677      180
0.788997  1.30815 0.299262 -6.06856      180
0.790012  1.30845 0.293278 -5.89735      180
0.791003  1.30874 0.287528 -5.79949      180
0.792015  1.30902 0.281756 -5.70337      180
0.793083  1.30934 0.299475  16.5969      180
0.794007  1.30965 0.341493    45.48      180
0.794991  1.30996 0.311088  -30.879      180
0.796017   1.3103 0.328471   16.944      180
0.797005  1.31059 0.298328 -30.5088      180
0.798004  1.31086  0.26874 -29.6319      180
0.798996  1.31115 0.287144   18.555      180
0.800006  1.31141 0.257745 -29.1028      180
0.800997  1.31168 0.276343  18.7567      180
0.802001    1.312 0.318285  41.7851      180
0.802997  1.31236 0.359397  41.2729      180
0.804001  1.31264 0.281166 -77.9585      180
0.805004  1.31292 0.275559  -5.5869      180
0.806024  1.31324 0.317429   41.051      180
0.807006  1.31352 0.287527 -30.4564      180
0.808005   1.3138 0.281856 -5.68004      180
0.809007   1.3141 0.299982  18.0847      180
0.809988  1.31435 0.246708 -54.2744      180
0.810999  1.31466 0.312862  65.4406      180
0.812002  1.31497 0.306673 -6.17451      180
0.812996 1.31529 0.32432 17.7499     180
0.814002  1.31564 0.341591  17.1664      180
0.815018  1.31593 0.287302 -53.4269      180
   0.816  1.31621 0.281725 -5.68042      180
0.817001  1.31651 0.299836  18.0996      180
0.818008   1.3168 0.293905 -5.88943      180
0.818997  1.31711 0.311799  18.0803      180
0.820003  1.31742 0.305612 -6.15487      180
0.820996  1.31772 0.299585 -6.06775      180
0.821999  1.31801 0.293659 -5.90687      180
0.823017  1.31825 0.240318 -52.3954      180
0.823991  1.31855 0.306844  68.3398      180
0.825021  1.31879 0.229466 -75.1266      180
0.826005  1.31908 0.296143  67.7145      180
0.827008  1.31939 0.313986  17.7982      180
 0.82799  1.31965 0.260446 -54.5326      180
0.828982  1.31995 0.302719  42.6119      180
0.830013  1.32021 0.249164  -51.949      180
0.830998   1.3205 0.291698  43.1643      180
0.832001  1.32081 0.309629  17.8775      180
0.832997  1.32109 0.279802 -29.9575      180
0.834002  1.32141 0.321671  41.6631      180
0.835014  1.32168 0.267793 -53.2221      180
0.836008 1.32196 0.28628 18.5907     180
0.837001  1.32227 0.304312  18.1675      180
0.838005  1.32252 0.250867 -53.2331      180
   0.839  1.32281 0.293325  42.6743      180
0.840003  1.32312 0.311217   17.834      180
0.840999   1.3234 0.281353 -29.9802      180
0.842004  1.32368 0.275777 -5.54734      180
0.842999  1.32397 0.294023  18.3387      180
0.844004  1.32426 0.288196 -5.79989      180
0.845009 1.32457 0.30619 17.9056     180
0.846002  1.32487 0.300152 -6.07776      180
0.847005  1.32516  0.29419 -5.94463      180
0.848005  1.32543 0.264663 -29.5431      180
   0.849  1.32569 0.259423 -5.26706      180
0.850004  1.32596 0.277993  18.4826      180
   0.851  1.32624 0.272488 -5.52835      180
0.852026  1.32653 0.290677  17.7165      180
0.852997  1.32683 0.308777  18.6533      180
0.854011  1.32711 0.278933 -29.4188      180
0.855015  1.32739 0.273333 -5.57754      180
   0.856  1.32763 0.244305 -29.4867      180
0.857002  1.32792 0.286861   42.478      180
0.858033  1.32821 0.281028 -5.65507      180
0.858999   1.3285 0.299344  18.9634      180
0.860004  1.32877 0.269704  -29.494      180
0.860998  1.32903 0.264363 -5.36994      180
0.862004  1.32936 0.330239  65.4905      180
0.863009  1.32962 0.252583 -77.2933      180
0.863999  1.32989 0.271336  18.9442      180
0.865009  1.33018 0.289575  18.0556      180
0.866004  1.33041 0.236468  -53.391      180
   0.867  1.33069 0.279206  42.9143      180
0.868004  1.33097 0.273672 -5.50891      180
   0.869  1.33124 0.268253 -5.44243      180
0.870003  1.33155 0.310355  41.9746      180
0.870998  1.33183 0.280509 -29.9846      180
0.872008   1.3321 0.274954 -5.49807      180
0.872999  1.33239 0.293211  18.4247      180
0.873989  1.33268 0.287486 -5.78162      180
0.875004  1.33296 0.281697 -5.70769      180
   0.876  1.33326 0.299861  18.2261      180
   0.877  1.33351 0.246498 -53.3926      180
0.878027  1.33376 0.241511 -4.85275      180
0.878998  1.33403 0.284263  44.0358      180
0.879988  1.33429 0.254996 -29.5651      180
0.881005 1.33459 0.29728  41.563     180
0.882004  1.33488 0.291387 -5.89911      180
0.882998  1.33516 0.285629 -5.79211      180
0.884003  1.33544 0.279973 -5.63033      180
0.885014  1.33575 0.298056  17.8842      180
0.885999  1.33601 0.268542 -29.9515      180
0.887002   1.3363 0.286905  18.3159      180
0.888005  1.33658 0.281224 -5.66624      180
0.888999  1.33686 0.275666 -5.59009      180
0.890008  1.33713 0.270202  -5.4121      180
   0.891  1.33739 0.264847 -5.39918      180
0.892008  1.33763 0.235885 -28.7378      180
0.892986   1.3379 0.278715  43.7833      180
0.893992   1.3382 0.296898  18.0768      180
0.895006  1.33852 0.314617  17.4744      180
0.895988  1.33877 0.261098 -54.4841      180
0.896986  1.33903 0.255913 -5.19588      180
0.898005  1.33931 0.274474   18.228      180
0.899006  1.33955 0.245342 -29.1063      180
0.900004   1.3398 0.240474  -4.8754      180
0.900999  1.34008 0.283137  42.9013      180
0.902003  1.34033 0.253819 -29.1813      180
0.903001  1.34063 0.296201  42.4867      180
0.904003  1.34094 0.314044  17.7971      180
 0.90501  1.34125 0.307776 -6.22977      180
0.906003  1.34148 0.230613 -77.6679      180
0.907009 1.34178 0.29712 66.0863     180
0.908006  1.34207 0.291307  -5.8348      180
0.908986   1.3423 0.238177 -54.2064      180
0.909987  1.34256 0.257178  18.9704      180
0.910987  1.34286 0.299483  42.3386      180
0.912002  1.34316 0.293483 -5.90857      180
0.912999  1.34342 0.263958 -29.6045      180
0.914009  1.34371 0.282417  18.2816      180
0.915016  1.34401 0.300463  17.9183      180
0.916001  1.34423 0.223491 -78.1704      180
0.917007  1.3445 0.26646 42.6878     180
0.918004  1.34478 0.284897  18.4996      180
   0.919  1.34511 0.326669  41.9351      180
0.920002  1.34533 0.225377 -101.082      180
0.920998   1.3456 0.268329  43.1196      180
0.922002  1.34589 0.286724  18.3257      180
0.922998  1.34615 0.257338 -29.4932      180
0.924006  1.34642 0.275945  18.4674      180
0.925005  1.34672 0.294165  18.2437      180
0.925991    1.347 0.288462 -5.78103      180
0.927003  1.34729 0.282643 -5.75257      180
0.928002  1.34754 0.253354 -29.3044      180
0.928986  1.34781 0.272117  19.0826      180
0.930003  1.34808 0.266649 -5.37233      180
   0.931  1.34834 0.261369 -5.29896      180
0.932003 1.34862  0.2799 18.4793     180
0.933025  1.34887 0.250562  -28.697      180
0.934034  1.34915 0.269288  18.5497      180
0.935072 1.34944 0.28748 17.5334     180
0.936012  1.34971 0.282058 -5.76743      180
0.937003  1.34994  0.22908 -53.4541      180
0.938006  1.35021 0.271962  42.7427      180
0.939001  1.35045 0.242875 -29.2567      180
0.940004  1.35076 0.309182  66.0603      180
0.940999  1.35102 0.255651 -53.8042      180
0.942033  1.3513 0.27419 17.9373     180
0.943026  1.35154 0.245059 -29.3221      180
0.944039  1.35185 0.311323  65.4267      180
0.945021  1.35216 0.305201 -6.23389      180
0.946013  1.35241 0.251815 -53.8008      180
0.947011   1.3527 0.294227  42.5061      180
0.948032  1.35295 0.240902 -52.2448      180
0.949027  1.35323 0.283547   42.852      180
0.950032  1.35358 0.349053  65.1534      180
0.951027  1.35385  0.27102 -78.4689      180
 0.95204  1.35412  0.26561 -5.34086      180
0.953032   1.3544 0.284113  18.6418      180
0.954034  1.35463 0.231057 -52.9711      180
0.955022  1.35488 0.250223  19.4026      180
0.956025  1.35512 0.245273 -4.93125      180
0.957025  1.35539 0.264099  18.8314      180
0.958033  1.35565 0.258853  -5.2046      180
0.959016  1.35587 0.230097 -29.2608      180
0.960033   1.3562 0.320283  88.6494      180
0.961025  1.35644 0.242836 -78.0859      180
0.962038  1.3567 0.26173 18.6467     180
0.963027  1.35701 0.303956  42.6969      180
0.964036  1.35728 0.274212 -29.4783      180
0.965051 1.35761 0.31608  41.261     180
0.966012  1.35788 0.286335  -30.958      180
0.967042  1.35819 0.304208  17.3372      180
0.968008  1.35848  0.29837 -6.04792      180
0.968999  1.35875 0.268771 -29.8501      180
0.970031  1.35909 0.334457  63.6569      180
0.971032  1.35937 0.280426 -53.9704      180
0.972032  1.35965 0.274869 -5.56071      180
0.973025  1.35994 0.293139  18.3988      180
0.974017   1.3602 0.263698 -29.6689      180
 0.97502  1.36048 0.282146  18.4004      180
0.976024  1.36074 0.252852 -29.1637      180
0.977022  1.36103 0.295243  42.4956      180
0.978028   1.3613  0.26569 -29.3661      180
0.979005  1.36156  0.26048 -5.33085      180
0.980025 1.36183 0.27903 18.1996     180
0.981027 1.36209 0.24972  -29.25     180
0.982033  1.36236 0.268476  18.6425      180
0.983026  1.36264 0.286873  18.5172      180
0.984031   1.3629 0.257491 -29.2518      180
0.985065  1.36316   0.2522 -5.11788      180
0.986026  1.36342 0.271136  19.6935      180
0.987022  1.36371 0.289464  18.3953      180
0.988034    1.364 0.283705 -5.69636      180
0.989033  1.36425 0.254395 -29.3394      180
0.990035   1.3645 0.249333 -5.04789      180
0.991026  1.36472 0.220703 -28.8876      180
0.992031  1.36498 0.263746  42.8321      180
0.993029  1.36524 0.258514 -5.24615      180
0.994042  1.36552 0.277065  18.3119      180
0.995024  1.36581 0.295354  18.6188      180
 0.99602   1.3661 0.289529 -5.84863      180
0.997012  1.36631 0.212714 -77.4487      180
0.998039  1.36655 0.232143  18.9078      180
0.999028 1.36682 0.27495 43.2747     180
