        0  0.777242 0.0113975         0         0
0.000985861   0.777226 -0.0161605   -27.9532        100
0.0019908  0.777252 0.0251571   41.1147       100
0.00298357  0.777262 0.0109958  -14.2644       100
0.00399637   0.777246 -0.0165532   -27.2007        100
0.00502539  0.777257 0.0111077    26.881       100
0.00597644   0.777241 -0.0164464   -28.9723        100
0.00702071   0.777239 -0.0024479    13.4051        100
 0.00802279    0.777236 -0.00239933   0.0484707         100
0.00900602    0.77722 -0.0160211    -13.854        100
0.0100186  0.777232 0.0116287   27.3068       100
0.0110207  0.777244 0.0113978 -0.230422       100
0.0120192 0.777227 -0.01616 -27.5993      100
0.0130162  0.777239 0.0114919   27.7332       100
  0.0140002    0.777236 -0.00240011    -14.1185         100
  0.0150404    0.777234 -0.00235062   0.0475818         100
0.0160067  0.777245 0.0113645   14.1932       100
  0.0196447    0.777236 -0.00274599     -3.8786         100
0.0199943  0.777245 0.0247848   78.7671       100
0.0209818  0.777283 0.0379613   13.3429       100
 0.0220027   0.777266 -0.0174571   -54.2834        100
  0.0229962    0.777263 -0.00344577     14.1031         100
  0.0239868     0.77726 -0.00337814   0.0682697         100
  0.0249896    0.777257 -0.00331138   0.0665749         100
0.0259817  0.777295 0.0377523   41.3923       100
   0.026984    0.777292 -0.00399299     -41.649         100
0.0280004  0.777316 0.0234158   26.9671       100
 0.0290191   0.777326 0.00928418   -13.8713        100
  0.0300231    0.777321 -0.00456646    -13.7957         100
 0.0310059   0.777317 -0.0044773  0.0907198        100
 0.0320201   0.777327 0.00927689    13.5612        100
  0.0330622    0.777323 -0.00457443    -13.2914         100
0.0340135  0.777358 0.0365273   43.2063       100
0.0349994  0.777381 0.0221426   -14.591       100
0.0359964  0.777403  0.021705 -0.438881       100
0.0370517   0.77744 0.0349177    12.521       100
0.0380142  0.777473 0.0342489   -0.6949       100
0.0390422  0.777536 0.0608819   25.9061       100
0.0400093  0.777568 0.0323628  -29.4915       100
0.0410359  0.777628 0.0590351   25.9804       100
 0.041991  0.777724 0.0989222    41.762       100
0.0430207  0.777796 0.0695893  -28.4859       100
0.0439916 0.777902 0.109252  40.8542      100
0.0449998 0.778024 0.120746  11.3993      100
0.0459926 0.778142 0.118362 -2.40133      100
0.0470004 0.778259 0.116016 -2.32817      100
0.0480089  0.77842 0.158806  42.4295      100
0.0489864 0.778556 0.137927 -21.3598      100
0.0499923 0.778781 0.224148  85.7163      100
0.050992  0.77893 0.148533 -75.6384      100
0.0519917 0.779111  0.18118  32.6572      100
0.0530117 0.779347 0.230896   48.744      100
0.0539749 0.779548 0.208692  -23.053      100
0.0549982 0.779812 0.257839  48.0287      100
0.0559931  0.78008 0.270575  12.8012      100
0.0569932 0.780383 0.300771  30.1905      100
0.0580025 0.780663 0.276976 -23.5767      100
0.0589962 0.781004 0.342698  66.1358      100
0.0600288 0.781351 0.335698 -6.77901      100
0.0609906 0.781719 0.382702  48.8728      100
0.0619924 0.782077 0.357315 -25.3407      100
0.0630143 0.782435 0.350094 -7.06724      100
0.0639913 0.782823 0.396713   47.715      100
0.0650003 0.783249 0.424421  27.4611      100
0.0659924 0.783682 0.433819  9.47381      100
0.0669916 0.784054 0.371856 -62.0128      100
0.0679922 0.784455 0.400072   28.198      100
0.0689943 0.784847 0.392143 -7.91246      100
0.069979 0.785227 0.384485 -7.77731      100
0.0709927 0.785627 0.394557  9.93603      100
0.0719924 0.786013 0.386753 -7.80725      100
 0.07301 0.786417 0.396756  9.83041      100
0.073987 0.786812 0.406925  10.4087      100
0.0749946 0.787199 0.380965 -25.7661      100
0.0759916 0.787607 0.409032  28.1499      100
0.0769942 0.787973 0.365321 -43.5993      100
0.0779932 0.788331 0.358095 -7.23392      100
0.0789905   0.7887 0.368812  10.7464      100
0.0799923 0.789044 0.343709 -25.0572      100
0.0809922 0.789381 0.336896 -6.81394      100
0.0819788 0.789707 0.330318 -6.66709      100
0.0830271 0.790081 0.359084    27.44      100
0.0839913 0.790354 0.280989 -80.9981      100
0.0849955 0.790631 0.275398 -5.56764      100
0.085994 0.790936 0.305537  30.1846      100
0.0869966 0.791183  0.24609 -59.2959      100
0.0879786 0.791455 0.276903  31.3763      100
0.0889778 0.791762 0.307008   30.129      100
0.0899932 0.792031 0.265255 -41.1188      100
0.0910032 0.792294 0.259956 -5.24697      100
0.092005 0.792582 0.290429  30.4175      100
0.0930247 0.792838 0.248957 -40.6702      100
0.0939934 0.793092 0.261968  13.4311      100
0.0949953  0.79335 0.256765 -5.19332      100
0.0959918 0.793636 0.287291  30.6303      100
0.0969923 0.793954 0.317183  29.8804      100
0.0979917 0.794176 0.221933 -95.3024      100
0.0990055 0.794396 0.217482  -4.3909      100
0.0999913 0.794624 0.231032  13.7447      100
   0.101 0.794834  0.20865 -22.1825      100
0.102014 0.795024  0.18665 -21.7115      100
0.103006 0.795222 0.200805  14.2683      100
0.103977 0.795467 0.250305   50.949      100
0.105025 0.795687 0.209548 -38.8877      100
0.106032 0.795911 0.223171  13.5373      100
0.107011 0.796108 0.201037 -22.5932      100
0.107996  0.79625 0.143729 -58.1721      100
0.108999  0.79648 0.229849  85.9415      100
0.110008 0.796688 0.207508 -22.1314      100
0.110984 0.796888 0.203452 -4.15666      100
0.111981 0.797088 0.199431 -4.03255      100
0.112993 0.797284 0.195467  -3.9163      100
0.113992 0.797477 0.191577 -3.89433      100
0.115004 0.797684 0.205542  13.7951      100
0.115996 0.797885 0.201484 -4.09067      100
0.117004 0.798065 0.179694 -21.6271      100
0.117999 0.798224 0.158341 -21.4617      100
0.119015 0.798361 0.137409 -20.5994      100
0.120118 0.798552 0.169917  29.4679      100
0.121275 0.798742  0.16607 -3.32442      100
0.121982  0.79886 0.163695 -3.36216      100
0.122981 0.799002 0.142675 -21.0365      100
0.123985 0.799143 0.139822 -2.84233      100
0.124995 0.799299 0.154833  14.8519      100
0.125983 0.799414 0.116192 -39.1187      100
0.126981 0.799563 0.149485  33.3584      100
0.127988 0.799692 0.128731 -20.6127      100
0.128985 0.799801 0.108385 -20.3957      100
0.129988 0.799925 0.124024  15.5951      100
0.130982 0.800064 0.139373  15.4458      100
0.131966 0.800199 0.136654 -2.76352      100
 0.132966  0.800297 0.0983622  -38.3034       100
0.133984 0.800413 0.114173  15.5232      100
0.135017 0.800528 0.111861 -2.23938      100
0.135996 0.800636 0.109676 -2.23094      100
0.137028 0.800745 0.107468 -2.14026      100
0.138004 0.800849  0.10538 -2.13881      100
0.138988 0.800986  0.13891  34.0689      100
0.140018 0.801089 0.100501 -37.2919      100
 0.141052  0.801173 0.0806575  -19.1816       100
 0.141999  0.801265 0.0969476   17.2105       100
0.143019 0.801416 0.148364  50.4219      100
   0.144 0.801542 0.127662 -21.0954      100
0.145017 0.801669 0.125109 -2.51103      100
0.146027 0.801792 0.122625  -2.4603      100
0.147018 0.801912 0.120197 -2.44798      100
0.148019  0.80203 0.117816 -2.37948      100
 0.148991  0.802125 0.0977362  -20.6628       100
0.150019 0.802223 0.095759 -1.92233      100
0.151018 0.802353 0.129453  33.7448      100
 0.152004  0.802425 0.0735357  -56.6782       100
0.153018 0.802534 0.107646  33.6631      100
 0.153999   0.80262 0.0877532  -20.2661       100
 0.155022  0.802672 0.0504085  -36.5201       100
 0.156018  0.802739 0.0671986   16.8435       100
 0.156996  0.802821 0.0836845    16.861       100
 0.157992  0.802903 0.0820338  -1.65792       100
  0.15902  0.802949 0.0447965  -36.2293       100
 0.160018  0.803028 0.0794986   34.7627       100
 0.161018  0.803106 0.0779242  -1.57455       100
 0.162019  0.803183 0.0763799  -1.54225       100
 0.163017  0.803257 0.0748733  -1.51031       100
 0.16402 0.803366 0.108986  34.0018      100
 0.165004  0.803454 0.0890478  -20.2586       100
 0.166032  0.803544 0.0872372  -1.76115       100
 0.167023  0.803558 0.0143361  -73.5553       100
  0.16799  0.803589 0.0318608   18.1356       100
 0.169018  0.803621 0.0312169 -0.626076       100
 0.170005  0.803669 0.0484029   17.4199       100
  0.17101  0.803717 0.0474398 -0.958622       100
 0.172021  0.803764 0.0464912  -0.93817       100
 0.173061  0.803829 0.0633306   16.1809       100
    0.174  0.803854 0.0265296  -39.2261       100
 0.175017  0.803899 0.0437906    16.967       100
 0.176023  0.803942 0.0429131 -0.872351       100
 0.177019  0.804002 0.0598604   17.0093       100
  0.17799  0.804042 0.0409089  -19.5206       100
 0.178993  0.804064 0.0223024  -18.5415       100
0.179993 0.804175 0.110831  88.5347      100
 0.180992  0.804194 0.0196676  -91.3003       100
 0.181987  0.804231 0.0370794   17.5049       100
 0.183014  0.804287 0.0541084    16.568       100
 0.183994  0.804356 0.0708559   17.0951       100
 0.184997   0.80439 0.0338618     -36.9       100
  0.18602  0.804442 0.0509658    16.707       100
 0.187023  0.804493 0.0499536  -1.00916       100
 0.187979  0.804556 0.0668093   17.6392       100
 0.188983  0.804586 0.0298946  -36.7683       100
 0.189995  0.804634 0.0470876   16.9956       100
 0.191027  0.804681 0.0461322 -0.925492       100
 0.19199 0.804743 0.063044  17.5534      100
  0.19301  0.804787 0.0439815  -18.7026       100
 0.194008  0.804848 0.0609067   16.9506       100
 0.194994  0.804872 0.0241244  -37.3098       100
 0.196007  0.804914 0.0414323   17.0851       100
 0.196997  0.804972 0.0584156   17.1605       100
 0.198034  0.805012 0.0394583  -18.2704       100
 0.199061  0.805051 0.0386553 -0.782015       100
 0.200041  0.805088 0.0379087  -0.76189       100
  0.201016    0.80509 0.00157674   -37.2494        100
 0.202014  0.805162 0.0727221   71.2865       100
   0.202981    0.805163 0.000114195    -75.1394         100
  0.20399  0.805199 0.0356952   35.2558       100
 0.204985  0.805251 0.0527912    17.175       100
  0.205979   0.805232 -0.0194293   -72.7112        100
 0.206997  0.805284 0.0521266   70.2875       100
 0.207994  0.805318 0.0332998  -18.8823       100
 0.209001  0.805386 0.0682291   34.6674       100
 0.209992  0.805399 0.0134962   -55.224       100
   0.210996    0.805395 -0.00456496    -18.0024         100
 0.211993  0.805444 0.0489068   53.5907       100
 0.213024  0.805456 0.0123343  -35.4838       100
  0.21399  0.805485 0.0298969   18.1884       100
 0.214999  0.805497 0.0115089  -18.2113       100
 0.215992  0.805526 0.0290758   17.6947       100
 0.216982  0.805554 0.0285081 -0.573463       100
 0.217999  0.805582 0.0279351 -0.563619       100
 0.219019  0.805629 0.0451579   16.8818       100
 0.219992  0.805672 0.0442876 -0.894426       100
 0.220992  0.805733 0.0612037   16.9093       100
 0.221993  0.805757 0.0244029  -36.7859       100
 0.223011    0.8058 0.0417026    16.989       100
  0.223994    0.80577 -0.0302972   -73.2272        100
   0.22499   0.805776 0.00588996    36.3371        100
 0.225978  0.805799 0.0235708   17.8998       100
 0.226984  0.805858 0.0586921   34.9157       100
 0.227992  0.805898 0.0397223  -18.8186       100
 0.228993  0.805919 0.0211411   -18.556       100
 0.229993  0.805976 0.0563112   35.1894       100
 0.230992  0.806013 0.0374023  -18.9193       100
 0.231993   0.80605 0.0366608 -0.740959       100
 0.233021  0.806086 0.0359156 -0.724897       100
 0.233991  0.806121 0.0352255 -0.711388       100
 0.234992  0.806137 0.0167329  -18.4675       100
      0.236    0.806136 -0.00139251    -17.9937         100
 0.237017  0.806189 0.0520053   52.4758       100
   0.237977    0.806187 -0.00238735    -56.6525         100
 0.238978  0.806256 0.0688352   71.1598       100
 0.239992  0.806306 0.0496618  -18.9132       100
 0.241008  0.806355 0.0486639   -0.9823       100
  0.241996   0.806332 -0.0234729   -72.9772        100
 0.243025  0.806345 0.0125826   35.0551       100
 0.243994  0.806374 0.0301398   18.1112       100
 0.245003  0.806386 0.0117478  -18.2325       100
 0.245995  0.806433 0.0471042   35.6566       100
   0.246979    0.806426 -0.00720496    -55.1414         100
   0.248023    0.806418 -0.00705638    0.142413         100
  0.24899  0.806463 0.0464779   55.3324       100
   0.249993    0.806455 -0.00782552    -54.1652         100
 0.250992  0.806483 0.0279176   35.7627       100
   0.251992    0.806475 -0.00822319    -36.1606         100
  0.25302  0.806503 0.0275224    34.778       100
 0.253997  0.806529  0.026993 -0.541811       100
  0.254994   0.806538 0.00866347   -18.3835        100
  0.255979   0.806546 0.00849449  -0.171533        100
 0.256994  0.806591 0.0439058   34.8816       100
 0.257992  0.806616 0.0252438   -18.699       100
 0.258991  0.806659 0.0425386   17.3126       100
  0.259992   0.806665 0.00610792   -36.3986        100
  0.260992   0.806671 0.00598699  -0.120916        100
  0.261996   0.806659 -0.0119253    -17.837        100
  0.263026   0.806665 0.00610616    17.5028        100
 0.263992  0.806705 0.0415869   36.7449       100
 0.264994  0.806728 0.0229675  -18.5808       100
0.265992 0.806768 0.040308  17.3707      100
 0.266991  0.806808 0.0395099 -0.798914       100
 0.267992  0.806829 0.0209335  -18.5645       100
 0.268991  0.806814 -0.015069  -36.0222       100
  0.27002  0.806835 0.0208158   34.9053       100
 0.270989  0.806855 0.0204154 -0.412907       100
 0.271998  0.806893 0.0378034   17.2372       100
  0.273012   0.806894 0.00145956   -35.8507        100
0.273991 0.806913 0.019229  18.1516      100
 0.274993  0.806932 0.0188471 -0.380838       100
   0.275979    0.806932 0.000682612     -18.425         100
   0.276978    0.806933 0.000669106  -0.0135232         100
 0.277991  0.806952 0.0184474   17.5453       100
  0.279021   0.806952 0.00028279   -17.6483        100
   0.279995    0.806952 0.000277341 -0.00559428         100
 0.280999   0.80697 0.0180658   17.7137       100
 0.281992  0.806988 0.0177081 -0.360045       100
    0.282979     0.806988 -0.000433963     -18.3933          100
0.283992 0.807023 0.035158  35.1421      100
  0.284994   0.806986 -0.0367139   -71.7233        100
  0.286002   0.806968 -0.0181903    18.3717        100
  0.286985   0.806915 -0.0534286   -35.8564        100
 0.287987   0.80697 0.0543931   107.573       100
    0.288986      0.80697 -6.27791e-05     -54.5248          100
 0.289998  0.807024 0.0533141   52.7146       100
 0.291011  0.807077 0.0522438  -1.05703       100
 0.291992  0.807092 0.0156306  -37.3006       100
 0.293008  0.807126 0.0331083   17.2082       100
   0.293989    0.807122 -0.00312991    -36.9456         100
 0.294994  0.807173 0.0503116   53.1539       100
  0.295993   0.807133 -0.0396544     -90.08        100
0.296983 0.807148 0.014509  54.7417      100
   0.297993    0.807144 -0.00357382    -17.8964         100
   0.299016     0.80714 -0.00350222   0.0699992         100
 0.299994  0.807154 0.0143624   18.2666       100
   0.300996    0.807151 -0.00371588    -18.0452         100
 0.301992  0.807165 0.0141517    17.933       100
 0.303019  0.807197 0.0316555   17.0418       100
  0.30399  0.807227 0.0310435 -0.630202       100
 0.305002   0.80724 0.0126322  -18.1957       100
 0.305981  0.807252  0.012386 -0.251454       100
   0.306993    0.807246 -0.00565405    -17.8162         100
 0.307997  0.807294 0.0478402   53.2822       100
 0.308997  0.807323 0.0290983  -18.7522       100
   0.309994    0.807316 -0.00706606    -36.2881         100
0.310997 0.807345 0.028662  35.6118      100
 0.311993  0.807373 0.0280945 -0.569447       100
 0.313009  0.807401   0.02753 -0.555834       100
    0.31399    0.807392 -0.00859959    -36.8348         100
  0.314996   0.807366 -0.0262212   -17.5185        100
   0.315992    0.807358 -0.00790904     18.3749         100
 0.316984  0.807368 0.0100418   18.0946       100
  0.317993   0.807378 0.00984006  -0.200081        100
 0.318993  0.807423 0.0452337   35.4047       100
   0.319993    0.807414 -0.00904386    -54.2815         100
  0.320993   0.807387 -0.0266583   -17.6074        100
   0.321992    0.807379 -0.00833686     18.3447         100
 0.323009  0.807407 0.0274131   35.1574       100
  0.324019   0.807398 -0.0087195   -35.7516        100
 0.324991  0.807424 0.0270463   36.7948       100
   0.325999    0.807415 -0.00907774    -35.8531         100
    0.32698    0.807406 -0.00890029    0.180911         100
 0.327992  0.807433 0.0268615   35.3098       100
 0.328993  0.807478 0.0441243   17.2599       100
 0.329993  0.807539 0.0610434   16.9122       100
0.330991 0.807581 0.042043 -19.0381      100
  0.331993   0.807586 0.00562154   -36.3547        100
  0.333014   0.807592 0.00550803  -0.111136        100
   0.33399   0.807597 0.00540155  -0.109172        100
 0.335003  0.807584 -0.012499  -17.6659       100
 0.335979  0.807607 0.0233382   36.7152       100
 0.336979   0.80763 0.0228761 -0.462238       100
  0.337977   0.807617 -0.0131645   -36.1035        100
  0.338992   0.807604 -0.0128997    0.26094        100
 0.339994  0.807663 0.0585306   71.2487       100
 0.340999  0.807685 0.0217805   -36.587       100
  0.341996   0.807688 0.00355602   -18.2738        100
 0.343021   0.80771 0.0212736   17.2902       100
 0.344002  0.807747 0.0386637   17.7295       100
 0.344995  0.807768 0.0201018  -18.6925       100
 0.345993  0.807787 0.0197042 -0.398237       100
 0.346979  0.807806 0.0193198 -0.390038       100
  0.348025   0.807807 0.00113399    -17.379        100
  0.34899  0.807843 0.0367123   36.8824       100
 0.349993  0.807861 0.0181897  -18.4535       100
   0.350991    0.807861 3.59054e-05    -18.1941         100
0.351991 0.807879 0.017829  17.7901      100
    0.353018     0.807879 -0.000321107     -17.6875          100
  0.353992   0.807861 -0.0181122   -18.2493        100
 0.354999  0.807897 0.0356272   53.4122       100
0.355975 0.807948 0.052735  17.5226      100
  0.356994   0.807929 -0.0194916   -70.8466        100
 0.357995   0.80791 -0.019106  0.385503       100
    0.358992     0.807909 -0.000934087      18.2123          100
   0.359993    0.807908 -0.00091557   0.0185004         100
    0.360994     0.807907 -0.000897425     0.018125          100
       0.362     0.807906 -0.000879673    0.0176524          100
  0.363012   0.807887 -0.0186527   -17.5649        100
  0.363976   0.807869 -0.0182961   0.369934        100
    0.364999     0.807869 -0.000135903      17.7468          100
   0.36598   0.807834 -0.0357279   -36.2779        100
   0.366979    0.807835 0.000567465       36.35         100
 0.367993  0.807854 0.0183476   17.5347       100
 0.368994  0.807872 0.0179843  -0.36296       100
  0.37002  0.807908 0.0354083   16.9681       100
0.371003 0.807924 0.016925  -18.812      100
 0.371996  0.807941 0.0165899 -0.337472       100
 0.373039  0.807976 0.0340419   16.7235       100
 0.373994  0.808008 0.0333878 -0.685393       100
 0.374997  0.808023 0.0149312  -18.3921       100
  0.375981   0.808003 -0.0209533   -36.4874        100
 0.376981  0.808036 0.0328435   53.8007       100
 0.377994   0.80805 0.0143936  -18.2081       100
   0.378993    0.808046 -0.00368532    -18.0975         100
  0.379998   0.808043 -0.0036124  0.0725421        100
   0.380994    0.808039 -0.00354074   0.0719744         100
   0.381992    0.808036 -0.00347077   0.0700793         100
     0.383   0.808032 -0.0034019  0.0683342        100
 0.383991  0.808047 0.0144597   18.0219       100
   0.384995    0.808043 -0.00362083    -18.0217         100
 0.385996  0.808057 0.0142447   17.8328       100
 0.386981  0.808071 0.0139665 -0.282513       100
   0.38798   0.808049 -0.0218981   -35.9101        100
 0.388999  0.808082 0.0319159   52.7859       100
 0.389994  0.808095 0.0134896   -18.516       100
  0.391013   0.808072 -0.0223642   -35.1852        100
     0.392   0.808051 -0.0219253   0.444806        100
   0.393036    0.808047 -0.00368911     17.5996         100
   0.39399   0.808043 -0.0036191  0.0734454        100
0.394999 0.808076 0.032039  35.3405      100
 0.395993  0.808089 0.0136116  -18.5303       100
 0.396981  0.808102 0.0133458 -0.268916       100
 0.397999  0.808116 0.0130777 -0.263483       100
 0.398996  0.808128 0.0128192 -0.259394       100
  0.399996   0.808105 -0.0230224   -35.8442        100
  0.40098  0.808118 0.0130201   36.6303       100
   0.401993    0.808113 -0.00503279    -17.8163         100
 0.403014  0.808126 0.0128592   17.5133       100
   0.403993    0.808121 -0.00518785    -18.4351         100
   0.405004    0.808116 -0.00508421    0.102572         100
  0.405989   0.808093 -0.0227811    -17.955        100
 0.406999  0.808107 0.0132583   35.6931       100
  0.407981   0.808084 -0.0225933   -36.5159        100
  0.408983    0.80808 -0.0043514    18.2042        100
 0.409993  0.808094 0.0135278    17.699       100
 0.410993  0.808107   0.01326 -0.267805       100
   0.411994    0.808102 -0.00479658    -18.0406         100
 0.413013  0.808134 0.0308814   35.0127       100
 0.413993  0.808163 0.0302821 -0.611912       100
 0.414995  0.808175 0.0118876   -18.352       100
 0.415999  0.808187 0.0116524 -0.234219       100
   0.416993     0.80818 -0.00637225    -18.1254         100
 0.417993  0.808192 0.0115479   17.9214       100
 0.418994  0.808203 0.0113192 -0.228609       100
   0.419994    0.808196 -0.00669894    -18.0109         100
 0.420994  0.808225 0.0290217   35.7232       100
   0.421993    0.808218 -0.00714077    -36.2082         100
0.423011 0.808229 0.010794  17.6168      100
 0.424021   0.80824 0.0105779 -0.213812       100
 0.424997  0.808284 0.0459738   36.2986       100
  0.425981   0.808294 0.00948105   -37.0789        100
 0.426978  0.808339 0.0448823   35.4884       100
   0.427996    0.808329 -0.00939459    -53.3522         100
  0.428993   0.808338 0.00858538    18.0286        100
   0.429993    0.808328 -0.00937859    -17.9653         100
   0.430994    0.808319 -0.00919271    0.185618         100
  0.431993   0.808328 0.00878328    17.9945        100
  0.433014   0.808337 0.00860592  -0.173764        100
   0.433997    0.808327 -0.00935864    -18.2752         100
   0.434999    0.808318 -0.00917225    0.186097         100
  0.435985   0.808309 -0.0089924   0.182343        100
  0.436994   0.808318 0.00897962    17.8077        100
   0.437979    0.808309 -0.00899217    -18.2384         100
  0.438994   0.808319 0.00897983    17.7115        100
0.439994 0.808345 0.026596  17.6259      100
  0.441011   0.808353 0.00826986   -18.0182        100
  0.442008   0.808326 -0.0274824   -35.8489        100
 0.443028  0.808371 0.0442354   70.3312       100
  0.443978   0.808378 0.00779358   -38.3655        100
 0.444995  0.808386 0.0076365 -0.154332       100
  0.445994   0.808393 0.00748558   -0.15118        100
  0.446993   0.808401 0.00733737  -0.148366        100
  0.448009    0.80839 -0.0106014   -17.6414        100
 0.448996  0.808415 0.0251984   36.2869       100
  0.449993   0.808422 0.00690607   -18.3461        100
 0.450993  0.808464 0.0423573   35.4707       100
     0.452   0.808452 -0.0118634    -53.814        100
  0.453013   0.808404 -0.0472053   -34.8787        100
   0.45399   0.808394 -0.0106952    37.3681        100
  0.454999   0.808383 -0.0104817   0.211711        100
  0.455988   0.808355 -0.0280716    -17.782        100
  0.456996   0.808363 0.00807338    35.8569        100
0.457994 0.808407 0.043502  35.4904      100
  0.458993   0.808414 0.00705316   -36.4863        100
  0.459994   0.808421 0.00691337  -0.139727        100
     0.461   0.808427 0.00677646  -0.135986        100
   0.46198   0.808434 0.00664428  -0.134922        100
   0.46301   0.808422 -0.0112798   -17.4107        100
 0.463991  0.808446 0.0245338   36.4773       100
 0.465003  0.808471 0.0240452  -0.48314       100
 0.465981  0.808494 0.0235771 -0.478529       100
    0.467  0.808517 0.0231032 -0.465149       100
 0.467994  0.808558 0.0404404   17.4424       100
  0.468994   0.808562 0.00405169   -36.3653        100
      0.47   0.808566 0.00397146 -0.0797723        100
  0.470995    0.80857 0.00389281 -0.0790737        100
     0.472   0.808538 -0.0317708   -35.4801        100
  0.473034   0.808524 -0.0133424    17.8262        100
  0.473993   0.808494 -0.0308805    -18.285        100
  0.474987   0.808499 0.00531711    36.4261        100
  0.475982   0.808469 -0.0303771   -35.8678        100
  0.476994   0.808475 0.00581521    35.7601        100
 0.477993  0.808534 0.0590818   53.2832       100
  0.479001   0.808521 -0.0132647    -71.787        100
 0.479995  0.808543 0.0225858   36.0768       100
 0.480993  0.808583 0.0399339   17.3825       100
  0.481995   0.808587 0.00355438   -36.3129        100
0.483013 0.808608 0.021275  17.4065      100
  0.483993   0.808611 0.00306336   -18.5852        100
  0.485001   0.808578 -0.0325841   -35.3633        100
  0.486009   0.808582 0.00365225    35.9305        100
  0.486993   0.808586  0.0035813 -0.0721578        100
  0.488001   0.808553 -0.0320755   -35.3559        100
  0.488999   0.808557 0.00414752    36.3036        100
   0.48998   0.808561 0.00406668 -0.0823788        100
  0.491015   0.808566 0.00398336 -0.0805346        100
  0.491981   0.808552 -0.0138932   -18.4998        100
 0.493026  0.808575 0.0219664   34.3079       100
   0.49402   0.808561 -0.0140564   -36.2588        100
 0.494989  0.808582 0.0218122   37.0187       100
  0.495992   0.808586 0.00358537   -18.1632        100
    0.497  0.808607 0.0213078   17.5854       100
 0.498029  0.808629 0.0208718 -0.423736       100
  0.49899  0.808648  0.020474 -0.413753       100
  0.499978    0.80865 0.00227736   -18.4176        100
 0.501001  0.808671 0.0200213   17.3522       100
 0.501994   0.80869 0.0196276 -0.396572       100
  0.503029   0.808692 0.00143775   -17.5711        100
  0.503994   0.808693 0.00141027 -0.0284722        100
  0.504998   0.808695 0.00138223 -0.0279373        100
  0.506017   0.808678 -0.0164373   -17.4873        100
  0.506992   0.808645 -0.0339148   -17.9276        100
 0.507996  0.808665 0.0201393   53.8015       100
   0.50898   0.808667 0.00195006   -18.4859        100
  0.509995   0.808651 -0.0158806   -17.5763        100
  0.510994   0.808653 0.00222775    18.1269        100
  0.511995   0.808637 -0.0156102   -17.8095        100
0.513012 0.808658 0.020286  35.3178      100
   0.51399   0.808642 -0.0157027   -36.7806        100
  0.515003   0.808645 0.00240282    17.8809        100
 0.515995  0.808683 0.0379431   35.8247       100
 0.516996  0.808702 0.0193973  -18.5162       100
  0.517995   0.808703 0.00121966   -18.1963        100
  0.51898  0.808722 0.0189923    18.045       100
 0.519996  0.808741 0.0186106 -0.375751       100
  0.520996   0.808706 -0.0351398   -53.7415        100
  0.522009   0.808689 -0.0166433    18.2584        100
 0.523027   0.80869 0.0014827   17.8131       100
 0.524028  0.808709 0.0192481   17.7413       100
  0.524992   0.808676 -0.0345194   -55.7521        100
  0.525995   0.808678 0.00175265    36.1798        100
 0.526995  0.808715 0.0373058   35.5642       100
   0.527995    0.808716 0.000979205    -36.3206         100
  0.528995   0.808699 -0.0168342   -17.8189        100
  0.529996   0.808682 -0.0165005   0.333335        100
  0.530995   0.808684 0.00162023    18.1306        100
  0.531995   0.808686 0.00158815 -0.0320751        100
  0.533006   0.808669 -0.0162367   -17.6369        100
  0.533996   0.808671 0.00187811    18.2994        100
  0.534989   0.808673 0.00184115  -0.037236        100
  0.535986   0.808657 -0.0159894    -17.883        100
  0.536986   0.808659 0.00212131    18.1077        100
   0.53797   0.808661 0.00207997 -0.0419911        100
  0.538984   0.808627 -0.0335448   -35.1579        100
  0.539983   0.808594 -0.0328812   0.664079        100
  0.540988    0.80858 -0.0144357    18.3549        100
  0.541991   0.808565 -0.0141498   0.284895        100
 0.542987  0.808587 0.0217181   36.0252       100
  0.54397  0.808608 0.0212948 -0.430637       100
  0.544988   0.808593 -0.0147158   -35.3639        100
 0.545983  0.808632 0.0389582   53.9351       100
  0.546984   0.808599 -0.0329891    -71.884        100
  0.547982   0.808567 -0.0323372   0.653397        100
  0.548987   0.808553 -0.0139019     18.336        100
  0.549984   0.808557 0.00416731    18.1311        100
0.550988 0.808579 0.021879  17.6415      100
  0.551984   0.808582 0.00365154   -18.2986        100
  0.552973   0.808586 0.00358032 -0.0720199        100
 0.553983  0.808607 0.0212999   17.5452       100
  0.554996   0.808593 -0.0147102   -35.5549        100
  0.555985    0.80856 -0.0322148   -17.6957        100
 0.556984    0.8086 0.0395991   71.9048       100
  0.557984   0.808603 0.00322746   -36.3742        100
0.558983 0.808642 0.038751  35.5431      100
 0.559989  0.808662 0.0201903  -18.4564       100
  0.560984   0.808629 -0.0335912   -54.0432        100
  0.561969   0.808614 -0.0151388    18.7307        100
 0.562968  0.808652 0.0385433   53.7501       100
 0.563983  0.808654 0.0021858  -35.7968       100
 0.564988  0.808692 0.0377296   35.3861       100
 0.565984  0.808676 -0.016399  -54.3138       100
  0.566988    0.80866 -0.0160746   0.323412        100
  0.567985   0.808626 -0.0335492   -17.5135        100
  0.568991   0.808629 0.00270243    36.0394        100
  0.569984   0.808596 -0.0329387   -35.8919        100
 0.570987  0.808617 0.0210953   53.8838       100
   0.57199   0.808584 -0.0327037   -53.6239        100
 0.572973  0.808605 0.0213238   54.9485       100
 0.573984  0.808626 0.0208957 -0.423774       100
  0.574987   0.808593 -0.0328997   -53.5948        100
  0.575985   0.808597 0.00333936    36.3197        100
 0.576984  0.808618 0.0210674   17.7548       100
  0.57799  0.808638 0.0206507 -0.414202       100
  0.578985   0.808641 0.00244758   -18.2917        100
  0.579983   0.808643 0.00239921 -0.0484778        100
  0.580986   0.808645 0.00235166 -0.0473829        100
 0.581984  0.808666 0.0200988   17.7866       100
  0.582969    0.80865 -0.0158865    -36.528        100
 0.583988   0.80867 0.0200153   35.2324       100
  0.584988   0.808636 -0.0337628    -53.782        100
  0.585984   0.808621 -0.0153018    18.5376        100
  0.586994   0.808624 0.00279558    17.9107        100
   0.58797   0.808627 0.00274116 -0.0557714        100
  0.588969   0.808629 0.00268693 -0.0542791        100
0.589983 0.808668 0.038216  35.0634      100
 0.590983  0.808706 0.0374593 -0.756367       100
0.591984 0.808725 0.018923   -18.52      100
   0.592984    0.808725 0.000754302    -18.1656         100
 0.593977  0.808708 -0.017056  -17.9357       100
  0.594988   0.808709 0.00107751    17.9339        100
  0.595991   0.808711  0.0010562 -0.0212451        100
 0.596984  0.808729 0.0188296   17.9028       100
  0.597984   0.808694 -0.0349251   -53.7586        100
  0.598984   0.808678 -0.0164396    18.4957        100
 0.599969  0.808697 0.0194744    36.429       100
 0.600983  0.808716 0.0190829 -0.386104       100
   0.601983    0.808717 0.000911311    -18.1773         100
  0.602982     0.8087 -0.0169007   -17.8218        100
  0.603983   0.808666 -0.0343601    -17.444        100
  0.604996   0.808668 0.00190921     35.794        100
 0.605984  0.808705 0.0374601   35.9998       100
  0.607004   0.808707 0.00112358   -35.6173        100
  0.607992   0.808708 0.00110166 -0.0221925        100
 0.608981  0.808744 0.0366711   35.9492       100
   0.609987    0.808744 0.000353782    -36.0876         100
  0.610985   0.808709 -0.0352422   -35.6921        100
  0.611985    0.80871 0.00104389    36.2887        100
  0.612984   0.808711 0.00102325 -0.0206658        100
  0.613989   0.808695 -0.0167911   -17.7227        100
  0.614988   0.808678 -0.0164573    0.33406        100
  0.615984    0.80868 0.00166207    18.1945        100
 0.616987  0.808699 0.0194227   17.7197       100
 0.617988  0.808736 0.0368316    17.377       100
   0.61897   0.808719 -0.0172764    -55.124        100
    0.61999     0.80872 0.000862561     17.7799         100
 0.620996  0.808757 0.0364319   35.3779       100
   0.621984    0.808757 0.000125457    -36.7206         100
 0.62299 0.808775 0.017917  17.6957      100
  0.623984   0.808757 -0.0180258   -36.1609        100
0.624992 0.808792 0.035712  53.2717      100
  0.625986   0.808774 -0.0183764   -54.4558        100
    0.626985     0.808774 -0.000218676      18.1633          100
    0.627988     0.808774 -0.000214338   0.00432794          100
 0.628984  0.808791 0.0175842    17.868       100
   0.629984    0.808791 -0.00055793    -18.1435         100
    0.630989      0.80879 -0.000546849    0.0110212          100
     0.63199      0.80879 -0.000536052    0.0107848          100
    0.632972     0.808789 -0.000525564    0.0106777          100
 0.633982  0.808806 0.0172771   17.6358       100
   0.634988    0.808806 -0.00085957    -18.0263         100
0.635971 0.808822 0.016954  18.1304      100
 0.636974  0.808839 0.0166169 -0.336017       100
   0.637969    0.808837 -0.00150533    -18.2148         100
   0.638988    0.808836 -0.00147511   0.0296361         100
   0.639986    0.808834 -0.00144584   0.0293482         100
  0.640992   0.808797 -0.0370059   -35.3184        100
    0.641985     0.808797 -0.000684522      36.5769          100
    0.642986     0.808796 -0.000670953     0.013564          100
    0.643983     0.808795 -0.000657721    0.0132736          100
  0.644987   0.808777 -0.0184379   -17.7055        100
  0.645985   0.808759 -0.0180732   0.365273        100
 0.646973  0.808776 0.0178726   36.3909       100
 0.647986  0.808794 0.0175132 -0.355012       100
    0.648985     0.808794 -0.000627581      -18.155          100
    0.649989     0.808793 -0.000615164    0.0123621          100
  0.650987   0.808775 -0.0183971     -17.83        100
    0.651985     0.808774 -0.000238553      18.1859          100
 0.652983  0.808792 0.0175603   17.8299       100
  0.653983   0.808774 -0.0183753   -35.9554        100
    0.654973     0.808773 -0.000219541      18.3364          100
 0.655985  0.808809 0.0353682   35.1793       100
 0.656994  0.808826 0.0168724   -18.318       100
   0.657985    0.808825 -0.00125518    -18.2903         100
 0.658993  0.808859 0.0343579    35.346       100
   0.659987    0.808857 -0.00191129    -36.4981         100
   0.660984    0.808855 -0.00187355   0.0378291         100
  0.661984   0.808836 -0.0196304   -17.7666        100
 0.662983  0.808852 0.0163462   36.0136       100
   0.663983     0.80885 -0.00177149    -18.1103         100
   0.664992    0.808849 -0.00173628   0.0349189         100
    0.66597    0.808847 -0.00170247    0.034554         100
   0.666972    0.808845 -0.00166883   0.0335756         100
    0.66799    0.808844 -0.00163526   0.0329702         100
  0.668983   0.808806 -0.0371912   -35.8061        100
  0.669983   0.808788 -0.0186609    18.5361        100
 0.670982  0.808805 0.0172966   35.9686       100
     0.67199     0.808804 -0.000840667      -17.997          100
    0.672984     0.808803 -0.000824089     0.016687          100
    0.673984     0.808803 -0.000807783    0.0163065          100
 0.675023  0.808838 0.0347863   34.2414       100
  0.676007   0.808819 -0.0192821   -54.9502        100
  0.67702  0.808854 0.0344814   53.0965       100
  0.678021   0.808834 -0.0195851   -53.9804        100
  0.67902  0.808886 0.0519789   71.6204       100
  0.68002  0.808901 0.0153616  -36.6287       100
  0.681021   0.808881 -0.0205305   -35.8605        100
  0.682019   0.808861 -0.0201247   0.406344        100
   0.683016    0.808859 -0.00193311     18.2495         100
 0.683998  0.808839 -0.019691  -18.0825       100
 0.685023  0.808874 0.0340782   52.4841       100
 0.686067   0.80889 0.0155928  -17.7098       100
   0.686987    0.808888 -0.00250176    -19.6565         100
  0.688006   0.808867 -0.0202433   -17.4107        100
   0.689044    0.808865 -0.00204033     17.5313         100
   0.690004    0.808863 -0.00200125   0.0407258         100
   0.69102   0.808843 -0.0197534   -17.4702        100
 0.692021  0.808859 0.0162257    35.956       100
 0.693059  0.808894 0.0336806   16.8185       100
   0.694017    0.808891 -0.00256202     -37.814         100
 0.695024  0.808907 0.0152828   17.7278       100
   0.696012    0.808904 -0.00281269    -18.3196         100
 0.697023  0.808919 0.0150351   17.6388       100
   0.697997    0.808916 -0.00305432    -18.5735         100
  0.698994   0.808913 -0.0029939  0.0606249        100
 0.699993  0.808874 -0.038523  -35.5486       100
 0.701021   0.80889 0.0156262   52.6712       100
  0.702021    0.80887 -0.0202712   -35.9256        100
   0.703068    0.808868 -0.00206591     17.3897         100
   0.704011    0.808866 -0.00202731   0.0408896         100
  0.704987   0.808846 -0.0197848   -18.2059        100
  0.706021   0.808826 -0.0193799   0.391723        100
  0.707018   0.808807 -0.0189969    0.38403        100
  0.707989   0.808789 -0.0186308   0.376819        100
 0.708996  0.808806 0.0173261    35.721       100
    0.709996     0.808806 -0.000810929     -18.1341          100
 0.710994  0.808822 0.0169996   17.8544       100
 0.711993  0.808821 -0.001131  -18.1362       100
0.713017 0.808838 0.016683  17.4126      100
 0.713991  0.808889 0.0519522   36.1952       100
 0.714997  0.808922 0.0331254  -18.7078       100
  0.716032   0.808901 -0.0209165   -52.2277        100
0.717004 0.808915 0.015084  37.0545      100
   0.717992    0.808912 -0.00300749    -18.3022         100
  0.718994   0.808891 -0.0207414    -17.693        100
   0.719995    0.808889 -0.00253649     18.1932         100
   0.720995    0.808886 -0.00248631   0.0501665         100
 0.722001  0.808902 0.0153569    17.743       100
 0.723016  0.808935 0.0328368   17.2184       100
 0.723992  0.808949 0.0144038  -18.8939       100
   0.725001    0.808946 -0.00367595     -17.906         100
    0.72601    0.808942 -0.00360222   0.0730888         100
  0.727008   0.808903 -0.0391201   -35.6053        100
    0.728  0.808847 -0.056146   -17.154       100
  0.728995   0.808828 -0.0194494    36.8928        100
 0.729994  0.808844 0.0165236     36.01       100
   0.731005    0.808843 -0.00159754    -17.9217         100
 0.731981  0.808876 0.0340266   36.5059       100
 0.733003   0.80891 0.0333408 -0.671136       100
    0.73399    0.808907 -0.00290496    -36.6946         100
   0.735012    0.808904 -0.00284624   0.0574697         100
  0.735987   0.808884 -0.0205892   -18.1954        100
0.736979 0.808899 0.015406  36.2833      100
  0.737999    0.80886 -0.0382766     -52.62        100
    0.739  0.808858 -0.001932   36.3213       100
 0.740002  0.808874 0.0159001   17.7994       100
   0.740982    0.808872 -0.00220671    -18.4827         100
 0.741992  0.808888 0.0156295   17.6439       100
   0.743013    0.808885 -0.00247604    -17.7347         100
 0.743992    0.8089 0.0153693   18.2424       100
  0.744997    0.80888 -0.0205227   -35.7072        100
 0.745994  0.808895 0.0154715   36.0915       100
 0.746998   0.80891 0.0151655 -0.304977       100
 0.747994  0.808943 0.0326591   17.5577       100
  0.749001   0.808939 -0.0035758   -35.9887        100
0.749995 0.808954 0.014289  17.9689      100
   0.750994     0.80895 -0.00378785    -18.0997         100
 0.751993  0.808982 0.0318751    35.674       100
 0.753009  0.808996 0.0134433  -18.1561       100
   0.753991    0.808991 -0.00461533    -18.3888         100
   0.754985    0.808986 -0.00452485   0.0910043         100
 0.755995     0.809 0.0133575   17.6979       100
 0.756994  0.808995 -0.004701   -18.077       100
   0.758001    0.808991 -0.00460792   0.0924907         100
  0.758995   0.808986 -0.0045166  0.0918328        100
 0.759995     0.809 0.0133668   17.8762       100
  0.760994   0.808977 -0.0224858   -35.8894        100
 0.761994  0.808955 -0.022041  0.444935       100
  0.76301  0.808987 0.0317759    52.987       100
 0.763991     0.809 0.0133603  -18.7614       100
 0.764997  0.809014 0.0130945 -0.264351       100
 0.765993  0.809026 0.0128359 -0.259481       100
   0.766986    0.809021 -0.00521124    -18.1785         100
   0.767993    0.809016 -0.00510672    0.103762         100
  0.768994   0.808993 -0.0227996   -17.6899        100
   0.769994    0.808989 -0.00455386     18.2471         100
    0.77101    0.808984 -0.00446235   0.0900321         100
   0.771994     0.80898 -0.00437539    0.088396         100
  0.773017   0.808957 -0.0220767   -17.2903        100
 0.77399 0.808988 0.031745  55.3295      100
   0.774997    0.808984 -0.00447313    -35.9635         100
      0.776    0.808979 -0.00438473   0.0881334         100
 0.776983   0.80901 0.0312929   36.3211       100
 0.777996  0.809023 0.0128742  -18.1774       100
 0.778995  0.809036 0.0126195 -0.254989       100
0.779994 0.809066 0.030164  17.5625      100
 0.780994  0.809078 0.0117723  -18.3799       100
 0.781994  0.809107 0.0293336   17.5667       100
 0.783029  0.809118 0.0109449  -17.7591       100
  0.783992   0.809077 -0.0426652   -55.6852        100
 0.785002  0.809107 0.0293557   71.3289       100
  0.78598  0.809117 0.0109865   -18.778       100
 0.786994  0.809146 0.0285573   17.3365       100
 0.787993  0.809174 0.0279919 -0.565743       100
  0.788995   0.809184 0.00964333    -18.315        100
  0.789994   0.809158 -0.0261355   -35.7985        100
   0.790993     0.80915 -0.00782471     18.3384         100
   0.791994    0.809142 -0.00766949    0.155047         100
 0.793013  0.809153 0.0102759   17.6149       100
 0.793983  0.809163 0.0100792 -0.202744       100
  0.794995   0.809173 0.00987614  -0.200533        100
  0.795993   0.809111 -0.0614963   -71.5482        100
 0.796992  0.809122 0.0108968   72.4501       100
 0.797996  0.809133 0.0106803 -0.215661       100
 0.798995  0.809143 0.0104691 -0.211487       100
   0.799995    0.809136 -0.00753222    -17.9897         100
 0.800994  0.809182 0.0459992   53.5736       100
   0.801993    0.809173 -0.00829279    -54.3867         100
  0.803015   0.809183 0.00966514    17.5696        100
 0.803993   0.80921 0.0272736   18.0091       100
  0.804996   0.809165 -0.0444418    -71.499        100
 0.805995  0.809193 0.0276139   72.1297       100
 0.806994  0.809256 0.0626558   35.0695       100
   0.807994    0.809246 -0.00976121    -72.3877         100
  0.808994   0.809254 0.00822604    17.9928        100
  0.809995   0.809226 -0.0275246   -35.7191        100
   0.810994    0.809217 -0.00918595     18.3531         100
  0.812001   0.809226 0.00878991    17.8579        100
  0.813008   0.809199 -0.0269697    -35.483        100
 0.813989   0.80919 -0.008648   18.6748       100
   0.814999    0.809182 -0.00847592    0.170385         100
   0.815979    0.809174 -0.00831056    0.168717         100
  0.816993   0.809147 -0.0259352   -17.3855        100
 0.817996  0.809158 0.0101667   36.0016       100
   0.818994     0.80915 -0.00782849    -18.0395         100
 0.819995  0.809178 0.0279144   35.7029       100
 0.821002  0.809187 0.0095681  -18.2087       100
   0.821996    0.809179 -0.00841535    -18.1013         100
  0.823014   0.809152 -0.0260379    -17.302        100
  0.823991   0.809145 -0.0077344    18.7473        100
  0.824982    0.80912 -0.0253785   -17.7938        100
  0.825995   0.809094 -0.0248694   0.502698        100
   0.826993    0.809088 -0.00658335     18.3224         100
  0.827995   0.809064 -0.0242467    -17.631        100
   0.828999    0.809058 -0.00597262     18.2016         100
     0.83  0.809087 0.0297335   35.6577       100
 0.830998  0.809099 0.0113508  -18.4236       100
 0.831994  0.809128 0.0289201   17.6378       100
   0.833008     0.80912 -0.00724329    -35.6726         100
   0.833988    0.809113 -0.00710241    0.143627         100
   0.835029    0.809106 -0.00695647    0.140229         100
 0.835972  0.809117 0.0109775   19.0287       100
  0.836996   0.809091 -0.0248248   -34.9629        100
 0.837992   0.80912 0.0290488   54.0839       100
  0.838999   0.809095 -0.0249083   -53.5524        100
 0.839993  0.809124 0.0289668   54.1891       100
 0.840994  0.809135 0.0105992  -18.3645       100
   0.841993    0.809128 -0.00740459    -18.0094         100
   0.843008     0.80912 -0.00725594    0.146531         100
   0.843993    0.809113 -0.00711424    0.143767         100
  0.844998   0.809088 -0.0247661   -17.5777        100
  0.84601    0.8091 0.0113138   35.6239       100
 0.847038  0.809129 0.0288747   17.0934       100
 0.847982  0.809106 -0.025077  -57.1439       100
    0.84898    0.809099 -0.00678527     18.3324         100
   0.849994    0.809092 -0.00664905    0.134244         100
  0.850995   0.809068 -0.0243111   -17.6591        100
 0.851994   0.80908 0.0117582   36.0891       100
   0.85301   0.809055 -0.0240608   -35.2584        100
 0.853991  0.809085 0.0297986   54.9107       100
 0.854982  0.809096 0.0114186  -18.5405       100
 0.856013  0.809107 0.0111855 -0.225981       100
  0.857028   0.809065 -0.0424153   -52.8487        100
  0.85799  0.809076 0.0117975   56.3113       100
 0.858994  0.809106 0.0293567   17.4938       100
 0.859994  0.809134 0.0287748  -0.58185       100
 0.860995  0.809145 0.0104107  -18.3435       100
 0.861993  0.809155 0.0102049 -0.206248       100
  0.863015   0.809165 0.00999882  -0.201654        100
  0.86399  0.809192 0.0276035   18.0536       100
 0.864995  0.809219 0.0270541 -0.546427       100
  0.866027   0.809192 -0.0268635   -52.2641        100
   0.867032    0.809183 -0.00853378     18.2484         100
 0.867993   0.80921 0.0272302   37.1944       100
 0.868991  0.809236 0.0266916 -0.539587       100
  0.869995   0.809245 0.00836806   -18.2509        100
   0.871009    0.809235 -0.00959143    -17.7241         100
 0.871993  0.809208 -0.027201  -17.8924       100
  0.872999   0.809217 0.00892665    35.8991        100
   0.87399   0.809226 0.00875133  -0.176944        100
  0.875001   0.809235 0.00857752  -0.171975        100
  0.875995   0.809243 0.00840748  -0.171067        100
   0.876995    0.809234 -0.00955297    -17.9618         100
  0.877991   0.809242 0.00843013    18.0533        100
 0.878993   0.80925 0.0082629 -0.166806       100
 0.879994  0.809294 0.0436871   35.4099       100
  0.880995   0.809284 -0.0105601   -54.1995        100
 0.881992  0.809309 0.0252372   35.8855       100
  0.882999   0.809298 -0.0108513   -35.8433        100
  0.883998   0.809287 -0.0106377   0.213755        100
 0.884997  0.809313 0.0251601   35.8346       100
  0.886008   0.809302 -0.0109274   -35.6986        100
  0.887028   0.809291 -0.0107071   0.216034        100
  0.887978   0.809264 -0.0283077   -18.5157        100
  0.888979   0.809254 -0.0099524    18.3304        100
 0.889994  0.809262 0.0080389   17.7305       100
 0.890994  0.809288 0.0256737   17.6361       100
 0.891994  0.809313 0.0251652 -0.508373       100
  0.893021   0.809302 -0.0109236   -35.1609        100
 0.893976  0.809326 0.0248858   37.4927       100
  0.895001   0.809315 -0.0111973   -35.2044        100
  0.896028   0.809322 0.00681978    17.5416        100
  0.896993   0.809328 0.00668941  -0.135121        100
  0.897977   0.809317 -0.0112377   -18.2151        100
 0.898993  0.809342 0.0245707   35.2231       100
  0.899995   0.809313 -0.0292976   -53.7825        100
  0.900997   0.809302 -0.0109223     18.346        100
  0.901999   0.809273 -0.0285016   -17.5304        100
  0.903026   0.809281 0.00765725    35.2373        100
  0.903993   0.809254 -0.0280891   -36.9379        100
 0.904984   0.80928 0.0258489    54.422       100
  0.906011   0.809288 0.00753445   -17.8435        100
 0.906994  0.809312 0.0251841   17.9462       100
  0.907996   0.809301 -0.0109022   -36.0374        100
  0.909001   0.809291 -0.0106846   0.216527        100
 0.909995  0.809263 -0.028269  -17.6868       100
   0.910996    0.809253 -0.00991706      18.327         100
  0.911995   0.809261 0.00807336    18.0132        100
  0.913012   0.809269 0.00791098  -0.159725        100
  0.913991   0.809242 -0.0278378   -36.5087        100
  0.914998    0.80925 0.00830271    35.8949        100
 0.915978   0.80931 0.0615333   54.2697       100
 0.916997  0.809336 0.0247116  -36.1605       100
  0.917995   0.809342 0.00642892   -18.3189        100
 0.918994  0.809366 0.0240956   17.6722       100
  0.919999   0.809372 0.00582482   -18.1897        100
  0.920995   0.809378 0.00570924  -0.116027        100
 0.921994  0.809383 0.0055963 -0.113025       100
  0.923011   0.809371 -0.0123075   -17.6153        100
  0.923991   0.809342 -0.0298652   -17.9049        100
  0.924986   0.809348 0.00631173    36.3704        100
 0.925995  0.809372 0.0239765   17.5074       100
  0.926998   0.809378 0.00570835    -18.213        100
  0.927994   0.809366 -0.0121986   -17.9682        100
0.928999 0.809389 0.023631  35.6621      100
 0.929994  0.809412 0.0231627 -0.470725       100
  0.930998   0.809382 -0.0306779   -53.6271        100
  0.932001   0.809387 0.00551904    36.0962        100
  0.933017   0.809393 0.00540835  -0.108886        100
  0.933991   0.809381 -0.0124943   -18.3952        100
  0.935016   0.809368 -0.0122425    0.24569        100
  0.935973   0.809357 -0.0120085   0.244435        100
  0.936979   0.809363 0.00602356    17.9307        100
  0.938001   0.809332 -0.0296798    -34.907        100
  0.938994   0.809339 0.00649557    36.4474        100
 0.939995  0.809399 0.0597489   53.2191       100
 0.940993  0.809422 0.0229787  -36.8168       100
  0.941993   0.809409 -0.0130643   -36.0542        100
 0.943006  0.809432 0.0227812    35.384       100
   0.94399   0.809419 -0.0132565   -36.6254        100
  0.944995   0.809406 -0.0129927   0.262421        100
 0.945993  0.809428 0.0228527   35.9079       100
  0.946998   0.809397 -0.0309818   -53.6083        100
 0.947994  0.809385 -0.012574   18.4797       100
  0.948996   0.809372 -0.0123242   0.249151        100
  0.949994   0.809378 0.00571358    18.0822        100
  0.950992   0.809366 -0.0121936   -17.9341        100
  0.951993   0.809354 -0.0119522   0.241334        100
  0.953013   0.809342 -0.0117108   0.236566        100
  0.95399  0.809366 0.0241118   36.6465       100
  0.954982   0.809371 0.00584282   -18.4196        100
 0.956001  0.809395 0.0235173   17.3449       100
0.956989 0.809436  0.04085  17.5516      100
  0.957994    0.80944 0.00445048   -36.2122        100
  0.958994   0.809445 0.00436237 -0.0881046        100
  0.959995   0.809413 -0.0313117   -35.6427        100
 0.960994  0.809454 0.0404844    71.887       100
 0.961995  0.809476 0.0218875  -18.5805       100
  0.963006   0.809479 0.00365784   -18.0332        100
  0.963995   0.809483 0.00358612 -0.0724546        100
 0.965003  0.809522 0.0391023   35.2498       100
  0.965994   0.809489 -0.0328478   -72.5782        100
 0.966994  0.809511 0.0211845    54.062       100
  0.967989   0.809496 -0.0148226    -36.165        100
  0.968994   0.809463 -0.0323217   -17.4255        100
  0.969993    0.80945 -0.0138877    18.4529        100
 0.971015  0.809472 0.0219735   35.0776       100
 0.971999  0.809493 0.0215453 -0.435068       100
 0.973001  0.809514 0.0211179 -0.426617       100
  0.973995     0.8095 -0.0148876   -36.2066        100
  0.974981   0.809503 0.00320013     18.356        100
  0.975999   0.809506 0.00313563 -0.0633703        100
0.977018 0.809527 0.020863  17.3886      100
 0.977988  0.809564 0.0382608    17.938       100
  0.978996   0.809566 0.00191253   -36.0671        100
 0.979994  0.809586 0.0196691    17.796       100
  0.980998   0.809587 0.00148459   -18.1081        100
 0.981992  0.809607 0.0192504   17.8693       100
  0.98301   0.80959 -0.016719  -35.3483       100
 0.983995  0.809626 0.0369956   54.5245       100
   0.984997    0.809627 0.000674063    -36.2291         100
   0.986008    0.809628 0.000660581  -0.0133365         100
  0.987033    0.80961 -0.0171432   -17.3742        100
 0.987991  0.809628 0.0187849   37.5139       100
 0.988994  0.809647 0.0184118 -0.371866       100
  0.989979    0.80963 -0.0175406   -36.4857        100
 0.990978  0.809648 0.0183947   35.9722       100
 0.991999  0.809666 0.0180254  -0.36189       100
  0.993022   0.809648 -0.0179194   -35.1348        100
  0.993991   0.809631 -0.0175734   0.356925        100
 0.995009   0.80965 0.0183623   35.3153       100
   0.996009     0.80965 0.000204216    -18.1594         100
   0.997016     0.80965 0.000200156 -0.00403018         100
 0.997992  0.809668 0.0179938   18.2385       100
 0.999003  0.809685 0.0176353 -0.354515       100
 0.999996  0.809738 0.0528748   35.4704       100
