           0 -0.000815532   -0.0142583            0            0
 0.000993729 -0.000844645   -0.0290449     -14.8799          140
  0.00200343 -0.000827767    0.0167404      45.3453          140
  0.00298953 -0.000826462   0.00134143     -15.6161          140
  0.00398612 -0.000840209   -0.0137551     -15.1482          140
   0.0050211 -0.000838597   0.00159045       14.827          140
  0.00602388 -0.000837057   0.00155887   -0.0314996          140
  0.00702047 -0.000835557   0.00152812   -0.0308541          140
  0.00802374 -0.000849192   -0.0135715     -15.0504          140
  0.00903058 -0.000832394    0.0168367      30.2015          140
   0.0100062 -0.000860664   -0.0287077     -46.6831          140
    0.011004 -0.000858697   0.00199935      30.7753          140
   0.0120521 -0.000825136    0.0320832      28.7036          140
   0.0130146 -0.000867506   -0.0439049     -78.9491          140
   0.0140224 -0.000865381   0.00217682      45.7253          140
   0.0150115 -0.000863338   0.00213419   -0.0430983          140
   0.0186512 -0.000802782    0.0166651      3.99234          140
   0.0190322 -0.000802464   0.00137522     -40.1317          140
   0.0200315 -0.000831497   -0.0287941     -30.1931          140
   0.021009 -0.00084501  -0.0131592     15.9945         140
   0.0220532 -0.000843275    0.0021758      14.6849          140
   0.0230186 -0.000827157    0.0172092      15.5729          140
    0.024008 -0.000810942    0.0168718    -0.340963          140
   0.0250363 -0.000840876   -0.0286681     -44.2866          140
   0.0260468 -0.000839278   0.00204181      30.3933          140
   0.0270555 -0.000852919   -0.0130673     -14.9781          140
   0.0280356 -0.000821589    0.0324044      46.3931          140
   0.0290089 -0.000820429   0.00163438     -31.6165          140
  0.0300217 -0.00081923  0.00160137  -0.0325849         140
   0.0310252 -0.000787844    0.0317081      30.0016          140
   0.0320535 -0.000756323    0.0310628     -0.62754          140
   0.0330501 -0.000771424   -0.0147608     -45.9803          140
  0.0340416 -0.00077122 0.000600108     15.4913         140
  0.0350087 -0.00078569  -0.0144852    -15.5997         140
   0.0360167 -0.000800402   -0.0141958     0.287072          140
    0.036999 -0.000769974    0.0312971      46.3134          140
   0.0380087 -0.000769798  0.000538023     -30.4635          140
       0.039 -0.000769624  0.000527368   -0.0107483          140
   0.0400009 -0.000769454  0.000516906   -0.0104523          140
  0.0409842 -0.00076929 0.000506843  -0.0102347         140
   0.0420125 -0.000738146    0.0306275      29.2917          140
   0.0430007 -0.000738594 -0.000114766     -31.1079          140
   0.0440006 -0.000754126    -0.015182     -15.0683          140
   0.0449986 -0.000769302    -0.014882      0.30063          140
   0.0459993 -0.000769139  0.000482385      15.3545          140
   0.0470061 -0.000708647    0.0607511      59.8592          140
   0.0480001 -0.000694613    0.0143389     -46.6939          140
   0.0489995 -0.000695928   -0.0010147     -15.3621          140
    0.049983 -0.000712012   -0.0160672     -15.3054          140
   0.0509846 -0.000712984 -0.000679163      15.3635          140
   0.0520153 -0.000698447    0.0143999      14.6301          140
   0.0529828 -0.000699647  -0.00095072     -15.8662          140
    0.053997 -0.000685588    0.0141358      14.8748          140
   0.0549979 -0.000717249    -0.031353     -45.4488          140
    0.056004 -0.000733189   -0.0156624      15.5951          140
   0.0569904 -0.000763602   -0.0304261     -14.9682          140
   0.0579929 -0.000778638   -0.0147535      15.6328          140
  0.0589888 -0.00076325   0.0156781     30.5576         140
   0.0600011 -0.000763206  0.000295894     -15.1949          140
   0.0609841 -0.000748348    0.0153624      15.3271          140
   0.0620124 -0.000686667    0.0602464      43.6487          140
   0.0629983 -0.000702967   -0.0162887     -77.6327          140
   0.0639994 -0.000719216   -0.0159656     0.322762          140
   0.0650058 -0.000720044 -0.000579697      15.2886          140
   0.0660019 -0.000720857 -0.000568209    0.0115336          140
   0.0669825 -0.000721638 -0.000557157    0.0112697          140
  0.0680006 -0.00075311  -0.0306799    -29.5887         140
   0.0689995 -0.000753267  6.66866e-05      30.7782          140
    0.069999 -0.000753421  6.53662e-05  -0.00132111          140
   0.0709832 -0.000723909    0.0302083      30.6271          140
   0.0720124 -0.000724666 -0.000537715     -29.8722          140
   0.0729964 -0.000725376 -0.000527224    0.0106619          140
   0.0740044 -0.000726083 -0.000516775    0.0103656          140
   0.0750005 -0.000726776 -0.000506521    0.0102939          140
   0.0760019 -0.000727455 -0.000496483    0.0100249          140
    0.076997 -0.000698095    0.0296539       30.297          140
   0.0780036 -0.000699342  -0.00107296     -30.5253          140
   0.0789816 -0.000700543  -0.00105207    0.0213583          140
   0.0799813 -0.000686669    0.0140384      15.0952          140
   0.0809815 -0.000688142  -0.00130923     -15.3451          140
   0.0820122 -0.000720662   -0.0314129     -29.2075          140
   0.0829914 -0.000706773    0.0144137      46.8008          140
   0.0839965 -0.000692611    0.0141249    -0.287339          140
   0.0849965 -0.000693966  -0.00122449     -15.3505          140
   0.0860221 -0.000679966    0.0138671      14.7137          140
   0.0870216 -0.000666516    0.0135927    -0.274458          140
   0.0880167 -0.000623386    0.0434657      30.0183          140
   0.0890074 -0.000626087  -0.00260037     -46.5019          140
   0.0900033 -0.000643761   -0.0176194     -15.0812          140
   0.0910184 -0.000615559    0.0279371       44.875          140
    0.092062 -0.000587414     0.027366    -0.547326          140
   0.0930049 -0.000561768    0.0268455    -0.551967          140
   0.0940001 -0.000535681    0.0263161    -0.531981          140
   0.0950255 -0.000478815    0.0559189      28.8684          140
   0.0960257 -0.000424116    0.0548114     -1.10727          140
   0.0970225 -0.000370665    0.0537293     -1.08563          140
   0.0980244 -0.000287826    0.0828022      29.0197          140
   0.0990081 -0.000222959     0.066118     -16.9604          140
    0.100023 -0.000142091    0.0798582      13.5411          140
   0.101015 -3.5382e-05    0.108444     28.8146         140
  0.102054 9.1389e-05   0.121262    12.3392        140
   0.103019 0.000236012    0.149078     28.7997         140
   0.104005 0.000395002    0.161236     12.3386         140
   0.104998 0.000582185    0.188199     27.1401         140
   0.105989 0.000764896    0.184506    -3.72873         140
  0.106985 0.00094479    0.18087   -3.65102        140
 0.107989 0.0011676  0.222491   41.4356       140
  0.108987 0.00137032    0.20302   -19.5143        140
  0.109995 0.00158388   0.214078    10.9723        140
  0.110988 0.00185498   0.270098    56.3742        140
  0.112049 0.00218018   0.309672    37.3082        140
  0.112992 0.00248354   0.318908    9.80032        140
  0.113984 0.00283911   0.357843    39.2275        140
   0.11501 0.00321172   0.365691    7.64601        140
  0.116009 0.00361497   0.403665    38.0402        140
  0.117044 0.00403935   0.410469    6.57131        140
  0.117994 0.00442409   0.402695   -8.18241        140
  0.119359 0.00505874    0.46701    47.1105        140
  0.120276 0.00551239   0.488566    23.5203        140
  0.120952 0.00551239   0.488566          0        140
  0.122038 0.00650242   0.561475    67.1805        140
  0.122997 0.00706247    0.58088    20.2315        140
  0.123995 0.00766043    0.59953    18.6862        140
  0.125039 0.00833044   0.647493    45.9196        140
  0.125999 0.00898722   0.680315    34.2105        140
  0.126995 0.00965123   0.666883    -13.478        140
 0.128015 0.0104191  0.758985      90.3       140
 0.129032 0.0111741  0.743716  -15.0159       140
     0.13 0.0119583  0.804708    63.041       140
 0.131006 0.0127607  0.803856 -0.846653       140
 0.132052 0.0136467  0.847466   41.6756       140
 0.133029 0.0145166  0.891359   44.9247       140
 0.134001 0.0154008  0.904223    13.237       140
    0.135 0.0163306  0.931546   27.3575       140
 0.136022 0.0172879  0.942944   11.1494       140
  0.13702 0.0182539  0.969537    26.665       140
 0.138009 0.0192458   1.01097   41.8953       140
 0.139008 0.0203024   1.05111   40.1812       140
 0.140006 0.0213752   1.07555   24.4683       140
 0.141005 0.0224879   1.11455   39.0718       140
 0.142053 0.0236937    1.1517   35.4469       140
 0.143016 0.0247962   1.14479  -7.17949       140
 0.144021 0.0260002   1.19733   52.2677       140
 0.14502 0.027201   1.2038  6.48758      140
 0.146026 0.0284326   1.22503   21.1013       140
  0.14703 0.0296582   1.23101   5.95151       140
 0.148022 0.0309395   1.28198   51.3703       140
 0.149006 0.0322497   1.33236   51.2129       140
 0.150003 0.0335676    1.3211  -11.2913       140
 0.151004 0.0349221   1.35522   34.0911       140
 0.152053 0.0363289   1.34217  -12.4397       140
 0.152991 0.0376576   1.40752   69.7019       140
 0.154023 0.0391343   1.43919   30.6855       140
 0.155021 0.0405718   1.44089   1.70097       140
 0.156029 0.0420302   1.45754   16.5235       140
 0.157037 0.0435546   1.50362   45.6881       140
 0.158028 0.0450149    1.4741  -29.7834       140
 0.159011 0.0464958   1.50567   32.1011       140
  0.16003 0.0480498   1.53577   29.5393       140
 0.161022 0.0495683   1.52046  -15.4432       140
 0.162054 0.0511504   1.53462    13.729       140
0.163001 0.052621  1.55101  17.2863      140
 0.164031 0.0542034   1.54979  -1.18654       140
 0.165005 0.0557067   1.53478  -15.4058       140
 0.166022 0.0573157   1.57915   43.6466       140
  0.16702 0.0588767   1.56299  -16.1882       140
 0.168022 0.0604324    1.5623 -0.688579       140
 0.169006 0.0619765   1.56184 -0.461972       140
 0.170009 0.0635477   1.57621   14.3235       140
 0.171037 0.0652051   1.60424   27.2677       140
 0.172054 0.0668231    1.6023  -1.91101       140
 0.173013 0.0683143   1.54143  -63.4152       140
  0.17403 0.0698535    1.5257  -15.4649       140
 0.175006 0.0713545   1.52612  0.423527       140
0.176024 0.072952  1.57072   43.835      140
 0.177022 0.0744732   1.52461  -46.2139       140
 0.178023 0.0759685   1.49439  -30.1818       140
 0.179009 0.0774426   1.49535  0.973167       140
 0.180022 0.0789727   1.51057   15.0152       140
 0.181005 0.0804281   1.48116  -29.9163       140
 0.182052 0.0819613   1.46556  -14.8973       140
  0.18304 0.0833926   1.46738    1.8433       140
 0.184029 0.0848295   1.43835  -29.3646       140
 0.185021 0.0862483   1.42505  -13.3912       140
 0.186028 0.0876598    1.4119  -13.0537       140
0.187021 0.089042  1.38398  -28.146      140
 0.188028 0.0904286   1.38671   2.71174       140
 0.189006 0.0917686   1.35963  -27.6632       140
  0.19001 0.0931272   1.36293   3.28445       140
0.191036 0.094487  1.32007 -41.7709      140
 0.192061 0.0958571   1.35389   32.9882       140
 0.193015 0.0971577   1.34298  -11.4397       140
 0.194058 0.0985194   1.31547  -26.3589       140
 0.195012 0.0998181    1.3507   36.9356       140
0.196027 0.101154  1.32372 -26.5863      140
0.197021 0.102481  1.32764  3.94648      140
0.198027 0.103814  1.33147  3.80468      140
0.199007 0.105114  1.32057 -11.1279      140
0.200026 0.106453  1.32427  3.62896      140
0.201013 0.107747  1.31349 -10.9248      140
0.202058  0.10911  1.30133 -11.6332      140
0.203006 0.110406  1.35199  53.4547      140
0.204019 0.111667  1.24964 -101.081      140
0.204999 0.11295 1.30057 51.9377     140
0.206002 0.114194   1.2447 -55.7377      140
0.206999 0.115475  1.28031  35.7003      140
0.208007 0.116749  1.26995 -10.2759      140
0.208984 0.118016  1.29047  21.0111      140
0.209991 0.119291  1.28009  -10.309      140
0.211004 0.120581  1.26938 -10.5654      140
 0.21206 0.121916  1.27318  3.59319      140
0.213005 0.123112  1.24902 -25.5712      140
0.214026 0.124409  1.28431  34.5582      140
0.215021  0.1257 1.28899 4.70141     140
0.216027 0.126992  1.29363  4.61579      140
0.217052 0.128266  1.23713 -55.1554      140
0.217996 0.12947 1.27428 39.3255     140
0.219015 0.130747  1.26384 -10.2442      140
 0.22001 0.132029  1.28407  20.3318      140
0.221021 0.133292  1.24317 -40.4686      140
0.222058 0.13458 1.24791 4.56511     140
0.223016 0.135788  1.25426  6.62984      140
0.224027 0.137055  1.25941  5.09187      140
0.225052  0.13834  1.24882 -10.3357      140
 0.22602 0.139519    1.225 -24.6094      140
0.227023 0.140762  1.23064  5.62277      140
0.228024 0.141983  1.23673   6.0835      140
0.229006 0.143205  1.22741 -9.48422      140
 0.23001  0.14439  1.18808 -39.1614      140
0.231004  0.14557  1.17962 -8.51315      140
0.232059 0.146812   1.1853  5.38577      140
0.233028 0.147947  1.16237 -23.6665      140
0.234028 0.149108  1.16965   7.2883      140
0.235021 0.150255  1.14649 -23.3163      140
0.236027 0.151407  1.15395  7.41878      140
0.237029 0.152493   1.0859 -67.9165      140
0.238028 0.153605  1.10956  23.6748      140
0.239006 0.154675  1.08794 -22.1081      140
 0.24001 0.155739  1.06644   -21.41      140
0.241004   0.1568  1.06038 -6.08882      140
0.242057 0.157823 0.978182 -78.0583      140
0.243002 0.15878 1.00496 28.3525     140
0.244028 0.159799 0.999738 -5.09279      140
0.245021 0.160808  1.01012  10.4607      140
0.246035 0.161754  0.94487 -64.3202      140
0.247024 0.162712 0.956265  11.5224      140
 0.24803 0.163664 0.952419 -3.82281      140
0.249008 0.164569 0.918765  -34.411      140
0.250011 0.165512 0.945836  26.9888      140
0.251005 0.166423 0.912056  -34.001      140
0.252059 0.167374 0.908221 -3.63788      140
0.253012  0.16823  0.89093 -18.1485      140
0.254027 0.169111 0.873132 -17.5282      140
 0.25503 0.169997 0.885983  12.8097      140
0.256027 0.170865 0.868441 -17.6024      140
0.257037 0.171729 0.850986 -17.2789      140
0.257991 0.172526 0.834889 -16.8709      140
0.259007 0.173403 0.863294  27.9612      140
0.260028 0.174247  0.83088 -31.7657      140
0.261021 0.175076 0.829498 -1.39035      140
0.262056 0.175958 0.857813  27.3645      140
   0.263 0.176758 0.841667 -17.1059      140
0.264068  0.17761 0.809067 -30.5138      140
0.265017 0.178422 0.838763  31.3101      140
 0.26602 0.179243 0.822187  -16.526      140
0.267023 0.180081 0.835996  13.7709      140
0.268028  0.18087 0.789319 -46.4255      140
0.269009 0.181678 0.819105  30.3671      140
0.270027 0.182491 0.802692 -16.1225      140
0.271005  0.18325 0.771978 -31.3897      140
0.272058 0.184088   0.8012  27.7488      140
 0.273038  0.184871  0.800754 -0.455344       140
0.274029 0.185651 0.784992 -15.9142      140
0.275006 0.186408 0.769695 -15.6564      140
  0.27601  0.187176  0.769554 -0.140498       140
0.277021 0.187943 0.754058  -15.329      140
0.278025 0.188696 0.754226  0.16724      140
0.279022 0.189497 0.799542  45.4709      140
0.280029 0.190281 0.783707 -15.7196      140
0.281006 0.191037 0.768421  -15.642      140
0.282065 0.191823 0.752557 -14.9832      140
   0.283 0.192539 0.753454 0.960268      140
 0.284012  0.193296  0.753531 0.0757973       140
0.285021 0.194077  0.76851  14.8384      140
 0.286025  0.194844  0.768392 -0.117257       140
0.287023 0.195555  0.70791 -60.5879      140
0.288027 0.196277  0.72406  16.0821      140
0.289023 0.197034 0.754901   30.984      140
0.290012 0.197746 0.725132 -30.0865      140
0.291046 0.198477 0.710362 -14.2882      140
0.292052 0.199226 0.741375  30.8322      140
0.293014 0.199945 0.742207  0.86421      140
0.294027 0.200632 0.682202 -59.2471      140
0.295018 0.201329 0.698873  16.8166      140
0.296028 0.202002  0.66991 -28.6772      140
0.297021 0.202688 0.686798  17.0069      140
0.298028 0.203406 0.718409  31.3958      140
0.299007 0.204101 0.704379 -14.3279      140
0.300035 0.204769 0.660132 -43.0793      140
0.301036 0.205472 0.692054   31.863      140
0.302052 0.206172 0.693283  1.21023      140
0.303016 0.206861  0.71011  17.4693      140
0.304029 0.207516 0.650748  -58.612      140
 0.30502 0.208198 0.683097  32.6163      140
 0.30603  0.20884  0.63938 -43.2874      140
0.307008 0.209473 0.641953  2.63257      140
0.308012 0.210114 0.644376  2.41211      140
0.309015 0.210746 0.631614 -12.7322      140
 0.31001 0.211379 0.634202  2.59905      140
0.311003  0.21206 0.681936    48.07      140
 0.31206 0.212714  0.62259 -56.1627      140
0.313018 0.213303 0.610691 -12.4214      140
0.314029  0.21392 0.613597  2.87248      140
 0.31502  0.21452 0.601482 -12.2264      140
0.316059 0.215159 0.619335  17.1859      140
0.317047 0.215777 0.622215  2.91657      140
0.317999 0.216341 0.595452 -28.0982      140
0.319007 0.216948 0.598566  3.08871      140
 0.32001 0.217548 0.601818  3.24158      140
0.321023 0.218149 0.589677 -11.9931      140
0.322059 0.218728 0.562613 -26.1128      140
0.323002 0.219281 0.582167  20.7421      140
0.324028 0.219863 0.570412 -11.4531      140
0.325022 0.220453 0.589254  18.9615      140
0.326043 0.221008 0.547289 -41.1054      140
0.327033 0.221598 0.596856  50.0477      140
0.328029 0.222182 0.585061 -11.8414      140
0.329007 0.222701 0.528454 -57.9228      140
 0.33001 0.223263 0.563233  34.6578      140
0.331006 0.223801 0.536988 -26.3664      140
0.332059 0.224383 0.555998  18.0384      140
 0.33303 0.224901 0.530155 -26.6318      140
0.334039 0.225422 0.519626  -10.433      140
0.335021 0.225971 0.554663  35.6778      140
0.336035 0.226514 0.543678 -10.8282      140
0.337022 0.227033 0.517834 -26.2025      140
0.338029 0.227586 0.552787  34.6914      140
0.339007 0.228089 0.511871 -41.8675      140
 0.34001 0.228604 0.516837  4.95011      140
0.341003 0.229156  0.55181  35.2024      140
0.342058 0.229723 0.540367 -10.8522      140
0.343015 0.230219 0.514971 -26.5294      140
0.344028 0.230742 0.519774  4.74067      140
 0.34503 0.231282 0.539619  19.8138      140
0.346028 0.231781 0.498795 -40.9146      140
0.347019 0.232298 0.519087  20.4595      140
 0.34803 0.232764 0.463561 -54.9669      140
0.349007 0.233241 0.484672   21.607      140
0.350009 0.233714 0.475112 -9.54043      140
0.351005 0.234211 0.495826  20.7947      140
0.352059 0.234719 0.485561 -9.73584      140
0.353018 0.235193 0.491344  6.03385      140
0.354036 0.235677 0.481568 -9.60123      140
0.355022 0.236134 0.456961 -24.9417      140
0.356029 0.236613 0.478044  20.9445      140
0.357037 0.237103 0.483523  5.43855      140
0.358006 0.237574 0.489375  6.03812      140
0.359007 0.238073 0.494676  5.29648      140
0.360028 0.238534 0.454601 -39.2452      140
0.361021 0.238979 0.445609 -9.05801      140
0.362059 0.239429 0.436521 -8.75011      140
0.363011 0.239865 0.458453  23.0373      140
0.364059 0.240368  0.47905  19.6523      140
0.365008 0.240803 0.454892 -25.4589      140
0.366023 0.241286 0.475895  20.6985      140
0.367023 0.241737   0.4514 -24.4963      140
0.368036 0.242182  0.44241 -8.87679      140
0.369021 0.242628 0.448789  6.47095      140
0.370012 0.243075 0.455116  6.38807      140
0.371005 0.243536 0.461183  6.11126      140
0.372068 0.243994 0.436554  -23.167      140
 0.37303 0.244397 0.413033 -24.4375      140
0.374028  0.24483 0.435045  22.0551      140
0.375006 0.245264 0.441647  6.75467      140
0.37601 0.24571   0.448 6.32424     140
0.377021 0.246142 0.423903 -23.8368      140
 0.37803 0.246604 0.460692   36.461      140
0.379023 0.247025 0.421439 -39.5194      140
0.380029 0.247483 0.458312  36.6658      140
0.381015  0.24791 0.434307 -24.3436      140
0.382059 0.248355 0.425316 -8.61359      140
   0.383 0.248737 0.402251 -24.4979      140
0.384014 0.249134 0.394223 -7.91765      140
0.385026 0.249542 0.401353  7.05228      140
0.386029  0.24995 0.408492  7.10994      140
0.387023  0.25035 0.400402 -8.13911      140
0.388029 0.250757 0.407551  7.11263      140
0.389006  0.25118 0.429754  22.7131      140
0.390016 0.251585 0.406198 -23.3233      140
0.391037 0.251981 0.382829 -22.8854      140
0.392054  0.25239 0.405308  22.1016      140
0.393018 0.252791 0.412579  7.54262      140
0.394032 0.253214 0.419415  6.73994      140
0.395023 0.253624 0.411134 -8.35717      140
0.396029 0.254042 0.418063  6.88873      140
0.397025 0.254483 0.439907  21.9341      140
0.398031 0.254883 0.401065 -38.6325      140
0.399053 0.255345  0.45325  51.0442      140
0.400014 0.255761 0.429468 -24.7388      140
0.400984 0.256158 0.406075   -24.12      140
0.402063 0.256614 0.427638   19.979      140
0.403007 0.257027 0.434658   7.4389      140
0.404048 0.257452 0.410697 -23.0189      140
0.405026 0.257879  0.43282    22.61      140
 0.40603 0.258287 0.409196 -23.5355      140
0.407025 0.258733 0.446304  37.3144      140
0.408039 0.259141 0.407319 -38.4372      140
 0.40901  0.25952 0.384301 -23.7101      140
0.410012 0.259909   0.3918  7.47999      140
0.411006 0.260309 0.399102  7.34886      140
0.412063 0.260735  0.40588  6.41155      140
0.413019 0.261118 0.398136 -8.10411      140
0.414031 0.261481 0.360062 -37.6197      140
0.415026 0.261879 0.398133  38.2653      140
0.416034   0.2623 0.420382  22.0766      140
0.417068 0.262693  0.38168 -37.4194      140
0.417996 0.263087 0.419822  41.0941      140
0.419009 0.263504 0.411394  -8.3197      140
 0.42003 0.263898  0.38806 -22.8456      140
0.421025 0.264294 0.395439  7.41643      140
0.422062 0.264693 0.387384 -7.77212      140
0.423017 0.265087 0.410145   23.837      140
0.424033 0.265493 0.401941 -8.06727      140
0.425022   0.2659 0.409093  7.23483      140
0.426048 0.266335 0.431057  21.3993      140
0.427027 0.266741 0.407494 -24.0874      140
 0.42803 0.267139 0.399448 -8.01549      140
0.429009 0.267495 0.361511 -38.7624      140
0.430012 0.267894 0.399586  37.9777      140
0.431007 0.268301 0.406727  7.17039      140
0.432064 0.268703  0.38322 -22.2512      140
0.433022 0.269081 0.390963  8.07707      140
0.434029 0.269479  0.39829  7.27875      140
0.435035 0.269857 0.375296 -22.8487      140
0.436031 0.270239 0.382949  7.68491      140
0.437028 0.270661 0.420551  37.7127      140
0.438028 0.271071 0.412266 -8.28619      140
0.439013 0.271484 0.419286   7.1266      140
0.440013 0.271879  0.39594 -23.3649      140
0.441006 0.272267 0.388098 -7.89469      140
0.442064 0.272713 0.425227  35.1062      140
0.443022 0.273101 0.402025 -24.2202      140
0.444054 0.273487 0.378855 -22.4437      140
0.445023 0.273897 0.416682  39.0294      140
0.446037 0.274324 0.423434  6.65883      140
0.447023 0.274721 0.400044  -23.725      140
0.448036 0.275116 0.392067 -7.87239      140
 0.44901 0.275522 0.414611  23.1587      140
0.450012 0.275912 0.391355 -23.2025      140
0.451007 0.276341 0.428808  37.6348      140
0.452064 0.276734 0.374718  -51.166      140
0.453029 0.277118 0.397713  23.8383      140
0.454031  0.27751  0.38979 -7.90286      140
0.455023 0.277906 0.397166  7.44045      140
0.456032 0.278312 0.404347  7.11393      140
0.457007 0.278715 0.411563  7.39984      140
0.458016 0.279118  0.40343 -8.06298      140
0.459042 0.279544 0.410214  6.61275      140
0.460034 0.279925 0.387139 -23.2711      140
0.461007 0.280311 0.394705   7.7769      140
0.462069 0.280701 0.371457 -21.8928      140
0.463021 0.281097 0.409566    40.02      140
0.464049 0.281506 0.401294 -8.04626      140
0.465029 0.281894 0.393452 -7.99938      140
0.466015 0.282303 0.415952  22.8228      140
0.467006 0.282739 0.437879  22.1299      140
0.468014 0.283154 0.414132 -23.5696      140
0.469026 0.283567 0.405785 -8.24717      140
0.470034 0.283966 0.397726 -7.98926      140
 0.47102 0.284349  0.38999 -7.85212      140
0.472056 0.284762 0.397033  6.79427      140
0.473034  0.28516 0.404369  7.49846      140
0.474031 0.285523 0.366283 -38.2071      140
 0.47501 0.285892  0.37421  8.09993      140
0.476013 0.286287 0.396962  22.6725      140
0.477008 0.286677 0.389095  -7.9093      140
0.478014 0.287088  0.41153  22.3146      140
0.479024 0.287483 0.388184 -23.1001      140
0.480038 0.287879 0.395568   7.2818      140
0.481031 0.288315 0.432886  37.5808      140
0.482063 0.288749 0.424111 -8.50629      140
0.483004 0.289158 0.431215  7.54576      140
0.484017 0.289538 0.377418 -53.1167      140
0.485012 0.289954  0.41514  37.9048      140
0.486012 0.290344 0.391888 -23.2475      140
 0.48701 0.290744 0.399184  7.31688      140
0.488016  0.29112 0.376201 -22.8265      140
0.489021 0.291521 0.398861  22.5483      140
0.490029 0.291931 0.405961  7.04352      140
0.491056 0.292357 0.412731  6.59365      140
0.492056 0.292759 0.404608 -8.12247      140
0.493021 0.293116 0.366663 -39.3261      140
0.494029 0.293521 0.404605  37.6574      140
0.495025 0.293903   0.3815  -23.184      140
0.496016 0.294286 0.389145  7.72125      140
0.497023 0.294688   0.3964  7.19914      140
0.498038 0.295092 0.403612  7.11038      140
0.499013 0.295499 0.410771  7.33616      140
0.500062 0.295917 0.402315 -8.06401      140
0.500995 0.296304  0.40986  8.08934      140
0.502063 0.296728 0.401295  -8.0207      140
0.503036 0.297114 0.393507 -7.99836      140
0.504034 0.297512  0.40084  7.34723      140
0.505023 0.297903  0.39294 -7.98729      140
0.506016 0.298342 0.445556  53.0111      140
0.507032 0.298754 0.406476 -38.4593      140
0.508015 0.299162  0.41361  7.25366      140
0.509014 0.299555 0.390311 -23.3341      140
0.510031 0.299957 0.397567  7.13576      140
0.511009  0.30034 0.389818 -7.92156      140
0.512064  0.30074  0.38174 -7.65602      140
0.513018 0.301144 0.419692  39.7951      140
0.514014 0.301566 0.426544  6.88012      140
0.515006 0.301968 0.403036 -23.6785      140
0.516039 0.302402 0.425039  21.3085      140
0.517041 0.302824 0.416498 -8.51915      140
0.518012  0.30322 0.408511 -8.23159      140
0.519034 0.303646  0.41528  6.62444      140
0.520046 0.304055 0.407017 -8.16266      140
0.521036 0.304468 0.414059  7.11529      140
0.522081 0.304904 0.420617   6.2729      140
0.523036 0.305287 0.397526 -24.1763      140
0.524031 0.305702 0.419873  22.4563      140
0.525018 0.306137 0.441836  22.2611      140
0.526014 0.306524 0.387894 -54.1782      140
 0.52701 0.306936 0.410329   22.506      140
0.528018 0.307353 0.417266  6.88539      140
0.529025 0.307768 0.408897 -8.31418      140
 0.53003 0.308153 0.385739 -23.0392      140
0.531025 0.308547 0.393162  7.46082      140
0.532063 0.308975 0.415268  21.2861      140
0.533035 0.309374 0.407217 -8.28309      140
0.534037 0.309799 0.429374  22.1222      140
0.535026  0.31019 0.390718  -39.088      140
0.536015 0.310596 0.413263  22.7973      140
0.537023 0.311007 0.404959 -8.24002      140
0.538031 0.311404 0.396932 -7.96176      140
0.539026 0.311809 0.404127  7.22864      140
 0.54003 0.312205 0.396131 -7.96242      140
0.541024 0.312593 0.388295 -7.88351      140
0.542062 0.313001 0.395443  6.89094      140
0.543028  0.31339 0.402951  7.76742      140
0.544031 0.313832  0.44014  37.0855      140
0.545025 0.314264 0.431425 -8.76552      140
0.546016 0.314665 0.407946 -23.7127      140
0.547023 0.315086 0.414824  6.82623      140
0.548031 0.315448 0.361385 -53.0257      140
0.549011 0.315842 0.399543  38.9217      140
0.550031 0.316223 0.376454  -22.637      140
0.551009 0.316616 0.399262  23.3216      140
 0.55207 0.317057  0.42113  20.6207      140
0.553017  0.31744 0.398022 -24.3956      140
0.554032 0.317833 0.390078 -7.82889      140
0.555025  0.31823 0.397432  7.40537      140
0.556015 0.318628 0.404759  7.40213      140
0.557007  0.31904 0.411822  7.11634      140
0.558016  0.31943 0.388566 -23.0487      140
0.559011 0.319825  0.39595  7.42479      140
 0.56003 0.320234 0.403069  6.97938      140
0.561031 0.320628 0.395103 -7.96053      140
0.562061 0.321028 0.387038 -7.82837      140
0.563004 0.321417 0.409902  24.2594      140
0.564015 0.321851 0.431882  21.7274      140
0.564996 0.322255  0.40836 -23.9751      140
0.566031 0.322666 0.400059 -8.02058      140
0.567025 0.323058 0.392128 -7.97861      140
0.568023 0.323455 0.399488  7.37792      140
0.569025 0.323834 0.376455 -22.9795      140
0.570034 0.324263 0.429278  52.3898      140
0.571007 0.324632 0.375714 -54.9977      140
0.572063 0.325081  0.42817  49.6765      140
0.573034 0.325462 0.389731 -39.6039      140
0.574029 0.325885 0.427302  37.7543      140
0.575009 0.326298  0.41896 -8.51382      140
0.576012 0.326708 0.410688 -8.24494      140
0.577023 0.327117  0.40242 -8.18067      140
0.578028 0.327526 0.409527    7.071      140
0.579035 0.327914 0.386317 -23.0634      140
0.580015 0.328315  0.40895  23.0805      140
0.581006 0.328715 0.400876 -8.15258      140
0.582061 0.329127 0.392553 -7.88739      140
0.583004 0.329507 0.400241  8.14942      140
0.584018 0.329902 0.392262 -7.87072      140
0.585025 0.330322 0.414523   22.109      140
 0.58603 0.330698 0.376191 -38.1438      140
0.587025 0.331128 0.429004  53.0828      140
0.588038 0.331548  0.42051 -8.38095      140
 0.58901  0.33194 0.397233 -23.9517      140
0.590014 0.332343 0.404463  7.20046      140
0.591007 0.332739 0.396462 -8.06092      140
0.592064 0.333178 0.418347  20.6978      140
0.593019 0.333573 0.410365  -8.3572      140
 0.59403 0.333992 0.417277  6.83843      140
0.595023 0.334431 0.439154  22.0207      140
0.596028 0.334846 0.415405 -23.6266      140
0.597033 0.335284 0.437293  21.7963      140
 0.59803 0.335668 0.383426 -53.9872      140
 0.59901 0.336053  0.39101   7.7395      140
0.600045 0.336447 0.383054 -7.68511      140
 0.60099  0.33685 0.421021  40.1925      140
0.602062 0.337271 0.397136 -22.2869      140
0.603022 0.337676 0.419686  23.4869      140
0.604031 0.338105 0.426404  6.65661      140
0.605024 0.338537 0.433039  6.68175      140
0.606038 0.338917 0.379246 -53.0629      140
0.607028  0.33932 0.401862  22.8516      140
0.608032 0.339728  0.40899  7.09488      140
0.609009 0.340152 0.431164   22.701      140
0.610013 0.340558 0.407581 -23.4895      140
0.611006 0.340973 0.414581  7.04888      140
0.612063 0.341383 0.390911 -22.3904      140
0.613017 0.341781 0.413612  23.8042      140
 0.61403 0.342189 0.405365  -8.1394      140
0.615034 0.342587 0.397331 -8.00191      140
0.616029 0.343006 0.419619  22.3961      140
0.617037 0.343407 0.396135 -23.2968      140
0.618008 0.343828 0.433746  38.7403      140
0.618986 0.344232 0.410205   -24.07      140
0.620029 0.344662 0.416897  6.41405      140
 0.62101 0.345081 0.423821  7.06293      140
0.622062 0.345499 0.399993 -22.6479      140
0.623019 0.345877 0.392353 -7.97846      140
0.624036 0.346263 0.384561 -7.66863      140
0.625007 0.346679 0.422276  38.8095      140
0.626013 0.347107 0.428993  6.68057      140
0.627037 0.347525 0.405181 -23.2427      140
 0.62805 0.347924 0.397109 -7.96975      140
0.629006 0.348302  0.38948  -7.9814      140
0.630029 0.348719 0.411811  21.8179      140
0.631008 0.349131 0.418859  7.20408      140
0.632062 0.349576 0.425251   6.0599      140
0.633025 0.349978 0.417139 -8.42572      140
0.634028 0.350389 0.408837 -8.28108      140
0.635023 0.350745 0.355525 -53.5449      140
0.636028 0.351168 0.423842  68.0134      140
0.637054 0.351612 0.430255  6.24719      140
 0.63805 0.351985   0.3766 -53.8781      140
0.638989 0.352351 0.384581   8.5009      140
0.640012 0.352777 0.422088  36.6702      140
0.641006 0.353191 0.413729 -8.41001      140
0.642071 0.353601 0.390078 -22.2165      140
0.643005 0.353964 0.382736 -7.85806      140
0.644029 0.354392  0.42023  36.6239      140
0.645023 0.354774 0.381763 -38.6824      140
 0.64606 0.355206 0.419175  36.0646      140
0.647047 0.355613  0.41094 -8.35105      140
0.648054 0.356032 0.417865  6.87499      140
0.648997 0.356393 0.379838 -40.3281      140
0.650013 0.356799 0.402386  22.1799      140
0.651015 0.357163 0.364278 -38.0386      140
0.652061 0.357553 0.371786    7.178      140
0.653018 0.357948  0.40991   39.857      140
 0.65403 0.358322 0.371601 -37.8427      140
0.655024 0.358686 0.364251 -7.39534      140
0.656029 0.359073 0.387185  22.8218      140
 0.65704 0.359504 0.424605  37.0082      140
0.658015 0.359864 0.371218 -54.7487      140
0.659008 0.360242 0.378952  7.79007      140
0.660036 0.360604  0.35627 -22.0682      140
0.661024 0.360969 0.364277  8.10625      140
0.662061 0.361321 0.341778 -21.6887      140
 0.66302 0.361717 0.410619  71.8078      140
0.664065 0.362119 0.387119 -22.4824      140
0.665003 0.362481 0.379818 -7.78614      140
0.666023 0.362873 0.387261  7.29349      140
0.667023 0.363253 0.379591 -7.67009      140
0.668015  0.36362  0.37218 -7.46691      140
0.669032 0.364005 0.379776  7.47169      140
0.670027 0.364407 0.402401  22.7355      140
0.671009 0.364766 0.364401 -38.7231      140
0.672059 0.365139 0.356871 -7.16664      140
0.673053 0.365519 0.379944   23.219      140
0.674045 0.365856 0.342388 -37.8663      140
0.675026 0.366203  0.35076   8.5357      140
 0.67603 0.366576 0.373961  23.1038      140
0.677008 0.366967 0.396818  23.3656      140
0.678022 0.367326 0.358815 -37.4967      140
0.679024 0.367683 0.351603 -7.19518      140
0.680028 0.368087 0.404934  53.0947      140
0.681031 0.368487 0.396854  -8.0634      140
0.682063  0.36887 0.373734 -22.3853      140
0.683036 0.369244 0.381561  8.04993      140
0.684016 0.369638  0.40434   23.241      140
0.685023 0.370009 0.366088 -37.9747      140
0.686028 0.370368 0.358837 -7.21119      140
 0.68703 0.370735 0.366809  7.95701      140
0.688028 0.371139 0.404755  38.0307      140
0.689024 0.371491 0.351525 -53.4637      140
 0.69003 0.371866 0.374696  23.0296      140
0.691023 0.372218 0.352214 -22.6291      140
0.692033 0.372578 0.360317  8.02667      140
0.693036 0.372966 0.383232  22.8519      140
0.694029 0.373338 0.375719 -7.56376      140
0.695024 0.373676 0.338148 -37.7727      140
0.696023 0.374047 0.376759   38.633      140
0.697023  0.37445 0.396524   19.766      140
0.698029 0.374824 0.375014 -21.3789      140
0.699031 0.375209 0.381187  6.16164      140
 0.70006 0.375576  0.35982 -20.7601      140
0.700989 0.375922 0.366769  7.48198      140
0.702062 0.376258 0.316699 -46.6687      140
0.703024 0.376639  0.39406  80.4351      140
0.704046 0.377004 0.358807 -34.4831      140
0.705034 0.377324 0.324457 -34.7831      140
0.706014 0.377704 0.386483  63.2666      140
0.707006 0.378069 0.365178 -21.4695      140
0.708015 0.378455 0.385257  19.9091      140
0.709025 0.378825 0.363844 -21.1868      140
0.710013 0.379162 0.343093 -21.0036      140
0.711006 0.379471  0.30898  -34.353      140
0.712064 0.379846 0.357196  45.5992      140
0.713021 0.380197 0.364046   7.1584      140
0.714037 0.380582  0.38414  19.7655      140
0.715024 0.380918 0.335535 -49.2552      140
0.716032 0.381247 0.328885 -6.60151      140
0.717057 0.381594 0.335835  6.77773      140
0.718022 0.381923 0.343119  7.55119      140
0.719008 0.382257 0.336378 -6.83087      140
0.720011 0.382599 0.343405  7.00542      140
0.721006 0.382936 0.336598 -6.84709      140
0.722064 0.383297 0.343262  6.29702      140
0.723032 0.383635 0.350372  7.34357      140
0.724038 0.383954 0.316029 -34.1423      140
 0.72501 0.384271 0.323576  7.76285      140
0.726012 0.384601 0.330854  7.26272      140
0.727025 0.384945 0.337851  6.91156      140
0.728028 0.385248 0.303848 -33.8926      140
0.729024 0.385615 0.366147  62.5279      140
0.730028 0.385932 0.317906 -48.0614      140
0.731008  0.38628 0.352709  35.5259      140
0.732072 0.386628 0.331733 -19.7042      140
 0.73302 0.386941 0.325399 -6.68522      140
 0.73403 0.387248 0.305265  -19.936      140
0.735024 0.387588 0.340218  35.1392      140
0.736028 0.387907 0.319828 -20.3186      140
0.737023 0.388221 0.313495 -6.36641      140
0.738032 0.388543 0.320935  7.37312      140
 0.73901 0.388853 0.314675 -6.39926      140
0.740013 0.389174 0.322134  7.43527      140
0.741014 0.389489 0.315762 -6.36659      140
 0.74206 0.389799 0.295547 -19.3185      140
0.743016 0.390105 0.317251  22.7021      140
0.744029 0.390445 0.338263  20.7511      140
0.745021  0.39079 0.345244  7.03555      140
0.746031 0.391102  0.31105 -33.8576      140
0.747022 0.391433 0.332242  21.3971      140
0.748029 0.391746 0.311991 -20.0938      140
0.749008 0.392061 0.319572  7.74411      140
 0.75002 0.392387 0.326917  7.26376      140
0.751007 0.392694 0.306778 -20.4031      140
0.752063 0.393037 0.327739   19.846      140
0.753006  0.39333 0.307885 -21.0497      140
0.754032 0.393652 0.315338  7.26398      140
0.755023  0.39396 0.309113 -6.28338      140
0.756031 0.394278  0.31664  7.46113      140
0.757008 0.394582 0.310481 -6.30776      140
0.758013 0.394914 0.331658   21.053      140
0.759033 0.395231 0.311324 -19.9367      140
0.760022 0.395534 0.305208 -6.18592      140
0.761024 0.395849 0.312781  7.55767      140
 0.76206 0.396164  0.30641 -6.15036      140
0.763005  0.39645 0.300632 -6.11157      140
0.764065 0.396775 0.308031  6.98471      140
0.765012  0.39705 0.288525 -20.5977      140
0.766026 0.397351 0.296404  7.76448      140
0.767025 0.397655 0.304205  7.81326      140
0.768039 0.397953 0.298176 -5.94432      140
0.769024 0.398245 0.292284 -5.98301      140
0.770014  0.39854 0.300262  8.05944      140
0.771007 0.398848 0.307983  7.77519      140
0.772062  0.39915  0.28794 -18.9976      140
0.773036 0.399413 0.268678 -19.7775      140
0.774031 0.399714 0.304412  35.9248      140
 0.77501 0.399995 0.284806 -20.0225      140
0.776029 0.400305 0.306428  21.2086      140
0.777033 0.400592 0.286683 -19.6802      140
0.778031 0.400901 0.308332  21.6865      140
0.779026 0.401217 0.315893  7.59968      140
0.780014 0.401481 0.268738 -47.7157      140
0.781006 0.401785 0.304426  35.9649      140
0.782062 0.402069 0.270787 -31.8639      140
0.783018 0.402377 0.320311  51.8136      140
0.784031 0.402638 0.259259  -60.281      140
0.785024 0.402947 0.308795  49.8727      140
0.786036 0.403222 0.275354 -33.0257      140
0.787022 0.403492 0.269913 -5.52374      140
0.788031 0.403757 0.264552 -5.31164      140
0.789009  0.40408 0.327732  64.6176      140
0.790012 0.404386 0.307595 -20.0668      140
0.791006 0.404674 0.287839 -19.8763      140
0.792063  0.40497 0.281857 -5.65693      140
0.793019 0.405223 0.262809 -19.9329      140
0.794028 0.405509 0.284921  21.9147      140
0.795032 0.405803 0.292933  7.97867      140
0.796026 0.406089 0.287157 -5.81184      140
0.797024 0.406344 0.254116 -33.1063      140
 0.79803 0.406634 0.290083  35.7645      140
0.799009 0.406914 0.284424 -5.77986      140
0.800046 0.407201 0.278631 -5.58763      140
0.800996 0.407437    0.246 -34.3535      140
 0.80206 0.407763 0.309151  59.3491      140
0.803006 0.408039 0.289641 -20.6229      140
0.804037 0.408328 0.283804 -5.65869      140
0.805032 0.408609 0.278135 -5.69591      140
0.806015 0.408876  0.27273 -5.49912      140
0.807005 0.409142 0.267372 -5.41255      140
0.808003 0.409402  0.26211 -5.27566      140
0.808986 0.409657 0.256955 -5.23954      140
0.809999 0.409908 0.251882 -5.01151      140
0.810983 0.410196 0.287898  36.5944      140
0.812004 0.410469 0.268438 -19.0522      140
0.813009 0.410746 0.276788   8.3146      140
0.814012 0.411046   0.2986   21.731      140
0.815015 0.411313 0.265333 -33.1744      140
0.816029 0.411602 0.287373  21.7454      140
0.817055  0.41185 0.240528  -45.651      140
0.818016 0.412088 0.249644   9.4882      140
0.819005 0.412346 0.258387  8.83348      140
 0.82001 0.412612 0.266942  8.51295      140
0.821004 0.412888 0.275322  8.43552      140
0.822066  0.41317 0.269617 -5.37091      140
 0.82303 0.413455 0.291733  22.9432      140
0.824044 0.413716 0.258586 -32.6898      140
0.825021 0.413966 0.253542 -5.16109      140
0.826012  0.41421 0.248595 -4.98981      140
0.827008 0.414468 0.257328  8.76929      140
0.828021 0.414722 0.252198 -5.06511      140
0.829025 0.414986  0.26082  8.58747      140
0.830028 0.415268 0.283003  22.1216      140
0.831015 0.415501 0.236484 -47.1182      140
0.832059 0.415771 0.258913  21.4924      140
 0.83303 0.416033 0.267571  8.91678      140
0.834035 0.416295 0.262267  -5.2756      140
0.835025 0.416565 0.270767  8.59032      140
0.836027 0.416816 0.251754 -18.9595      140
0.837021 0.417089 0.274107  22.5042      140
0.838012 0.417327 0.241419 -32.9888      140
0.839005 0.417591 0.263975  22.6925      140
0.840017 0.417836 0.245087 -18.6667      140
0.841021 0.418122 0.281144  35.9227      140
0.842059 0.418391  0.26175 -18.6913      140
0.843003 0.418649 0.270491  9.25817      140
0.844027 0.418891 0.237712 -32.0178      140
0.845025  0.41918 0.287643  50.0185      140
0.846028  0.41942  0.24096 -46.5204      140
0.847021 0.419683 0.263531  22.7294      140
0.848032 0.419915 0.230956 -32.2158      140
 0.84903 0.420181  0.26741  36.5607      140
0.850013 0.420413 0.234853 -33.1038      140
0.851004 0.420697 0.284877  50.4971      140
0.852057 0.420975 0.265319 -18.5585      140
0.853014 0.421212 0.246581 -19.5945      140
0.854025 0.421455  0.24167 -4.85473      140
0.855021  0.42172 0.264207  22.6242      140
0.856027 0.421965 0.245314 -18.7908      140
0.857004 0.422202 0.240538 -4.88681      140
0.858019 0.422424 0.222105 -18.1616      140
0.859022 0.422715 0.285951  63.6534      140
0.860012  0.42295 0.239379 -47.0464      140
0.861021 0.423188 0.234565 -4.77063      140
0.862058 0.423411 0.216119 -17.7853      140
0.863016 0.423642  0.23933  24.2415      140
0.864065 0.423886 0.234399 -4.70052      140
0.865002 0.424129 0.257357  24.5083      140
0.866029 0.424358 0.224834 -31.6649      140
 0.86703 0.424592 0.234048  9.20184      140
0.868027 0.424808 0.215751 -18.3464      140
0.869007  0.42503 0.225207  9.65189      140
 0.87001 0.425264 0.234427  9.19652      140
0.871004  0.42548 0.216119 -18.4055      140
0.872058 0.425702  0.21164 -4.24938      140
0.873017 0.425928 0.234933  24.3084      140
0.874031 0.426161 0.230244 -4.62209      140
0.875007 0.426382 0.225766 -4.58667      140
0.876033 0.426579 0.193909 -31.0519      140
0.877021 0.426769 0.190066 -3.89059      140
0.878028 0.426969  0.19996  9.82489      140
0.879022 0.427179 0.209671  9.77198      140
0.880012 0.427368 0.191917 -17.9263      140
0.881003 0.427583 0.215461  23.7664      140
 0.88206 0.427818 0.224647  8.69127      140
   0.883 0.428014 0.206755 -19.0276      140
0.884023 0.428206 0.188932 -17.4247      140
0.885029  0.42842 0.212503  23.4213      140
0.886027 0.428628 0.208291 -4.22087      140
0.887021 0.428819 0.190505 -17.8944      140
0.888027 0.429033 0.214069  23.4315      140
0.889009 0.429186 0.155205 -59.9105      140
0.890011 0.429338 0.152144 -3.05511      140
0.891005 0.429541 0.203799  51.9935      140
0.892058  0.42975  0.19958 -4.00535      140
0.893016 0.429939 0.195761 -3.98675      140
0.894034 0.430118 0.178201 -17.2493      140
0.895022 0.430348 0.229332  51.7516      140
0.896023 0.430517  0.17015 -59.1292      140
0.897023 0.430712 0.194091  23.9425      140
0.898027 0.430875 0.162919  -31.026      140
0.899006 0.431059 0.187078  24.6899      140
0.900048 0.431276 0.210584  22.5505      140
0.900995 0.431461 0.192916 -18.6662      140
0.902059 0.431632 0.161566 -29.4683      140
0.903028 0.431825  0.19948   39.129      140
0.904032 0.432022 0.195503 -3.96095      140
0.905023 0.432213 0.191647 -3.89093      140
 0.90606 0.432406 0.187739 -3.76756      140
0.907022 0.432584 0.184136 -3.74629      140
0.908013 0.432749 0.166872 -17.4062      140
 0.90902  0.43297 0.218182  50.9734      140
0.910027  0.43317 0.200192  -17.872      140
0.911005 0.433337 0.168955 -31.9248      140
0.912068 0.433524 0.179113  9.55716      140
0.913018 0.433681 0.162015 -18.0007      140
0.914033 0.433896 0.213437  50.6295      140
0.915025 0.434064  0.16822 -45.5898      140
0.916013 0.434239 0.178621   10.527      140
0.917005 0.434427 0.188757  10.2248      140
0.918019   0.4346 0.171318 -17.1863      140
0.919021 0.434756 0.154237 -17.0499      140
0.920015 0.434932 0.178555  24.4592      140
0.921015 0.435121 0.188692  10.1383      140
0.922063 0.435314 0.184778 -3.73627      140
0.923022 0.435463 0.153902 -32.1911      140
0.924046 0.435644 0.178127  23.6573      140
0.925025 0.435803 0.160984 -17.5197      140
0.926029 0.435974 0.171465  10.4369      140
0.927027 0.436143 0.168057 -3.41294      140
0.928032 0.436321 0.178402  10.2992      140
0.929017 0.436508 0.188561  10.3104      140
0.930039 0.436708 0.198463  9.68962      140
0.931029 0.436903 0.194521 -3.98273      140
0.932065 0.437113 0.204221   9.3568      140
0.933033 0.437282 0.172942 -32.3213      140
0.934027 0.437436 0.155884  -17.162      140
0.935023  0.43763 0.193792  38.0653      140
0.936015  0.43779 0.162672 -31.3694      140
0.937021 0.437952 0.159409 -3.24206      140
 0.93803 0.438095 0.142581  -16.686      140
0.939015 0.438259 0.167142  24.9433      140
0.940016 0.438437 0.177491  10.3377      140
0.941025 0.438599 0.160261 -17.0811      140
 0.94205 0.438773 0.170691  10.1669      140
0.943018 0.438937 0.167391 -3.40987      140
0.944032 0.439102 0.164057 -3.28943      140
0.945027 0.439263 0.160802 -3.27027      140
0.946014 0.439444 0.185015  24.5244      140
0.947025 0.439615 0.167627  -17.201      140
0.948022  0.43979 0.178031  10.4381      140
0.949022 0.439994 0.201786  23.7558      140
0.950029 0.440165  0.17045 -31.1224      140
0.951023 0.440305 0.139746  -30.883      140
0.952061 0.440502 0.191542  49.8842      140
0.953003  0.44068  0.18794 -3.82448      140
0.954013 0.440865 0.184204 -3.69935      140
0.955024 0.441049 0.180491  -3.6709      140
0.956036 0.441227   0.1769 -3.55104      140
0.957031 0.441399 0.173424 -3.49222      140
0.958044 0.441571  0.16994  -3.4408      140
0.959004 0.441719 0.153014 -17.6332      140
0.960021 0.441857  0.13629 -16.4394      140
0.961024 0.442019 0.160894   24.524      140
0.962062 0.442182 0.157613 -3.16009      140
0.963006 0.442381 0.209331  54.8053      140
0.964029 0.442561 0.177792 -30.8282      140
0.965026 0.442736 0.174258 -3.54394      140
0.966034 0.442921 0.184477  10.1425      140
 0.96704 0.443118 0.194437  9.89997      140
0.968009 0.443276 0.163365 -32.0684      140
0.968983  0.44346 0.187528  24.8155      140
 0.97003  0.44365 0.183686 -3.66807      140
0.971024 0.443858 0.207381  23.8332      140
0.972062 0.444053  0.18949 -17.2428      140
0.973014 0.444205 0.158544 -32.5143      140
0.974028 0.444389 0.182707   23.812      140
0.975033 0.444555 0.165419  -17.211      140
 0.97603 0.444703  0.14848 -16.9841      140
0.977062 0.444882 0.172755  23.5193      140
0.978051 0.445049 0.169392 -3.40156      140
0.979004 0.445196  0.15248 -17.7469      140
0.980014 0.445372 0.176799  24.0741      140
0.981006 0.445546 0.173302 -3.52698      140
0.982064 0.445724 0.169697 -3.40514      140
0.983001 0.445881  0.16652 -3.39029      140
0.984022 0.446059 0.176868  10.1439      140
   0.985 0.446231 0.173394 -3.55115      140
 0.98603 0.446405 0.169879 -3.41353      140
0.987056 0.446591 0.180074  9.93058      140
0.988052 0.446752 0.162875 -17.2695      140
0.989014  0.44692 0.173416  10.9573      140
0.990011 0.447089 0.170013 -3.41528      140
0.991006 0.447255 0.166647 -3.38261      140
0.992062 0.447441 0.176846  9.65672      140
0.993042 0.447623 0.187093  10.4572      140
0.994007 0.447802  0.18348 -3.74407      140
   0.995 0.447996 0.193517  10.1097      140
0.996032 0.448175  0.17595 -17.0247      140
0.997025 0.448334 0.158799 -17.2754      140
0.998029 0.448516 0.182994   24.082      140
0.999007 0.448679 0.165759 -17.6271      140
