          0  0.00880099 -0.00865242           0           0
0.000992537 0.00876277 -0.0386257   -30.1986        180
0.00199175 0.00869481 -0.0680013   -29.3988        180
0.00300074 0.00870358 0.00870058    76.0187        180
0.00400209 0.00865204 -0.0517526   -60.3712        180
0.00499535 0.00860128 -0.0507279    1.03166        180
  0.006001 0.00858166 -0.0195841    30.9689        180
0.00699043 0.00857752 -0.0041277    15.6214        180
 0.0080061  0.0085582 -0.0191136   -14.7548        180
0.00899529 0.00850954 -0.0488779   -30.0894        180
 0.0100427 0.00847559 -0.0328137    15.3377        180
 0.0110083 0.00845882 -0.0171046    16.2688        180
 0.0120361 0.00844165 -0.0167585   0.336734        180
 0.0130091 0.00842552 -0.0164333   0.334266        180
 0.0140183 0.00839419 -0.0311757   -14.6076        180
 0.0150096 0.00836369 -0.0305602   0.620901        180
 0.0160224 0.00831832 -0.0450194   -14.2765        180
 0.0170124 0.00828938  -0.029062      16.12        180
 0.0180013 0.00823166 -0.0586399   -29.9081        180
 0.0190029 0.00820431 -0.0273402    31.2498        180
 0.0200515 0.00817618 -0.0267726   0.541354        180
 0.0210071 0.00815087 -0.0262619    0.53443        180
 0.0220201 0.00809452 -0.0558747   -29.2316        180
  0.023016 0.00803968 -0.0547673    1.11195        180
  0.024018 0.00804622 0.00659406    61.2345        180
  0.0250106   0.0080376 -0.00860623    -15.3146         180
 0.0260179 0.00798388 -0.0536442   -44.7108        180
  0.0269892  0.00797664 -0.00738612     47.6241         180
  0.028012 0.00795415 -0.0223073   -14.5883        180
 0.0289958  0.0079624 0.00827357    31.0871        180
 0.0300322 0.00790866 -0.0521558   -58.3067        180
 0.0309899 0.00788831 -0.0210054    32.5253        180
 0.0320506 0.00783525 -0.0506955   -27.9904        180
 0.0330038  0.0077875 -0.0497303    1.01252        180
  0.0340185  0.00778396 -0.00353182     45.5288         180
 0.0350132 0.00775038 -0.0336012   -30.2301        180
 0.0360024 0.00770321 -0.0480193   -14.5755        180
 0.0369942 0.00768646 -0.0169349    31.3407        180
 0.0380163 0.00770032  0.0135405    29.8165        180
 0.0390038  0.0076684 -0.0319367   -46.0515        180
 0.0400517 0.00765164 -0.0162185    15.0005        180
 0.0410385 0.00766538  0.0142414    30.8669        180
  0.0420196  0.00766429 -0.00111052    -15.6478         180
 0.0430264 0.00763257 -0.0312225   -29.9074        180
 0.0440223 0.00760232 -0.0306109   0.614168        180
 0.0450134 0.00758744 -0.0149359    15.8156        180
 0.0460265 0.00760298  0.0154992    30.0434        180
  0.047015 0.00758804 -0.0149471    -30.801        180
 0.0480065 0.00760333  0.0154884    30.6938        180
  0.0490017  0.00760347 0.000113842    -15.4493         180
 0.0500531 0.00755586  -0.045072   -42.9758        180
0.0509951 0.0075712 0.0160849   64.9229       180
 0.0520225 0.00760276  0.0308263    14.3491        180
 0.0530059 0.00757303 -0.0300628   -61.9121        180
 0.0540297 0.00758919  0.0157446    44.7439        180
 0.0550051 0.00757494 -0.0147063   -31.2199        180
 0.0560224 0.00756035 -0.0144105   0.290817        180
 0.0570161 0.00757639  0.0160143    30.6168        180
 0.0580044 0.00753265 -0.0445868   -61.3219        180
 0.0589967 0.00753419 0.00150477    46.4493        180
 0.0600531 0.00755155  0.0165361    14.2284        180
 0.0610266 0.00753791 -0.0139303   -31.2969        180
 0.0620337 0.00752426 -0.0136542   0.274138        180
 0.0630155 0.00754084  0.0167559    30.9736        180
  0.064028 0.00754222 0.00135442   -15.2104        180
 0.0650125 0.00754357 0.00132765 -0.0271901        180
 0.0660198 0.00752981 -0.0137682   -14.9862        180
 0.0669997 0.00751654 -0.0134996   0.274129        180
 0.0680034 0.00753343  0.0169072    30.2934        180
 0.0689979 0.00751987  -0.013567   -30.6445        180
 0.0700533 0.00752175 0.00177698    14.5375        180
 0.0710127 0.00753801  0.0168178    15.6774        180
 0.0720205 0.00758475  0.0466229    29.5745        180
  0.073024 0.00757017 -0.0145794   -60.9886        180
 0.0740201 0.00755592 -0.0142913   0.289251        180
 0.0750151 0.00755701 0.00106148    15.4312        180
 0.0760221 0.00758824  0.0311795    29.9063        180
 0.0770001 0.00757384 -0.0146444    -46.855        180
  0.0780025  0.00757456 0.000714829     15.3238         180
  0.0789967  0.00757527 0.000700672  -0.0142394         180
 0.0800598 0.00760779  0.0308089     28.321        180
 0.0810108 0.00763675  0.0302237  -0.615356        180
   0.0820332   0.00763623 -0.000516803     -30.0688          180
 0.0830162 0.00768075  0.0447042    46.0031        180
 0.0840218 0.00772443  0.0438218  -0.877466        180
  0.0850148  0.00772217 -0.00225586    -46.4019         180
 0.0860388 0.00773524  0.0128567    14.7582        180
0.0869853 0.0077762 0.0427647   31.5978       180
 0.0880024 0.00780322  0.0268442    -15.653        180
 0.0889974 0.00781448  0.0112425   -15.6813        180
 0.0900526 0.00782603  0.0110094  -0.220952        180
 0.0910046 0.00780765 -0.0193522   -31.8923        180
 0.0920236 0.00781906  0.0111721    29.9552        180
  0.093019 0.00783002  0.0109505  -0.222649        180
 0.0940199 0.00785569  0.0258051    14.8415        180
  0.0949974  0.00785091 -0.00484197     -31.352         180
 0.0960205 0.00784607 -0.0047445  0.0952805        180
 0.0970004 0.00785632    0.01042    15.4755        180
 0.0980031 0.00789649  0.0403551    29.8519        180
 0.0990443 0.00793788  0.0395188  -0.803282        180
   0.100067  0.00793136 -0.00647504    -44.9888         180
  0.100995 0.00796833  0.0388781    48.8633        180
  0.102019 0.00800694  0.0380983  -0.761317        180
  0.103013 0.00804426  0.0373447  -0.758205        180
  0.104022 0.00802053  -0.023674   -60.5037        180
  0.105015 0.00802747 0.00693404    30.8233        180
   0.10602 0.00806442  0.0369362    29.8265        180
  0.106999 0.00810007  0.0362162  -0.735778        180
  0.108003 0.00812048  0.0204305   -15.7231        180
  0.109024 0.00815621  0.0350858    14.3585        180
  0.110041 0.00820661  0.0494449    14.1111        180
  0.111012 0.00825398  0.0484881  -0.985793        180
  0.112025 0.00833196  0.0776623    28.7852        180
  0.113003 0.00839218  0.0610739     -16.97        180
 0.114007 0.0084369 0.0447969  -16.2086       180
 0.115002  0.008496 0.0589775   14.2529       180
  0.116011 0.00858411  0.0879464    28.7041        180
  0.116993 0.00863964  0.0560795   -32.4652        180
  0.118019 0.00871021   0.070029    13.5971        180
  0.119003 0.00879402  0.0837104    13.9044        180
 0.120042 0.0088942 0.0970654   12.8475       180
   0.12096 0.00897031  0.0801612   -18.4112        180
   0.12263 0.00919615   0.137477     34.333        180
 0.123427 0.0093056   0.13526   -2.7803       180
 0.123933 0.0093056   0.13526         0       180
  0.125001 0.00946402   0.101131   -31.9311        180
  0.125994 0.00962325   0.159407    58.6999        180
 0.126989 0.0098085  0.186407   27.1512       180
  0.128005 0.00996163    0.15256   -33.2938        180
 0.128995 0.0101413  0.179675   27.3977       180
 0.130025 0.0103223  0.176015  -3.55183       180
 0.130995 0.0105043  0.187704   12.0523       180
 0.132018 0.0107231  0.214035   25.7495       180
 0.133012 0.0109465  0.224893   10.9184       180
 0.134008 0.0111659  0.220457  -4.45335       180
 0.135018 0.0114144  0.246185   25.4929       180
 0.136051 0.0117254  0.301415   53.4249       180
 0.137003 0.0120343  0.325903   25.7359       180
 0.137997 0.0123827  0.349609   23.8439       180
 0.138996 0.0127252  0.342686  -6.92768       180
 0.140043 0.0130762  0.335592  -6.77636       180
 0.141016 0.0134842  0.419567   86.3277       180
 0.141994 0.0138717  0.396367  -23.7336       180
 0.142991 0.0143524  0.478903   82.7185       180
 0.143979 0.0148026  0.454432  -24.7675       180
 0.144989 0.0153426  0.535773   80.5594       180
 0.145983 0.0158746  0.540395   4.64843       180
 0.146974 0.0164947   0.62011   80.4698       180
 0.147996 0.0170961  0.592582  -26.9329       180
 0.148998 0.0177382  0.641105   48.4336       180
 0.150046 0.0184425  0.673018   30.4561       180
 0.151006 0.0191344  0.720511   49.4781       180
 0.151998 0.0198799  0.751569   31.3063       180
 0.152998 0.0206616  0.781897   30.3159       180
 0.154014 0.0214861  0.811369   29.0106       180
 0.155021 0.0223407  0.855598   43.9186       180
 0.156013 0.0232403   0.89892   43.6577       180
0.156991 0.024176 0.956868  59.2816      180
 0.157996 0.0251639  0.983035   26.0324       180
 0.158994 0.0262007   1.03896    56.047       180
 0.160043 0.0273461   1.09272   51.2173       180
 0.161006 0.0284227   1.11708   25.3048       180
 0.162013 0.0295845   1.15511   37.7772       180
 0.163012 0.0307618   1.17744   22.3451       180
 0.164022 0.0320076   1.24452   66.4161       180
 0.165045 0.0333101   1.26434   19.3884       180
  0.16602 0.0345641   1.28512   21.2913       180
 0.166985 0.0358555   1.33588   52.6047       180
 0.167995 0.0372508   1.38456   48.2299       180
 0.169016 0.0387146   1.43188   46.3253       180
 0.170045 0.0402345   1.47807   44.8741       180
 0.170997 0.0416656   1.51062   34.2095       180
  0.17202 0.0432538   1.55542   43.8021       180
0.173021 0.044837  1.58493  29.4783      180
0.174012 0.046451  1.61382  29.1491      180
 0.175042 0.0481712   1.67134    55.845       180
 0.176036 0.0498728   1.71383   42.7458       180
 0.176991 0.0515388   1.74164   29.1136       180
 0.177995 0.0533283   1.78236   40.5806       180
0.178993 0.055117  1.79235   10.001      180
 0.180011 0.0569967   1.84663   53.3358       180
 0.181007 0.0588598   1.87049   23.9549       180
 0.18202 0.060776  1.90865   37.679      180
0.182999 0.062699  1.94666    38.83      180
 0.183995 0.0646575   1.96859     22.02       180
 0.184998 0.0667005   2.03494   66.1176       180
 0.186015 0.0687882   2.05427   19.0148       180
 0.187003 0.0708264   2.05922   5.00011       180
 0.188011 0.0729651   2.12364   63.9363       180
 0.188998 0.0750943   2.15748   34.2739       180
 0.190043 0.0773635   2.17316   15.0049       180
0.191014 0.079474    2.192  19.4126      180
 0.192012 0.0816978   2.20857   16.6012       180
 0.193012 0.0839835   2.28539   76.8047       180
  0.194013  0.0862708    2.28531 -0.0845384        180
 0.195011 0.0885644   2.30047   15.1899       180
 0.196027 0.0909772   2.37474   73.1066       180
0.196978 0.093249  2.37494 0.218391      180
  0.19801 0.0957138   2.40204   26.2466       180
0.198978 0.098052  2.40091 -1.16417      180
0.200013 0.100513   2.4127  11.3882      180
0.200989 0.102949  2.45573  44.0696      180
0.202012 0.105458  2.46656  10.5891      180
0.203012 0.107951  2.49306  26.5011      180
0.204013 0.110472    2.519  25.8976      180
0.205045 0.113061  2.51283 -5.97431      180
0.206036 0.115577  2.53887  26.2822      180
0.206979 0.118014  2.56648  29.2806      180
0.208011 0.120669  2.58972  22.5191      180
0.208984 0.123166  2.57002 -20.2367      180
0.210042 0.125914  2.59141  20.2128      180
0.210991 0.128401  2.61802  28.0488      180
0.212013 0.131054  2.59518 -22.3477      180
0.213012 0.133715   2.6644  69.2941      180
0.214012 0.136417  2.70207   37.666      180
0.215043 0.139173  2.67716 -24.1687      180
0.216034 0.141848  2.69998  23.0282      180
 0.21698 0.144417  2.69417 -6.13662      180
0.218003 0.147155  2.71574   21.079      180
0.218994 0.149919  2.76751  52.2705      180
0.220043 0.152808   2.7553  -11.637      180
0.221006  0.15543  2.71771 -39.0157      180
0.222012 0.158215  2.76906  51.0532      180
0.223012  0.16096  2.74436 -24.7084      180
0.224013 0.163758  2.79546  51.0404      180
0.225042 0.166602  2.76875 -25.9606      180
0.226039 0.169383  2.78945   20.764      180
0.226998 0.172048  2.79708  7.95576      180
0.227995 0.174878  2.81677  19.7415      180
0.228993 0.177724  2.85152  34.8225      180
0.230043 0.180671  2.80738 -42.0495      180
0.231006 0.183409  2.84428  38.3286      180
0.232013 0.186249  2.81765 -26.4505      180
0.232996 0.189039  2.83816  20.8468      180
0.233993 0.191857  2.82734 -10.8492      180
0.234994 0.194722  2.86171  34.3233      180
0.236041 0.197645  2.81804 -41.7137      180
0.236988 0.200376  2.85508  39.1339      180
0.238014 0.203324  2.87241  16.8855      180
0.239013 0.206212  2.89094  18.5486      180
 0.24005 0.209174  2.87724 -13.2052      180
0.241008 0.211954  2.88255  5.54122      180
0.242028 0.214897  2.88461  2.01977      180
0.243012 0.217728  2.87355 -11.2437      180
0.244012 0.220619    2.892  18.4583      180
0.245021 0.223484  2.86488 -26.8804      180
0.246013 0.226386  2.89851   33.895      180
0.246997 0.229286  2.94753  49.8219      180
0.247995 0.232167  2.88933 -58.3248      180
0.248994 0.235056  2.89246   3.1281      180
0.250045 0.238126  2.92272  28.7914      180
0.251009 0.240903  2.88199 -42.2658      180
0.252004 0.243746  2.87069 -11.3523      180
0.253014 0.246696  2.90336   32.344      180
0.254021 0.249586  2.89108 -12.1822      180
0.255012 0.252472  2.88856 -2.54961      180
0.256013 0.255347   2.8723 -16.2333      180
0.257013 0.258228  2.88381  11.5224      180
0.257995 0.261048  2.86867 -15.4025      180
0.258994 0.263895  2.85298 -15.7207      180
0.260043 0.266841   2.8074 -43.4148      180
0.261006 0.269548  2.80848  1.12127      180
0.262012 0.272345  2.77986 -28.4578      180
0.263021 0.275138  2.79315  13.1676      180
0.263996 0.277872  2.77973 -13.7671      180
0.265012 0.280693  2.77853  -1.1826      180
0.266012 0.283447  2.75078 -27.7234      180
0.267013  0.28617  2.72365 -27.1286      180
0.268012 0.288865   2.6971  -26.572      180
0.268995 0.291533  2.71289  16.0447      180
0.270042 0.294343  2.68403 -27.5554      180
0.271005 0.296906  2.66012  -24.826      180
0.272021 0.299559  2.63441 -25.3106      180
0.273012 0.302182  2.62325 -11.2632      180
0.274012 0.304781  2.59864 -24.6157      180
0.275012 0.307355  2.57452 -24.1283      180
0.276014 0.309939   2.5781  3.57113      180
0.277003 0.31249 2.58233 4.27629     180
0.277997 0.315025  2.54506 -37.4604      180
0.279027   0.3176  2.50698 -36.9998      180
0.280009 0.320084  2.51255  5.66884      180
0.280997 0.322485  2.45011 -63.2154      180
0.282013 0.324972  2.44172 -8.26207      180
0.283015 0.327372  2.39324 -48.3825      180
0.283996 0.329714  2.38774 -5.60354      180
0.284994 0.332077  2.36789 -19.8946      180
0.286042 0.334518  2.33253 -33.7292      180
0.287003 0.336747  2.31538 -17.8505      180
0.288012 0.339076  2.31016 -5.17212      180
0.288996 0.341293  2.25142  -59.654      180
0.290051 0.343667  2.27321  20.6605      180
0.290991  0.3458 2.24405     -31     180
0.292012  0.34806  2.21235 -31.0528      180
0.293011 0.350267  2.20958 -2.76792      180
0.294012 0.352462  2.19312 -16.4485      180
0.294996 0.354578  2.15039 -43.4232      180
0.296012 0.356733  2.12079 -29.1132      180
0.297019 0.358868   2.1195 -1.28514      180
0.298044 0.361008   2.0902   -28.58      180
0.298989 0.362939  2.05118 -41.3081      180
0.300016 0.365018  2.02315 -27.2814      180
0.301008 0.367026  2.01046 -12.7957      180
0.302012 0.369012  1.98427 -26.0656      180
0.303013 0.370973  1.95861 -25.6492      180
0.304011 0.372902  1.93357 -25.0785      180
0.305012 0.374841  1.93624  2.66616      180
0.306037 0.376756  1.86966 -64.9704      180
0.307018 0.378582  1.86064 -9.19169      180
0.308042 0.380428  1.82336 -36.4184      180
0.308994  0.3822 1.82938 6.31678     180
0.310043 0.384096  1.81896 -9.92915      180
 0.31102 0.385825   1.7701 -50.0287      180
0.312027  0.3876 1.76214 -7.9034     180
0.313011  0.38933  1.75506 -7.18503      180
0.314013  0.39104  1.70657 -48.4354      180
0.315011 0.392723  1.68652 -20.0772      180
0.315997  0.39438  1.68092 -5.68292      180
0.317019 0.396049  1.64721 -32.9851      180
0.318012 0.397653  1.60086 -46.6421      180
0.318995 0.399209  1.58336 -17.8041      180
0.320044 0.400891  1.60519  20.8246      180
 0.32102 0.402415  1.56046 -45.8049      180
0.322017 0.403928  1.51595 -44.6465      180
0.323012  0.40542  1.49975 -16.2829      180
0.324013 0.406905  1.48369 -16.0462      180
0.324996 0.408348  1.46847  -15.483      180
0.326002 0.409783  1.43949 -28.8031      180
0.326994 0.411182  1.39729  -42.539      180
 0.328011  0.412602   1.39648 -0.789003       180
   0.329 0.413955  1.36916 -27.6422      180
 0.330043  0.415383   1.36821 -0.907417       180
0.330994 0.416673  1.35608 -12.7531      180
0.332013 0.418013  1.31506 -40.2652      180
0.333028  0.41932  1.28866 -26.0057      180
0.333992 0.420584  1.30494   16.892      180
0.335021  0.42187  1.26502 -38.7817      180
0.336046 0.423191  1.28017  14.7802      180
0.337017 0.424398  1.24185 -39.4676      180
0.338001 0.425615  1.24513  3.33393      180
0.338994 0.426822  1.20682 -38.5985      180
0.340027 0.428028   1.1685 -37.0997      180
0.341025 0.429221  1.20017  31.7382      180
0.342018 0.430392  1.17652  -23.806      180
0.343013 0.431542  1.15329 -23.3532      180
0.344031 0.432705  1.15767  4.30576      180
0.345013 0.433862  1.16219  4.60238      180
0.346002 0.434983  1.13955 -22.8946      180
0.347012 0.436131  1.13029 -9.16041      180
0.347997 0.43725 1.13557 5.36371     180
0.348994  0.4384 1.15416 18.6432     180
0.350044 0.439571  1.11656 -35.8186      180
 0.35099 0.440648  1.13661   21.188      180
0.351996 0.441781  1.12765 -8.90807      180
0.353024 0.44295 1.14587 17.7226     180
0.353995 0.444051  1.12363 -22.8948      180
0.354995 0.445165  1.11507 -8.56536      180
0.355992 0.44631  1.1477 32.7167     180
0.356985 0.447391  1.08404 -64.0917      180
0.357976 0.448501  1.11739  33.6583      180
0.358997 0.449626   1.1086 -8.60523      180
0.360029 0.450759  1.09966 -8.67079      180
0.360989 0.451823  1.10605  6.64875      180
0.362006 0.452942  1.11132  5.18671      180
0.363002 0.454064  1.11654  5.23912      180
0.363999 0.455184  1.12181  5.28114      180
 0.36503 0.456315  1.09896  -22.176      180
0.365988 0.457376   1.1054  6.72988      180
0.367001 0.458527  1.13791  32.0962      180
   0.368 0.459656  1.12905 -8.86938      180
0.368994  0.46077  1.12049 -8.61145      180
0.370027 0.46193 1.12494 4.31781     180
0.371015 0.463038  1.13045   5.5683      180
0.372017 0.464187  1.13512   4.6702      180
0.373017 0.465339  1.15367  18.5457      180
0.373996 0.466407  1.09029 -64.7375      180
0.374993 0.467528  1.12341  33.1918      180
0.376002 0.468651  1.11466 -8.68316      180
0.377007 0.469764  1.10612 -8.49841      180
0.378031 0.470874   1.0837 -21.8872      180
0.378999 0.471968  1.13129  49.1933      180
0.380055 0.473126  1.10789 -22.1535      180
0.380997 0.474194  1.11419  6.67526      180
0.382014 0.475326  1.11922  4.94771      180
0.383007  0.47643  1.11085 -8.42157      180
0.383997 0.477521  1.10276 -8.17608      180
0.384996 0.478629  1.10826  5.50055      180
0.385998 0.479716  1.08629 -21.9343      180
0.387008 0.480834  1.10554  19.0435      180
0.388002 0.481939  1.11111  5.60578      180
0.389009 0.483053  1.11649  5.33769      180
0.390046  0.48421  1.10705 -9.09676      180
0.391024 0.485312  1.12662  20.0038      180
0.392015 0.486408  1.10448 -22.3371      180
0.393013 0.487474  1.06899 -35.5641      180
0.393999 0.48856 1.10281 34.3146     180
0.395012 0.48967 1.09434 -8.3625     180
0.396015 0.490759  1.08629 -8.02759      180
0.396992 0.491827  1.09259  6.44324      180
0.398067 0.492966  1.06958 -21.3955      180
0.398995 0.493996  1.09058  22.6181      180
0.400045 0.495124  1.08174 -8.41423      180
0.401024 0.496177  1.07442 -7.48057      180
0.402015 0.497262  1.09431   20.077      180
0.403018 0.498337   1.0726 -21.6581      180
0.404004 0.499388   1.0653 -7.39644      180
0.405015 0.500457  1.05767 -7.56041      180
0.406017  0.50151  1.05033 -7.31996      180
0.407015 0.502558  1.05705  6.73307      180
0.408045 0.503658  1.06271  5.50346      180
0.408989 0.504618  1.01545 -50.0491      180
0.410047 0.505699  1.02153  5.74466      180
0.411013 0.506719  1.05666  36.3776      180
0.412033  0.50776  1.02168 -34.3039      180
0.413014 0.508757  1.01548 -6.32356      180
0.414013 0.509753 0.995371 -20.1126      180
0.415014 0.510798  1.04397  48.5598      180
0.416015 0.511793  1.00992 -34.0255      180
0.417003 0.512786  0.98986 -20.2962      180
0.418016 0.513769 0.970007 -19.6119      180
0.419019 0.514778   1.0054  35.2906      180
0.420052 0.515746 0.943998 -59.4135      180
0.421026  0.51668 0.953015  9.26068      180
0.422015 0.517632 0.961663  8.74218      180
0.423019 0.518592 0.956211 -5.43144      180
0.424005 0.519537 0.965009   8.9266      180
0.425006 0.520482  0.94592 -19.0632      180
0.425998 0.521396 0.913503 -32.6766      180
0.427015  0.52232 0.908794 -4.63139      180
0.428015 0.523212 0.890778 -18.0123      180
0.429016 0.524099 0.886807 -3.96781      180
0.430053 0.524994  0.86871 -17.4496      180
0.431012 0.525814 0.852155 -17.2637      180
0.432014 0.526682 0.862509  10.3328      180
0.433015 0.527542 0.859082   -3.424      180
0.434007 0.528396 0.869694  10.6996      180
0.434996 0.529234  0.83884  -31.183      180
0.436004 0.530071 0.835862 -2.95477      180
0.437017 0.530934 0.846326  10.3346      180
0.438019 0.531734 0.802287 -43.9371      180
0.439018 0.532564  0.82735  25.1006      180
0.440047 0.533411 0.824175  -3.0859      180
0.441011 0.534178 0.794748 -30.5129      180
0.442013 0.534958 0.778997 -15.7294      180
0.443023 0.535751 0.790857  11.7348      180
0.444015 0.536527 0.775183 -15.8029      180
0.445015 0.537272 0.746179 -29.0128      180
0.446014 0.538004 0.731405 -14.7859      180
 0.447003  0.538726  0.730762 -0.650336       180
0.448005 0.539444 0.716249 -14.4765      180
0.449015  0.54018 0.729269  12.9017      180
0.450047 0.540903 0.700712   -27.65      180
0.451012 0.541579    0.701 0.298956      180
 0.452031  0.542287  0.700634 -0.359162       180
0.453018 0.542999 0.714134  13.6701      180
0.454017 0.543697 0.700037 -14.1109      180
 0.455015  0.544397  0.699839 -0.198344       180
 0.456014  0.545095  0.699675 -0.164468       180
0.457003 0.545774 0.685959 -13.8659      180
0.458014 0.546454 0.672229 -13.5846      180
0.459001 0.547117  0.67277 0.547304      180
0.460047 0.547792 0.645195 -26.3695      180
0.461017 0.548401 0.632888 -12.6831      180
0.462014 0.549039 0.633945  1.06027      180
0.463014 0.549674 0.635071  1.12631      180
0.463999 0.550314 0.650007  15.1546      180
0.464997  0.55095 0.637174 -12.8683      180
0.465999 0.551562 0.610854 -26.2471      180
0.467016 0.552199 0.625881  14.7814      180
0.468018   0.5528 0.599799 -26.0276      180
0.468999  0.55339 0.601825  2.06553      180
0.470058 0.554023 0.602989  1.09894      180
0.470995 0.554596 0.605337   2.5073      180
0.472017 0.555216 0.606766  1.39773      180
0.473014 0.555823 0.608441  1.67919      180
0.474013 0.556433 0.610071  1.63252      180
0.475014 0.557004 0.570646 -39.3812      180
0.476013 0.557535 0.532036 -38.6681      180
0.477015 0.558113 0.576135  43.9967      180
0.477997 0.558654 0.551261 -25.3286      180
0.479005 0.559207 0.554033  2.75055      180
0.480047 0.559777 0.542519 -11.0479      180
0.480994 0.560271 0.518592 -25.2789      180
0.482014 0.560815   0.5355  16.5687      180
0.483013 0.561367 0.552239  16.7487      180
0.484014 0.561908 0.541305 -10.9325      180
0.485014 0.562439 0.530574 -10.7287      180
0.486014 0.562945 0.506403 -24.1558      180
0.487015 0.563469 0.523708   17.286      180
0.488006  0.56396 0.499854 -24.0915      180
0.488996 0.564491 0.530955  31.3952      180
0.490047 0.565051 0.533591  2.50945      180
0.490995 0.565535 0.509884 -25.0018      180
0.492018 0.566046  0.49956 -10.0941      180
0.493012  0.56656 0.517049  17.5781      180
0.494016 0.567055 0.493104 -23.8548      180
0.494996 0.567542 0.497203  4.18203      180
0.495997 0.568044 0.501013  3.80631      180
0.497007 0.568549  0.50475  3.69886      180
0.498011  0.56905 0.494626  -10.086      180
0.498974  0.56952 0.485142 -9.84831      180
0.500047 0.570026 0.474909 -9.53828      180
0.501013 0.570476 0.465821 -9.41165      180
0.502015 0.570989 0.511223  45.2754      180
0.503015 0.571477 0.487434 -23.7899      180
0.504016 0.571982 0.505104  17.6536      180
0.505014 0.572449 0.467789 -37.3887      180
0.506023 0.572921 0.472193  4.36462      180
0.506999 0.573391  0.47665  4.56809      180
0.508031 0.573858 0.453259 -22.6581      180
0.509001 0.574329 0.485562  33.3304      180
0.510045 0.574812 0.461868 -22.6789      180
0.511008 0.575288 0.494062  33.4401      180
0.512014 0.575761 0.470555 -23.3645      180
0.513013 0.576222 0.461255 -9.31334      180
0.514005 0.576695 0.479575  18.4525      180
0.515006 0.577137 0.442764 -36.7778      180
0.515998 0.577612 0.474987  32.4962      180
0.517018 0.578087 0.465396 -9.40131      180
0.518014 0.578555 0.469891  4.51509      180
0.519015 0.579016  0.46057 -9.30873      180
0.520047  0.57951 0.478492  17.3647      180
 0.52101 0.579949 0.455685   -23.69      180
0.522014 0.580411 0.460292   4.5863      180
0.523018 0.580876 0.464844  4.53747      180
0.524008 0.581338 0.469454  4.65577      180
0.525001 0.581772 0.432799 -36.9128      180
0.525997 0.582222 0.451595  18.8694      180
0.527016   0.5827 0.469821  17.8853      180
0.528015 0.583174 0.474184  4.36706      180
   0.529 0.583632 0.464935 -9.39089      180
0.530031 0.584101 0.455464 -9.18664      180
0.531011 0.584539 0.446614 -9.02927      180
0.532018 0.584994 0.451365  4.71651      180
0.533026  0.58545 0.456103  4.70207      180
0.534015 0.585923 0.474422  18.5144      180
0.535015 0.586374 0.451371  -23.069      180
0.536001 0.586824 0.456226  4.92377      180
0.536998 0.587284 0.460876  4.66267      180
0.537997 0.587762 0.479101  18.2476      180
0.539016 0.588254 0.483099  3.92361      180
0.540048 0.588728 0.459576 -22.7909      180
0.540996 0.589156 0.450937 -9.11402      180
0.542006 0.589613 0.455655  4.66851      180
0.543015 0.590108 0.487473  31.5645      180
0.544013 0.590545 0.436832 -50.7054      180
0.545015 0.590987 0.441838  4.99964      180
0.546015 0.591475 0.487745  45.8994      180
0.546999 0.591906 0.437234 -51.3102      180
0.548014 0.592395 0.483112   45.203      180
0.549015 0.592856 0.459872 -23.2311      180
0.550046  0.59332 0.450496 -9.09073      180
0.551035 0.593753 0.441751 -8.83833      180
 0.55203 0.594229 0.473957  32.3782      180
0.553002 0.594641 0.423822 -51.5897      180
0.553996 0.595068 0.429139  5.34765      180
0.555013 0.595523 0.447825  18.3806      180
0.556021  0.59602 0.493558  45.3683      180
   0.557 0.596481 0.470308 -23.7323      180
0.558014 0.596921 0.433538 -36.2625      180
0.558999  0.59738 0.466086  33.0546      180
0.560056 0.597857 0.456435 -9.12712      180
0.561011 0.598302 0.461382  5.18486      180
0.562014 0.598756 0.452219 -9.13354      180
0.563016 0.599255 0.497909  45.6063      180
0.564015 0.599729 0.474394 -23.5396      180
0.564999 0.600213 0.492486  18.3871      180
0.565996 0.600681 0.469087 -23.4623      180
0.567015 0.601192 0.500614  30.9247      180
0.568014 0.601655 0.463379 -37.2733      180
0.569024 0.602163 0.508868  45.0734      180
0.570047 0.602663 0.484819 -23.4959      180
0.570995 0.603141 0.503042  19.2278      180
0.572016 0.603658 0.506535   3.4206      180
0.573014 0.604181  0.52386   17.359      180
0.574013 0.604708 0.527161   3.3037      180
0.575014 0.605252 0.544045  16.8774      180
0.576016 0.605773 0.519584 -24.4101      180
0.577014 0.606336 0.563981  44.4637      180
0.578005 0.606852 0.525678 -38.6564      180
0.578995 0.607394 0.542609  17.1079      180
0.580046 0.607981 0.558652  15.2613      180
0.581002 0.608531 0.575404  17.5227      180
0.582014 0.609143  0.60487  29.1208      180
0.583015 0.609737  0.59288   -11.98      180
0.584014 0.610358  0.62215  29.2937      180
0.584997 0.610958 0.610038 -12.3185      180
0.586015 0.611552 0.584093 -25.5028      180
0.587025 0.612126 0.572504 -11.4674      180
0.588014 0.612713 0.588522  16.2051      180
0.588999 0.613321 0.618059  29.9889      180
0.590047 0.613955 0.605249 -12.2215      180
0.591008  0.61454 0.607375   2.2114      180
0.592015 0.615166 0.622609  15.1371      180
0.593014 0.615804  0.63761  15.0133      180
0.594014 0.616415 0.611319 -26.2738      180
0.594997 0.617018 0.613087  1.79816      180
0.596006 0.617619 0.600948 -12.0309      180
0.596998 0.618249 0.630032  29.3176      180
0.598029 0.618913 0.644523   14.059      180
 0.59899 0.619538 0.645823  1.35319      180
0.600053 0.620203 0.632402 -12.6213      180
0.600993  0.62079 0.620538 -12.6244      180
0.602015 0.621425 0.621659  1.09767      180
0.603014 0.622075 0.650345  28.6952      180
0.604014 0.622739 0.664813  14.4756      180
0.605023 0.623378 0.637971 -26.6025      180
 0.60602  0.62403 0.652684  14.7593      180
0.607019 0.624701 0.667012  14.3358      180
0.608004 0.625341 0.654079 -13.1337      180
0.608997 0.625982 0.641141 -13.0264      180
0.610047 0.626655 0.641489 0.331162      180
0.611012 0.627288  0.65657    15.63      180
 0.61203 0.627971 0.670676  13.8596      180
0.613014 0.628619 0.657579 -13.3079      180
0.614023 0.629318 0.699223  41.2732      180
0.614997 0.629965 0.658274 -42.0551      180
0.615997  0.63061  0.64524 -13.0316      180
0.617018 0.631325 0.700528  54.1679      180
0.618015  0.63201 0.686696 -13.8751      180
0.618999 0.632673 0.673299 -13.6061      180
0.620046 0.633391  0.68668  12.7789      180
0.621011 0.634041 0.673543 -13.6153      180
0.622014 0.634744 0.701176   27.569      180
0.623023 0.635432 0.687276 -13.7693      180
0.624016 0.636134 0.700987  13.8107      180
0.625015  0.63682 0.687121 -13.8806      180
0.626013 0.637534 0.714527  27.4542      180
 0.626998  0.638237  0.714255 -0.276482       180
0.627996 0.638922 0.686473 -27.8369      180
    0.629  0.639612  0.686492 0.0187647       180
0.630047 0.640357 0.713273  25.5814      180
 0.631022  0.641053  0.713156 -0.119549       180
0.632025 0.641749 0.699102 -14.0213      180
0.633014  0.64246 0.712619  13.6576      180
0.633999 0.643202 0.753391  41.4172      180
0.634996 0.643897 0.697517 -56.0251      180
 0.636015  0.644607  0.697122 -0.387764       180
0.637017  0.64532 0.710612  13.4581      180
0.638016 0.646042 0.723901  13.3091      180
 0.638999  0.646753  0.723476 -0.431803       180
0.640046 0.647537 0.749475  24.8228      180
0.641002 0.648235 0.735385 -14.7334      180
0.641998 0.648958 0.720766 -14.6901      180
 0.643017  0.649692  0.719889 -0.860777       180
 0.644013  0.650409  0.719342 -0.548685       180
0.645013 0.651169 0.759763  40.4338      180
0.646015 0.651914 0.744702  -15.037      180
0.646999  0.65266 0.757513   13.013      180
0.648016 0.653387 0.714949 -41.8384      180
 0.648995  0.654091  0.714669 -0.286923       180
0.650056 0.654837 0.713547 -1.05637      180
0.651012 0.655539 0.727234  14.3159      180
 0.651999  0.656257  0.726672 -0.568907       180
   0.653 0.657011 0.753268   26.579      180
0.654015 0.657774 0.751796 -1.45075      180
0.655015 0.658524 0.750591 -1.20565      180
0.656014 0.659287 0.763058  12.4767      180
0.657016 0.660036 0.747921 -15.1057      180
0.657998 0.660756 0.733374 -14.8125      180
0.659006 0.661473 0.718881 -14.3812      180
0.660048 0.662256 0.744919  24.9917      180
0.661011 0.662974 0.744349 -0.59183      180
0.662016 0.663707 0.729538 -14.7314      180
 0.663015  0.664435  0.728787 -0.752534       180
0.664014 0.665149 0.714357 -14.4413      180
0.664997 0.665864 0.727787  13.6552      180
0.665998 0.666618 0.754375  26.5772      180
0.667017 0.667345 0.711812 -41.7398      180
 0.668023  0.668054  0.711428 -0.382132       180
0.669005 0.668786 0.738466  27.5195      180
0.670047 0.669553 0.736912  -1.4917      180
 0.67101 0.670222 0.695513 -43.0226      180
0.672015  0.67095 0.722653  26.9939      180
0.673014 0.671657 0.708358 -14.3028      180
0.674015 0.672379 0.721651  13.2846      180
0.675015 0.673127 0.748374  26.7316      180
0.676017 0.673835  0.70618 -42.0971      180
 0.67701 0.674556 0.733437   27.462      180
0.677998 0.675273 0.718956 -14.6531      180
0.678997 0.675977 0.704734 -14.2398      180
 0.680047  0.676716  0.703749 -0.938471       180
0.681008 0.677406 0.717693  14.5098      180
0.682015 0.678115 0.703369 -14.2202      180
0.683016 0.678831 0.716774  13.4032      180
 0.684014  0.679546  0.716275 -0.499611       180
 0.684998  0.680251  0.715986 -0.294511       180
0.686022 0.680991 0.728909  12.6207      180
0.687015 0.681679 0.687132 -42.0818      180
 0.688019  0.682366  0.687206 0.0735131       180
0.688998 0.683082 0.728487  42.1795      180
0.690052 0.683815  0.69973 -27.2767      180
0.690995 0.684507 0.727564  29.5259      180
0.692022 0.685235 0.712859 -14.3135      180
0.693015 0.68596 0.72609 13.3274     180
0.694019 0.686644 0.684395 -41.5398      180
0.695008 0.687318 0.684726 0.335306      180
0.696003 0.688015 0.698511  13.8481      180
0.696996 0.688713  0.69836 -0.15226      180
0.698054  0.68946 0.711165  12.1136      180
0.699003 0.690144 0.711284 0.125231      180
0.700052 0.690853 0.683025 -26.9261      180
0.700992 0.691513 0.697557  15.4697      180
0.702014  0.69224 0.710768  12.9256      180
 0.703015  0.692951  0.710347 -0.419959       180
0.704028 0.693647 0.696283 -13.8838      180
0.705015  0.69433 0.682493 -13.9705      180
0.706021 0.695025 0.696325  13.7573      180
0.707015 0.695735  0.70987  13.6271      180
0.708004 0.696419  0.69605  -13.974      180
 0.709011  0.697124  0.695753 -0.294167       180
 0.710047  0.697844  0.695161 -0.572312       180
0.711023  0.69855 0.722716  28.2166      180
0.712015 0.699226 0.681171 -41.8883      180
0.713023 0.699934 0.708695  27.2983      180
0.713998 0.700617 0.694898 -14.1591      180
  0.714996   0.701311   0.694818 -0.0798654        180
0.715997  0.70202 0.708376  13.5494      180
0.717005 0.702721 0.694225 -14.0322      180
0.718013 0.703406 0.680385 -13.7359      180
   0.719 0.704091 0.694421  14.2164      180
0.720048 0.704803 0.680045 -13.7223      180
0.721008 0.705458 0.680757 0.741328      180
0.722023 0.706157 0.694526  13.5627      180
0.723015 0.706824 0.667108 -27.6636      180
0.724016 0.707506 0.681203   14.079      180
0.725014   0.7082 0.695073  13.8879      180
0.726016 0.708882 0.681298 -13.7567      180
0.727003 0.709529 0.654287 -27.3517      180
0.727998  0.71022 0.696089  42.0454      180
0.728996 0.710875 0.654987 -41.1637      180
0.730046  0.71159 0.682379  26.0933      180
0.731023 0.712264 0.696649  14.6056      180
0.731994 0.712925 0.669338 -28.1109      180
0.733016 0.713578 0.642211 -26.5521      180
0.734045 0.714266 0.670141  27.1354      180
0.735026 0.714952 0.698112  28.5176      180
0.735993 0.715591 0.657319 -42.1841      180
 0.73705 0.716253     0.63 -25.8479      180
0.737996 0.716882 0.659112  30.7641      180
   0.739 0.717554 0.673419  14.2501      180
0.740056 0.718229  0.64583 -26.1321      180
0.741029 0.718864 0.646938  1.13882      180
0.742023 0.719508 0.647871 0.938564      180
0.743018 0.720147 0.648914  1.04866      180
0.744006 0.720811 0.663382  14.6402      180
0.745015 0.721453 0.636465 -26.6778      180
0.746008   0.7221 0.651283  14.9154      180
0.746975 0.722734 0.652402  1.15656      180
0.747971 0.723372 0.639521 -12.9405      180
0.749052 0.724052 0.639727 0.190834      180
 0.75001 0.724649 0.613729 -27.1525      180
0.750988 0.725265 0.629167  15.7743      180
0.751971 0.725873 0.616892 -12.4965      180
0.752972 0.726506 0.631998  15.0925      180
0.753988 0.727121  0.60562 -25.9592      180
0.754992 0.727772 0.648243  42.4636      180
0.756009 0.728413 0.635292 -12.7267      180
0.756992  0.72903 0.622838 -12.6755      180
0.758003 0.729639 0.610518  -12.182      180
0.758995  0.73025 0.612119  1.61451      180
0.760044 0.730893 0.613092 0.927771      180
0.761007 0.731499 0.628728  16.2368      180
0.762013 0.732119 0.616191 -12.4576      180
0.763009 0.732734 0.617706  1.52093      180
0.764018 0.733342 0.605438 -12.1588      180
0.764996 0.733926  0.59364 -12.0693      180
0.766013 0.734559 0.622689  28.5673      180
0.767023  0.73517 0.610336 -12.2222      180
0.768013 0.735768  0.59826 -12.1991      180
0.768996 0.736344 0.586627 -11.8427      180
 0.77005  0.73696 0.588129  1.42479      180
0.771008  0.73753 0.590559   2.5355      180
0.772022 0.738127 0.592426   1.8407      180
0.773014 0.738734 0.608062  15.7726      180
0.774014 0.739344 0.609674  1.61066      180
0.775015 0.739928 0.583925 -25.7445      180
0.776029 0.740514 0.586041  2.08621      180
0.776996 0.741092 0.588311  2.34664      180
0.777993 0.741667 0.576696 -11.6469      180
0.778994 0.742232 0.565277 -11.4166      180
0.780049 0.742841  0.58087  14.7768      180
 0.78101 0.743417  0.59711  16.8892      180
0.782017 0.743992 0.571549 -25.3808      180
0.783015 0.744595 0.601198   29.707      180
 0.78402 0.745184 0.589302 -11.8396      180
0.785005 0.745738 0.564175 -25.5185      180
0.786017 0.746313   0.5665  2.29629      180
0.787014 0.746897  0.58258  16.1352      180
0.788019 0.747454  0.55739 -25.0488      180
0.788997 0.748032 0.587532  30.8438      180
0.790049 0.748634  0.57537 -11.5575      180
0.791005  0.74919 0.578076  2.83037      180
0.792013 0.749789 0.593868  15.6737      180
0.793013 0.750371  0.58211 -11.7538      180
0.794022 0.750982 0.611582  29.2236      180
0.794996 0.751544 0.572351 -40.2914      180
0.795995 0.752105 0.561015 -11.3441      180
0.797002 0.752672 0.563507  2.47468      180
0.798019 0.753287 0.606862  42.6261      180
   0.799 0.753857 0.581404 -25.9355      180
0.800043 0.754425 0.542035 -37.7514      180
0.801007  0.75495 0.545367  3.45718      180
0.802012 0.755502 0.548157  2.77601      180
0.803019 0.756079 0.578323  29.9538      180
0.804016 0.756681 0.598263  19.9937      180
0.805014 0.757284 0.604234  5.98584      180
0.806012 0.757857  0.57451 -29.7905      180
0.807041 0.758437 0.562796 -11.3753      180
0.807996  0.75898 0.569963  7.51112      180
0.809046 0.759566 0.558129 -11.2703      180
0.810041 0.760164 0.600518  42.5845      180
0.811009 0.760751 0.606804  6.49521      180
0.812023 0.761386 0.630289  23.1616      180
0.813013 0.762003 0.617821 -12.5919      180
0.813995 0.762598 0.605805 -12.2359      180
0.815011 0.763237 0.629203  23.0315      180
0.816012 0.763837 0.598936 -30.2184      180
0.817002 0.764436 0.604979  6.10466      180
0.818003 0.765064 0.628598  23.6086      180
 0.81901 0.765703 0.633847  5.20886      180
0.820034 0.766375 0.656589  22.2143      180
0.821034  0.76703 0.661511   4.9215      180
0.822015 0.767655 0.630722 -31.3891      180
0.823017 0.768293 0.636001  5.26665      180
0.823997 0.768939 0.659253   23.729      180
0.825014 0.769596 0.645978 -13.0549      180
0.826014 0.770247 0.650982  5.00523      180
0.827007  0.77088 0.638181 -12.8881      180
0.828016 0.771529 0.643236  5.01137      180
   0.829 0.772185  0.66628  23.4194      180
0.830056 0.772923 0.705857  37.4548      180
0.831046 0.773597 0.674087 -32.0936      180
0.831996 0.774263 0.696924  24.0361      180
   0.833  0.77491 0.647549 -49.1902      180
0.834001 0.775581 0.670304  22.7286      180
0.834998 0.776253 0.674876  4.58958      180
   0.836 0.776952  0.69706  22.1322      180
0.837015 0.777645 0.683066 -13.7911      180
0.838015  0.77835 0.705129  22.0649      180
0.839029 0.779027 0.673292 -31.3827      180
0.840047 0.779759 0.712996  39.0092      180
0.840995  0.78044 0.717382  4.62426      180
0.842013 0.781174 0.720714  3.27282      180
0.843019 0.781848 0.670787 -49.6701      180
0.844003 0.782531 0.693293   22.862      180
0.844998 0.783241 0.715237  22.0613      180
0.845998 0.783961 0.718856  3.61821      180
0.847017 0.784697 0.722144  3.22575      180
0.848007 0.785392 0.708113 -14.1712      180
0.849014 0.786096 0.693884 -14.1391      180
0.850033 0.786788 0.679898 -13.7277      180
0.850994 0.787465  0.70253  23.5312      180
0.852012 0.788197 0.724036  21.1249      180
0.853022 0.788918 0.709474 -14.4192      180
 0.85402 0.789612 0.695453 -14.0555      180
   0.855 0.790315 0.717551   22.546      180
0.856001  0.79102 0.703327 -14.2117      180
0.857016  0.79175 0.724888  21.2435      180
0.858014 0.792464 0.710464 -14.4559      180
0.859019 0.793164 0.696314 -14.0706      180
0.860055 0.793902 0.717721  20.6742      180
0.861013 0.794582 0.703987 -14.3334      180
0.862015 0.795291 0.707829  3.83383      180
0.863014 0.795984  0.69381 -14.0326      180
0.863999 0.796689 0.715871  22.4037      180
0.865013 0.797401 0.701499 -14.1665      180
0.866023 0.798142 0.740991  39.1221      180
0.867005 0.798863  0.72642 -14.8267      180
0.868015 0.799581 0.711908 -14.3794      180
   0.869 0.800286 0.715829  3.97982      180
0.870045 0.801056 0.736595  19.8635      180
0.871007 0.801786 0.758132   22.381      180
0.872014 0.802498 0.707446 -50.3409      180
0.873015 0.803209  0.71123  3.78173      180
0.874006 0.803949 0.750747  39.8717      180
0.875022 0.804677 0.717883  -32.326      180
0.876017 0.805365 0.685832 -32.2224      180
0.877016 0.806072 0.707854  22.0548      180
0.878015 0.806784 0.711633  3.78151      180
0.878999 0.807488 0.715559  3.98913      180
0.880048 0.808241 0.718504  2.80786      180
0.881009 0.808936 0.722613    4.275      180
 0.88202 0.809683  0.74382  20.9691      180
0.883019 0.810488 0.800189   56.453      180
0.884008 0.811187 0.713469 -87.6665      180
0.884999 0.811921 0.734944  21.6834      180
0.885999  0.81266 0.738169  3.22193      180
0.887015 0.813431 0.758904  20.4205      180
0.888015 0.814156 0.726098 -32.8086      180
0.888998 0.814874 0.729746  3.70974      180
0.890048 0.815642 0.732394  2.52182      180
0.891009 0.816368 0.754024  22.5124      180
0.892015 0.817112 0.739003 -14.9333      180
0.893023 0.817853 0.742179  3.14823      180
0.893998 0.818587 0.745513   3.4209      180
0.894996 0.819368 0.784177  38.7594      180
0.895998 0.820139 0.768603 -15.5347      180
   0.897 0.820894 0.753356 -15.2191      180
   0.898 0.821668 0.774024  20.6645      180
   0.899 0.822427 0.758698 -15.3304      180
0.900047 0.823204 0.742992 -14.9958      180
0.900995 0.823913 0.746827    4.047      180
0.902025 0.824661 0.731716 -14.6686      180
0.903017 0.825378 0.717228 -14.6109      180
0.903999 0.826103 0.738886  22.0598      180
0.904998  0.82688 0.777653  38.7969      180
0.906013 0.827635 0.744235 -32.9333      180
0.907026 0.828411 0.764877  20.3619      180
0.908026 0.829179 0.767523  2.64543      180
0.909065 0.829978 0.769543  1.94521      180
0.910053 0.830705 0.736704 -33.2295      180
0.911034 0.831441 0.758118  21.8375      180
0.912016 0.832179  0.74321 -15.1768      180
0.912998 0.83293 0.76435 21.5259     180
0.913996 0.833695 0.767038  2.69418      180
0.914996 0.834412 0.716263 -50.7668      180
0.916016   0.8352 0.772962  55.5893      180
   0.917 0.835911 0.722306 -51.5072      180
0.918015 0.836666 0.743371  20.7449      180
0.919014 0.837411  0.74646  3.09329      180
0.920056 0.838183 0.749029   2.4666      180
0.921009 0.838909 0.752514  3.65447      180
0.922016 0.839669 0.755301  2.76856      180
0.923014 0.840461 0.793772  38.5565      180
   0.924 0.841229  0.77826 -15.7274      180
0.925014 0.842019 0.780442  2.15304      180
0.926014  0.84275 0.729383 -51.0256      180
0.927003 0.843474 0.732894  3.54938      180
 0.92802 0.844254 0.771602  38.0568      180
0.929007 0.844999 0.756562 -15.2405      180
0.930046 0.845756   0.7231 -32.2123      180
0.931043 0.846499 0.744412  21.3749      180
0.931994 0.847198 0.730286   -14.85      180
0.933013 0.847959 0.751222  20.5456      180
0.934002 0.848701  0.75438  3.19323      180
0.935014 0.849471  0.75698  2.57001      180
   0.936  0.85022 0.759997  3.06038      180
0.936999 0.850982 0.762772  2.77904      180
0.938023 0.851759 0.765222   2.3904      180
   0.939 0.852516 0.768089  2.93659      180
0.940053 0.853303 0.752188 -15.1024      180
0.941027 0.854026 0.737573 -14.9992      180
0.942015 0.854776 0.758733  21.4227      180
0.943014 0.855555 0.779298  20.5813      180
0.944008 0.856275 0.728458 -51.1364      180
0.944997 0.857038 0.767491  39.4779      180
0.946003 0.857772 0.734515 -32.7753      180
0.947025 0.858524 0.737488   2.9084      180
0.947998 0.859269 0.758724  21.8262      180
0.949013 0.859987 0.707909   -50.09      180
0.950037  0.86073 0.729209  20.7813      180
0.951012 0.861466 0.750649  22.0025      180
0.952014  0.86224 0.771328  20.6308      180
0.953001 0.862986 0.756254 -15.2753      180
0.954016 0.863755 0.758877  2.58488      180
   0.955 0.864505 0.761868  3.03962      180
0.956011 0.865254 0.746737 -14.9717      180
0.957013 0.866012 0.749583  2.83894      180
0.958013 0.866728 0.716961  -32.632      180
0.959014 0.867468 0.738336  21.3511      180
0.960047 0.868251 0.758817  19.8165      180
0.961008 0.868984 0.762158  3.47824      180
0.962014   0.8697 0.711403  -50.458      180
0.963014 0.870469 0.768479  57.0532      180
   0.964 0.871194 0.735675 -33.2744      180
0.965022  0.87196 0.756506  20.3763      180
 0.96603  0.87275 0.776869  20.2103      180
0.967019 0.873504  0.76164  -15.392      180
0.968014 0.874281 0.782239  20.7187      180
0.968998 0.875019 0.749181 -33.5891      180
0.970047 0.875807 0.751429  2.14221      180
0.971008 0.876515 0.737123 -14.8925      180
0.972018 0.877298 0.775775  38.2708      180
0.973015 0.878093 0.796017  20.2924      180
0.974021 0.878853 0.762506 -33.3069      180
0.974998 0.879589 0.747633 -15.2337      180
0.976002 0.880362 0.768339  20.6094      180
0.976998 0.881147 0.788777  20.5221      180
0.978014 0.881897 0.737326 -50.6333      180
0.979016 0.882638 0.740493  3.16128      180
0.980048  0.88346 0.796532  54.3077      180
0.981026 0.884224 0.781103 -15.7835      180
0.982015 0.884946 0.730199  -51.435      180
0.983023 0.885678 0.733563   3.3393      180
0.983999 0.886422 0.754848  21.8063      180
0.984996  0.88723 0.811122  56.4399      180
0.985997 0.887991 0.759441 -51.5991      180
0.986999 0.888773 0.779963  20.4942      180
0.988016 0.889513  0.72869 -50.4234      180
0.989014 0.890244 0.732083  3.40031      180
0.990048 0.891041 0.770463  37.1082      180
0.991008 0.891767 0.755799 -15.2735      180
0.992023 0.892476 0.705156 -49.9082      180
0.993016 0.893221 0.744562  39.6835      180
0.993998 0.893956 0.747864  3.36139      180
0.994996 0.894741 0.786468  38.6799      180
0.995998  0.89546 0.717482 -68.8595      180
   0.997 0.896183 0.721039  3.54999      180
0.997998 0.896924 0.742378  21.3814      180
   0.999 0.897653 0.727651 -14.6998      180
