         0   0.779591 0.00575548          0          0
0.000997782   0.77961 0.0193111   13.5857      -100
0.00199032  0.779629 0.0189268 -0.387142      -100
 0.0029881   0.779634 0.00488765   -14.0704       -100
 0.00398946    0.779625 -0.00887482    -13.7438        -100
0.00500584  0.779644 0.0186316   27.0631      -100
0.00597119   0.779649 0.00460368   -14.5313       -100
0.00698423   0.779625 -0.0228175   -27.0682       -100
0.00799322   0.779603 -0.0223644   0.449135       -100
 0.0089848   0.779608 0.00541004    28.0102       -100
0.00998044  0.779627 0.0189687   13.6181      -100
 0.0109677   0.779605 -0.0224055   -41.9068       -100
 0.0119789   0.779583 -0.0219557   0.444852       -100
   0.012979    0.779575 -0.00785554     14.0978        -100
0.0139711  0.779581 0.0059659   13.9321      -100
 0.0150232   0.779587 0.00584343  -0.116403       -100
 0.0160432   0.779593 0.00572476  -0.116354       -100
 0.0170116   0.779585 -0.0080556   -14.2292       -100
0.0199268  0.779641 0.0192158   9.35509      -100
 0.0210044   0.779617 -0.0221604   -38.3948       -100
 0.022007  0.779622 0.0056108   27.7005      -100
  0.0230596    0.779613 -0.00816511    -13.0873        -100
  0.0240088    0.779605 -0.00801062    0.162768        -100
 0.0250177   0.779583 -0.0215168   -13.3859       -100
0.0259979 0.779616 0.033575  56.2082     -100
 0.0270226   0.779607 -0.0080926   -40.6623       -100
   0.028023    0.779599 -0.00793267    0.159866        -100
 0.0290241   0.779604 0.00589048    13.8077       -100
 0.0299916    0.77961 0.00577638   -0.11793       -100
 0.0310225   0.779615 0.00565961  -0.113272       -100
0.0320187  0.779648 0.0328792   27.3258      -100
  0.0330205    0.779638 -0.00876867    -41.5716        -100
0.0340092  0.779657 0.0187374   27.8198      -100
  0.0350184    0.779647 -0.00896605    -27.4502        -100
 0.0360162   0.779652 0.00487763    13.8745       -100
 0.0370171   0.779629 -0.0225529   -27.4064       -100
0.038002 0.779621 -0.00844  14.3292     -100
  0.0390222    0.779612 -0.00827124    0.165427        -100
 0.0400169    0.77959 -0.0217732   -13.5742       -100
 0.0410082   0.779595 0.00598767    28.0033       -100
  0.042016   0.779601 0.00586757  -0.119165       -100
  0.0430615    0.779593 -0.00791383    -13.1821        -100
 0.0440104   0.779559 -0.0351075    -28.658       -100
 0.0450184   0.779538 -0.0207447    14.2484       -100
  0.0460289    0.779531 -0.00666597     13.9335        -100
 0.0470231   0.779497 -0.0338668   -27.3594       -100
 0.0480056   0.779437 -0.0605406   -27.1482       -100
 0.0490205   0.779404 -0.0320005    28.1198       -100
 0.0500119   0.779386 -0.0177023    14.4229       -100
  0.051024   0.779355 -0.0310149   -13.1535       -100
 0.0520194   0.779324 -0.0304002   0.617513       -100
 0.0530198    0.77928 -0.0434694   -13.0639       -100
0.0540035  0.779252 -0.028949   14.7608      -100
 0.0550511   0.779208 -0.0420185   -12.4755       -100
0.0559824  0.779168 -0.041226  0.850961      -100
  0.056999   0.779141 -0.0267351    14.2541       -100
 0.0579925   0.779087 -0.0535393   -26.9799       -100
 0.0589952   0.779021 -0.0661464    -12.572       -100
 0.0599947   0.778956 -0.0648314    1.31567       -100
 0.0609844   0.778893 -0.0635666    1.27806       -100
 0.0620177   0.778815 -0.0759325   -11.9673       -100
 0.063061  0.778723 -0.088035     -11.6      -100
0.0640061  0.778589 -0.141067  -56.1131      -100
0.0650005  0.778478 -0.110949   30.2863      -100
 0.065994  0.778315 -0.163422  -52.8163      -100
 0.066999  0.778154 -0.160183   3.22288      -100
0.0679851  0.777998 -0.157036   3.19126      -100
0.0689948  0.777788 -0.208573  -51.0414      -100
0.0699897 0.777598 -0.19078  17.8838     -100
0.0709939 0.777383 -0.21433 -23.4519     -100
0.0719917  0.777145 -0.237413  -23.1343      -100
0.0730324  0.776893 -0.246274  -8.51372      -100
0.0739942  0.776616 -0.282505  -37.6716      -100
0.0749896  0.776314 -0.304284  -21.8793      -100
0.0759802  0.776003 -0.311943  -7.73113      -100
0.0769861  0.775669 -0.333091  -21.0242      -100
0.0779686   0.77532 -0.353923  -21.2032      -100
0.0789812  0.774955 -0.360502  -6.49748      -100
 0.079978  0.774534 -0.421695  -61.3869      -100
0.0809829  0.774106 -0.426993  -5.27246      -100
0.0819857  0.773674 -0.432213   -5.2052      -100
 0.082968  0.773215 -0.464778  -33.1526      -100
0.0839818  0.772683 -0.523747  -58.1687      -100
0.0849879  0.772128 -0.554365  -30.4313      -100
0.0859652  0.771594 -0.543572   11.0433      -100
0.0869846  0.770983 -0.600969  -56.3006      -100
0.0879829  0.770366 -0.616377  -15.4339      -100
0.0889826  0.769722 -0.645206  -28.8386      -100
 0.089978  0.769022 -0.700774  -55.8247      -100
0.0909734  0.768318 -0.714428   -13.717      -100
 0.091979  0.767551 -0.754724  -40.0701      -100
0.0929823  0.766757 -0.794445  -39.5913      -100
0.0939801  0.765964 -0.792366   2.08352      -100
0.0950155 0.765115   -0.831 -37.3115     -100
0.0960164  0.764255 -0.855461  -24.4392      -100
0.0970204  0.763376 -0.879537   -23.981      -100
0.0980034  0.762457 -0.930667  -52.0133      -100
 0.099056  0.761489 -0.925078    5.3096      -100
0.0999901  0.760597 -0.948852  -25.4509      -100
0.101023 0.759585 -0.98419 -34.2152     -100
0.102015 0.758555 -1.03309 -49.3036     -100
0.103056 0.757479 -1.03925 -5.91569     -100
0.103984 0.756507 -1.03355  6.14069     -100
0.105019 0.755375  -1.1083 -72.2435     -100
0.105986 0.754297 -1.10046  8.10559     -100
0.106999 0.753138 -1.14677 -45.7168     -100
0.107996 0.751946  -1.1924 -45.7803     -100
0.108995 0.750781 -1.18281  9.59994     -100
0.109979 0.749583 -1.20043  -17.911     -100
0.110984 0.748364 -1.21763 -17.1207     -100
0.111981 0.747101 -1.26183 -44.3172     -100
0.112989 0.745833  -1.2641 -2.25183     -100
0.113994 0.744541 -1.27984  -15.671     -100
   0.115 0.743229 -1.30911 -29.0971     -100
0.115993  0.74192 -1.31054 -1.44529     -100
0.116998 0.740567 -1.35293 -42.2034     -100
0.118005 0.739198  -1.3671 -14.0785     -100
 0.119001  0.737827  -1.36728 -0.180349      -100
0.120373 0.735897 -1.39827 -22.5808     -100
0.121087 0.734877 -1.43327  -48.989     -100
0.121978 0.733635 -1.39424  43.8199     -100
 0.12298 0.732203 -1.43502 -40.6933     -100
0.123983 0.730741 -1.44732  -12.259     -100
0.124989 0.729278  -1.4596 -12.2047     -100
0.125981 0.727811 -1.47179 -12.2886     -100
 0.12699 0.726329 -1.48367 -11.7719     -100
0.127969 0.724865 -1.48198   1.7245     -100
0.128969 0.723335 -1.53472 -52.7047     -100
0.129979  0.72181 -1.50391  30.5071     -100
0.130982 0.720269 -1.54249 -38.4835     -100
0.131979 0.718742 -1.52558  16.9651     -100
0.132968   0.7172 -1.56413 -38.9564     -100
0.133988 0.715581 -1.58719 -22.6162     -100
0.135024 0.713948 -1.59604 -8.54348     -100
0.136024 0.712359 -1.59183  4.20857     -100
0.137001 0.710804  -1.5883  3.61784     -100
0.137999   0.7092 -1.59772 -9.43618     -100
0.138989 0.707611 -1.60743 -9.81264     -100
0.140002 0.705987 -1.60252  4.84966     -100
0.141007 0.704376 -1.61179  -9.2162     -100
0.142001 0.702728 -1.64821 -36.6291     -100
0.143021 0.701048 -1.65611 -7.74888     -100
0.144008 0.699395 -1.66455 -8.54724     -100
 0.14503  0.69771 -1.67232 -7.60967     -100
0.146001 0.696055  -1.6807 -8.63045     -100
0.147022 0.694368 -1.66059  19.7091     -100
0.148017 0.692657 -1.70967 -49.3354     -100
0.149029  0.69096 -1.68932  20.1107     -100
0.150015  0.68929 -1.68346  5.93752     -100
0.151021 0.687595 -1.69106 -7.54234     -100
0.152015 0.685885 -1.71227 -21.3524     -100
0.153059 0.684104 -1.71814 -5.62611     -100
0.154013 0.682497 -1.68567  34.0456     -100
0.155017 0.680764 -1.72039 -34.5832     -100
0.156002 0.679029 -1.75503 -35.1749     -100
0.157023 0.677269 -1.73342   21.158     -100
 0.15802 0.675496 -1.76732 -34.0171     -100
0.159019 0.673759 -1.74617  21.1542     -100
0.160017 0.672017 -1.73885  7.33753     -100
0.161008 0.670282 -1.75958 -20.9081     -100
0.162016 0.668506 -1.75158  7.93079     -100
0.163066 0.666687 -1.75668 -4.85567     -100
0.164008 0.665013 -1.75072  6.32681     -100
0.165025 0.663197 -1.79769 -46.2149     -100
0.165996 0.661466 -1.76274  35.9965     -100
0.167003 0.659662 -1.80993 -46.8635     -100
0.168016 0.657854 -1.77342  36.0261     -100
0.169022 0.656077 -1.77934 -5.88624     -100
0.170014 0.654294 -1.78514 -5.84605     -100
0.171012 0.652475 -1.83204 -47.0025     -100
 0.17204  0.65061 -1.82226  9.50528     -100
0.173008 0.648862 -1.80088  22.0924     -100
0.173989 0.647084 -1.79284   8.1976     -100
0.175016 0.645243 -1.79749  -4.5183     -100
0.175989 0.643504  -1.7763  21.7945     -100
0.176982 0.641714 -1.80984  -33.777     -100
0.177993  0.63986 -1.82817 -18.1295     -100
0.179032 0.637951 -1.84539 -16.5794     -100
 0.17999 0.636181  -1.8375  8.23819     -100
0.181001 0.634352 -1.82845  8.95273     -100
0.181988 0.632521 -1.83328 -4.88933     -100
0.183015 0.630643 -1.83717 -3.79433     -100
0.183987 0.628816 -1.86997 -33.7132     -100
0.184998 0.626947 -1.86009  9.77847     -100
 0.18599 0.625116 -1.83703  23.2434     -100
0.187012 0.623243 -1.84104 -3.92103     -100
0.187979 0.621449  -1.8466 -5.75104     -100
0.188997 0.619546 -1.87789 -30.7438     -100
0.189996 0.617709 -1.84077  37.1499     -100
0.190993 0.615864 -1.84533 -4.56321     -100
0.191997 0.614001 -1.84952 -4.18548     -100
0.192999  0.61213 -1.88142 -31.8211     -100
0.193984 0.610303 -1.84453  37.4386     -100
0.194996 0.608441 -1.86267 -17.9302     -100
0.195979 0.606591 -1.85319  9.64007     -100
0.196984 0.604709 -1.88486 -31.5244     -100
0.197974 0.602868 -1.84769   37.549     -100
0.199022 0.600952 -1.85082 -2.98911     -100
0.199976 0.599146 -1.87009 -20.2003     -100
0.201004 0.597247 -1.85961  10.1907     -100
0.201993 0.595418 -1.83661  23.2514     -100
0.203014  0.59352 -1.86798 -30.7284     -100
0.203998 0.591655 -1.88606 -18.3809     -100
0.204998 0.589804 -1.86261  23.4695     -100
0.206006 0.587911 -1.86621 -3.56897     -100
0.207009 0.586056 -1.85662  9.55911     -100
0.207991  0.58423 -1.86155 -5.01822     -100
0.208994 0.582383 -1.83818  23.3054     -100
 0.20999 0.580472 -1.91111 -73.2346     -100
0.210976 0.578646 -1.86027  51.5548     -100
0.212017 0.576714 -1.84915  10.6885     -100
0.212999 0.574888 -1.86801 -19.1985     -100
0.213981 0.573059 -1.85894  9.23512     -100
0.214996 0.571187 -1.84902  9.77281     -100
0.216017 0.569286 -1.85246 -3.36253     -100
0.217027 0.567404 -1.88414  -31.375     -100
0.217986  0.56557 -1.88891  -4.9767     -100
0.218994 0.563698 -1.86503  23.6834     -100
0.219991 0.561856 -1.84177  23.3298     -100
0.220994 0.560014 -1.84637 -4.59138     -100
 0.22199 0.558134  -1.8781 -31.8521     -100
0.223016 0.556225 -1.86743  10.3956     -100
0.223988 0.554383 -1.88597 -19.0685     -100
0.224996 0.552528 -1.84851  37.1757     -100
0.226024 0.550658 -1.82467  23.1831     -100
0.227021 0.548803  -1.8569 -32.3547     -100
0.227993 0.546986 -1.86201 -5.25641     -100
0.228994 0.545151 -1.83888  23.1059     -100
 0.22999 0.543319 -1.82977  9.14565     -100
0.230978 0.541485 -1.86241 -33.0215     -100
0.231974 0.539647 -1.83924  23.2706     -100
0.232997 0.537757 -1.85682 -17.1881     -100
0.233987  0.53592 -1.84761  9.31483     -100
   0.235 0.534047 -1.86554 -17.6935     -100
 0.23599 0.532192 -1.85593  9.70098     -100
0.236996 0.530361 -1.83289  22.9116     -100
0.237976 0.528535 -1.85176 -19.2742     -100
0.238995 0.526651 -1.85555 -3.71059     -100
0.239989 0.524834 -1.81884  36.9189     -100
 0.24098  0.52302 -1.83796 -19.2935     -100
0.241976 0.521178 -1.84257 -4.62353     -100
0.243023 0.519254 -1.84554 -2.84127     -100
0.243996 0.517471 -1.83739  8.37512     -100
0.244996 0.515625 -1.84193 -4.54115     -100
0.245975 0.513809 -1.84708 -5.25568     -100
0.246992 0.511946 -1.83732  9.59361     -100
0.247991 0.510059 -1.88286 -45.5742     -100
0.248994 0.508188 -1.87295  9.88307     -100
0.249988 0.506341 -1.84957  23.5193     -100
0.250992 0.504487 -1.85394 -4.35948     -100
0.251989  0.50264 -1.84452  9.44948     -100
0.253027 0.500742 -1.84802 -3.36444     -100
0.253978 0.498946 -1.86748 -20.4598     -100
0.254996 0.497021 -1.89831 -30.2973     -100
0.255991 0.495176  -1.8471  51.4416     -100
0.256993 0.493301 -1.87892 -31.7774     -100
0.257988 0.491422 -1.88279 -3.88726     -100
0.258993 0.489531 -1.88643 -3.61847     -100
0.259989 0.487641 -1.89008 -3.66468     -100
0.260979 0.485787  -1.8805  9.66565     -100
0.261995 0.483842 -1.91809 -37.0061     -100
0.263022 0.481925 -1.86399  52.6854     -100
0.263987 0.480067 -1.91866 -56.6343     -100
0.264996 0.478162 -1.89555  22.9136     -100
0.265989 0.476232 -1.93344 -38.1465     -100
0.266992 0.474309 -1.92533  8.08353     -100
0.267987 0.472425 -1.88728  38.2437     -100
0.269009 0.470467 -1.92462 -36.5168     -100
0.269994 0.468598 -1.88685  38.3163     -100
   0.271  0.46665 -1.95512 -67.9061     -100
0.271989 0.464736 -1.91645   39.097     -100
0.273009  0.46277 -1.93825   -21.38     -100
0.273988 0.460871 -1.93062  7.78413     -100
0.274995 0.458897 -1.96762 -36.7601     -100
0.275976 0.456953 -1.97446 -6.97005     -100
0.276979 0.455002 -1.95043  23.9441     -100
0.277997 0.452989 -1.97127  -20.486     -100
0.278994 0.451024 -1.97768 -6.43309     -100
0.279994 0.449014 -2.01395  -36.234     -100
0.280993  0.44701 -2.00421  9.75358     -100
0.281989 0.445013 -1.99462  9.62843     -100
0.283013 0.442975 -1.99958 -4.84295     -100
0.283988 0.441026 -1.99096  8.85179     -100
0.284995 0.439023 -1.99663 -5.62344     -100
0.285992 0.437006 -2.01737 -20.8118     -100
0.286993 0.434974 -2.03782 -20.4368     -100
0.287993 0.432941 -2.02749  10.3249     -100
0.289002 0.430951  -1.9873  39.8429     -100
0.289978 0.428941 -2.03893 -52.9086     -100
 0.29098 0.426917 -2.02877  10.1382     -100
 0.29199 0.424837 -2.04828 -19.3019     -100
0.293023 0.422791 -1.99156  54.9097     -100
 0.29399  0.42082 -2.02859 -38.2698     -100
0.294996 0.418783 -2.03356 -4.93863     -100
0.295989 0.416733 -2.05365 -20.2283     -100
0.296979  0.41469 -2.07387 -20.4368     -100
 0.29799 0.412644 -2.03253  40.8979     -100
0.299025 0.410531 -2.03599 -3.34841     -100
0.299997  0.40852 -2.05685 -21.4605     -100
0.300993 0.406503 -2.03147  25.4749     -100
 0.30199 0.404482 -2.02139   10.118     -100
0.303022 0.402352 -2.07064 -47.7225     -100
0.303989 0.400396 -2.01575  56.7353     -100
0.304984 0.398381 -2.03655 -20.9038     -100
0.305975 0.396314 -2.07165 -35.4176     -100
   0.307 0.394255 -2.03006  40.5957     -100
0.307992 0.392232 -2.01993  10.2107     -100
0.308995 0.390208 -2.02518 -5.23704     -100
0.309989 0.388167 -2.04544 -20.3802     -100
0.310979 0.386158  -2.0356  9.93539     -100
0.311989 0.384089 -2.03994 -4.29515     -100
0.313022 0.382003 -2.02855   11.025     -100
0.313987 0.380018 -2.04992 -22.1211     -100
0.314996 0.377983  -2.0242  25.5034     -100
0.315996 0.375956 -2.02936 -5.15805     -100
0.316994 0.373878 -2.07963 -50.3998     -100
0.317986 0.371846 -2.03858  41.3588     -100
0.318993 0.369812 -2.02823  10.2812     -100
0.319989  0.36778 -2.03332  -5.1085     -100
0.320993 0.365725 -2.05329 -19.8824     -100
0.321988 0.363699 -2.02775  25.6772     -100
0.323022 0.361592  -2.0467 -18.3325     -100
0.323988 0.359631 -2.02246  25.1022     -100
0.325001 0.357613 -2.01243  9.90444     -100
0.325975 0.355642 -2.00336  9.31183     -100
 0.32698 0.353568 -2.06909 -65.4279     -100
0.327987 0.351475 -2.07292  -3.8037     -100
0.328995 0.349435 -2.03171  40.8703     -100
0.329989  0.34743 -2.00659   25.282     -100
0.330993 0.345418 -2.01206 -5.45849     -100
 0.33199 0.343399  -2.0174 -5.34552     -100
0.333013 0.341311 -2.05211 -33.9541     -100
0.333982 0.339332 -2.04287  9.52466     -100
0.334998 0.337265 -2.03187  10.8347     -100
0.335976 0.335293 -2.00739  25.0169     -100
0.336993 0.333269 -1.99726  9.95639     -100
0.337993  0.33123 -2.03294 -35.7074     -100
0.338993  0.32923 -2.00792  25.0101     -100
 0.33999 0.327198 -2.02836 -20.5015     -100
0.340981 0.325193 -2.03397 -5.66672     -100
 0.34199 0.323156  -2.0082   25.512     -100
0.343035  0.32109 -1.99723  10.5096     -100
0.343987 0.319119 -2.04962 -55.0336     -100
0.344996 0.317102 -2.00888  40.3822     -100
 0.34599  0.31509 -2.01435 -5.50211     -100
0.346978   0.3131 -2.02026 -5.98605     -100
0.347991 0.311071 -1.99466  25.2924     -100
0.348996 0.309086  -1.9853  9.31366     -100
0.349988 0.307086 -2.00639 -21.2666     -100
0.350992 0.305074 -2.01186 -5.45293     -100
0.351996 0.303053 -2.01716 -5.27485     -100
0.353006 0.301038 -1.99185  25.0655     -100
0.353988 0.299084  -1.9831  8.90957     -100
0.354995 0.297119 -1.95878  24.1455     -100
0.355976 0.295121 -2.02603 -68.5459     -100
0.356993 0.293127 -1.97037  54.7305     -100
0.357991 0.291162 -1.96142  8.96353     -100
0.358994 0.289193 -1.96778 -6.34622     -100
0.359989 0.287191 -2.00421 -36.5925     -100
0.360986 0.285239 -1.98015  24.1524     -100
0.361989 0.283226  -1.9856 -5.42843     -100
0.363008 0.281222 -1.97587   9.5523     -100
0.363988 0.279286  -1.9675   8.5379     -100
0.364995 0.277276 -2.00378 -36.0331     -100
0.365989 0.275299 -1.97921  24.7141     -100
0.366993 0.273359 -1.94002  39.0513     -100
0.367988 0.271414 -1.94685 -6.86359     -100
0.368994 0.269444 -1.96855 -21.5827     -100
0.369995 0.267484  -1.9597   8.8349     -100
0.370993 0.265548 -1.93597  23.7736     -100
0.371989 0.263577 -1.97302 -37.2159     -100
0.373013  0.26162 -1.91811   53.607     -100
0.373976 0.259745 -1.94171 -24.5135     -100
0.374983 0.257804 -1.93325  8.39826     -100
0.375991  0.25584 -1.93971 -6.41628     -100
0.376994 0.253894 -1.94651 -6.77926     -100
0.377988 0.251976 -1.92315  23.5089     -100
0.378999 0.250044 -1.93025 -7.01968     -100
 0.37999  0.24809 -1.95226 -22.2065     -100
0.380993 0.246176 -1.91361  38.5288     -100
 0.38199 0.244223 -1.95102 -37.5238     -100
0.383009 0.242267 -1.92688  23.6814     -100
0.383991 0.240375 -1.91941  7.61374     -100
0.384999 0.238459 -1.91146  7.88831     -100
0.385978 0.236571 -1.91943 -8.13764     -100
0.386996 0.234664  -1.8809  37.8595     -100
0.387985 0.232784 -1.90441 -23.7709     -100
0.388997 0.230876 -1.88125  22.9043     -100
0.389992 0.228989 -1.88925 -8.03696     -100
 0.39098  0.22712  -1.8976 -8.45583     -100
0.391994 0.225196  -1.8895  7.98593     -100
0.393035 0.223217 -1.91104 -20.7063     -100
0.393989 0.221434 -1.85966  53.8461     -100
0.394997 0.219544 -1.88297 -23.1163     -100
 0.39599 0.217672  -1.8759  7.12026     -100
0.396986 0.215814 -1.88449 -8.62378     -100
 0.39803 0.213902 -1.86124  22.2804     -100
0.399029  0.21206 -1.85478  6.46206     -100
0.400033 0.210194 -1.84783  6.92616     -100
0.401037 0.208339 -1.85648 -8.62096     -100
 0.40203 0.206478   -1.865 -8.58942     -100
 0.40301 0.204616 -1.85814  7.00232     -100
0.403989 0.202855 -1.79182   67.778     -100
0.404998 0.201016 -1.83154 -39.3528     -100
0.405982 0.199266 -1.78082  51.5311     -100
0.406982  0.19747 -1.79065 -9.84496     -100
 0.40799 0.195663 -1.78492  5.69166     -100
0.408994   0.1939 -1.76467  20.1709     -100
0.409992 0.192105 -1.78991 -25.2698     -100
 0.41098 0.190363 -1.77009  20.0708     -100
0.411991 0.188541 -1.79479 -24.4233     -100
0.413008 0.186715 -1.80403 -9.08384     -100
0.413976  0.18498 -1.78434  20.3443     -100
0.415001 0.183173 -1.77859  5.61633     -100
0.415992 0.181416 -1.75847  20.2932     -100
0.416995 0.179679 -1.73876  19.6507     -100
 0.41799 0.177946  -1.7345  4.27575     -100
0.418995 0.176214 -1.73026  4.22465     -100
 0.41999 0.174473 -1.74121 -11.0008     -100
0.420994 0.172782 -1.69166   49.349     -100
0.421992 0.171061 -1.71841 -26.8097     -100
0.423045 0.169282 -1.71323  4.92085     -100
0.424004 0.167647 -1.69556   18.417     -100
   0.425 0.166002 -1.64695   48.788     -100
0.425977  0.16434 -1.69025  -44.316     -100
0.426982 0.162652 -1.68688  3.35301     -100
0.427989 0.160995 -1.63805   48.476     -100
0.428995 0.159326 -1.66582 -27.6194     -100
0.429991 0.157693 -1.63284  33.1119     -100
0.430994 0.156031 -1.66075 -27.8124     -100
0.432016 0.154345 -1.65745  3.22956     -100
0.433028 0.152725 -1.62473  32.3488     -100
 0.43401 0.151106 -1.62276  2.00322     -100
0.435019  0.14948 -1.62067  2.07243     -100
0.435981 0.147905 -1.61958  1.12876     -100
0.436996 0.14627 -1.6173 2.24605    -100
0.438005 0.144673 -1.58505  31.9393     -100
0.439024 0.143054 -1.59846  -13.168     -100
 0.44002 0.141469 -1.58183  16.6967     -100
0.441024 0.139922 -1.55056  31.1591     -100
 0.442011  0.138396  -1.55049 0.0795013      -100
0.443026 0.136822 -1.54944  1.03461     -100
0.444014 0.135282 -1.54908 0.360651     -100
0.445022 0.133756 -1.51826  30.5925     -100
  0.44602  0.132233  -1.51824 0.0151066      -100
0.447009 0.130709 -1.54894 -31.0533     -100
 0.44802 0.129168 -1.51781  30.7821     -100
0.449061 0.127598 -1.51685 0.927905     -100
0.450023 0.126129 -1.51791 -1.10775     -100
0.451033 0.124674 -1.45777  59.5598     -100
0.452019 0.123186 -1.48922 -31.8784     -100
0.453063 0.121644 -1.48881 0.391444     -100
   0.454 0.120221 -1.50616 -18.5054     -100
0.455024 0.118732 -1.46071  44.4069     -100
0.456005 0.117277 -1.47744 -17.0547     -100
 0.45701 0.115844 -1.43311  44.0911     -100
0.458014 0.114366 -1.46475  -31.533     -100
 0.45901 0.112928 -1.45108   13.724     -100
0.460025 0.111487 -1.42198  28.6621     -100
0.461024 0.110077 -1.40886  13.1286     -100
0.462018 0.108651 -1.42617 -17.3996     -100
 0.46306  0.10722 -1.38189  42.5309     -100
0.464012 0.105892 -1.38579 -4.09753     -100
0.465022 0.104498 -1.38838 -2.56286     -100
0.466019 0.103119  -1.3759  12.5215     -100
0.467024 0.101784 -1.33356  42.1165     -100
0.468008 0.100431 -1.36772 -34.7503     -100
 0.469029 0.0991243   -1.2952   70.9771      -100
 0.470019 0.0978235  -1.29967  -4.51896      -100
 0.471009 0.0965225   -1.3195  -20.0173      -100
 0.472019 0.0951793  -1.32312  -3.58649      -100
 0.473066 0.0938166  -1.31097   11.6035      -100
 0.474012 0.0925771   -1.3013   10.2244      -100
 0.475024 0.0912774  -1.29042   10.7445      -100
  0.47602 0.0899963  -1.27992   10.5559      -100
 0.477025 0.0886963  -1.29978  -19.7586      -100
 0.478016 0.0874498  -1.25923   40.9154      -100
 0.479024 0.0862034  -1.23405   24.9672      -100
  0.48002 0.0849648  -1.23977  -5.75251      -100
0.481026 0.083732 -1.23024  9.47441     -100
 0.482018 0.0825146  -1.22103   9.30009      -100
 0.483018 0.0813098  -1.21206   8.95714      -100
 0.484012 0.0800917   -1.2182  -6.18093      -100
 0.485024 0.0788437  -1.23912  -20.6601      -100
 0.486003 0.0777066  -1.15466   86.2737      -100
 0.487017 0.0765283  -1.17698  -22.0114      -100
 0.488024 0.0753376   -1.1683   8.61625      -100
 0.489023 0.0741992  -1.14531   23.0194      -100
 0.490017 0.0730315  -1.16784  -22.6689      -100
 0.491024 0.0718704  -1.15976   8.02216      -100
 0.492017 0.0706896  -1.18203  -22.4302      -100
 0.493019 0.0695667   -1.1286   53.3184      -100
    0.494 0.0684289  -1.15173   -23.578      -100
 0.495023 0.0672952  -1.11345   37.4088      -100
 0.496026 0.0661748  -1.12156  -8.09368      -100
 0.497008 0.0650918  -1.09969   22.2765      -100
0.498013 0.064002 -1.07767  21.9124     -100
 0.499024 0.0629102  -1.08637  -8.60063      -100
 0.500023 0.0618605  -1.04979   36.5998      -100
 0.501029 0.0607959  -1.05903  -9.18576      -100
 0.502018 0.0597481  -1.05324   5.86322      -100
 0.503017 0.0587078   -1.0476   5.64222      -100
 0.504014 0.0576638  -1.04188   5.73929      -100
 0.505026 0.0566275  -1.03632   5.48913      -100
0.506003 0.055593 -1.04617 -10.0828     -100
 0.507024 0.0545973 -0.979923   64.8565      -100
 0.508013 0.0536264 -0.975682   4.28872      -100
 0.509023  0.052635 -0.986406  -10.6132      -100
 0.510019 0.0516671 -0.966852   19.6348      -100
 0.511011  0.050702 -0.978101  -11.3411      -100
  0.51202 0.0497146 -0.973532   4.52663      -100
  0.51306 0.0487456 -0.938577   33.6187      -100
 0.514019  0.047835 -0.950918  -12.8662      -100
 0.515024 0.0468954 -0.931939    18.886      -100
 0.516019  0.045966 -0.928539   3.41834      -100
 0.517011 0.0450684 -0.910405   18.2828      -100
 0.518008 0.0442178   -0.8471   63.4463      -100
 0.519009 0.0433175 -0.905779  -58.6698      -100
 0.520014 0.0423753 -0.932872  -26.9594      -100
 0.521024 0.0414561 -0.914305   18.3666      -100
 0.522017 0.0405909 -0.866079   48.5651      -100
 0.523069  0.039711 -0.848304   16.9023      -100
 0.524012 0.0389141 -0.832206    17.068      -100
 0.525023  0.038079 -0.830711   1.47814      -100
 0.526016 0.0372806 -0.799209   31.7164      -100
  0.52701 0.0364908 -0.798628  0.584588      -100
 0.528003 0.0356802    -0.813  -14.4839      -100
 0.529026   0.03487 -0.796633    16.002      -100
 0.530019 0.0340731 -0.795911  0.726913      -100
 0.531024 0.0332945 -0.780182   15.6631      -100
 0.532026 0.0325004 -0.794888  -14.6694      -100
 0.533019 0.0317258 -0.779243   15.7597      -100
    0.534 0.0309554 -0.779053  0.193683      -100
 0.535024 0.0302235 -0.718136   59.4749      -100
 0.536005 0.0295002 -0.734269  -16.4519      -100
 0.537025 0.0287698 -0.719514   14.4592      -100
 0.538005 0.0280446  -0.73561  -16.4299      -100
 0.539024 0.0273295 -0.705788   29.2657      -100
 0.540018 0.0266526  -0.67674   29.2168      -100
 0.541031 0.0259742 -0.678411  -1.64842      -100
 0.542019 0.0252784 -0.695105  -16.9048      -100
 0.543061 0.0245579 -0.695929 -0.790524      -100
 0.544013 0.0239184 -0.667643   29.7342      -100
 0.545025 0.0232601 -0.654346   13.1385      -100
 0.546003 0.0226289 -0.641595   13.0348      -100
 0.547025 0.0219433 -0.673877   -31.584      -100
 0.548014 0.0213011  -0.64553   28.6704      -100
 0.549025 0.0206652 -0.632685   12.7004      -100
 0.550026 0.0200305 -0.635236  -2.54812      -100
 0.551024 0.0194073 -0.622647   12.6145      -100
 0.552019  0.018797 -0.610319   12.3972      -100
 0.553062 0.0181929 -0.582737   26.4307      -100
 0.554013  0.017631 -0.586754  -4.22422      -100
 0.555018 0.0170559 -0.575136   11.5661      -100
 0.555979 0.0165376 -0.533926   42.9012      -100
 0.557022 0.0159511 -0.568215    -32.85      -100
 0.558007 0.0153835 -0.572123  -3.96878      -100
 0.559028 0.0148491 -0.530577   40.6946      -100
 0.560017 0.0142984 -0.550201  -19.8477      -100
 0.561007 0.0137819 -0.524395   26.0568      -100
 0.562016 0.0132144  -0.55906    -34.34      -100
 0.563057 0.0126791 -0.517488   39.9372      -100
 0.564012 0.0121916 -0.507638   10.3227      -100
 0.565018 0.0116627 -0.527705  -19.9346      -100
 0.566017 0.0111888 -0.472007   55.7816      -100
 0.567024 0.0106804 -0.507859  -35.6082      -100
 0.568018 0.0101866 -0.497884   10.0282      -100
  0.569024 0.00966432  -0.518084   -20.0816       -100
   0.57002 0.00920074  -0.462596    55.7312       -100
  0.571024 0.00873315  -0.468524   -5.90163       -100
  0.572018 0.00827393  -0.459247    9.33079       -100
   0.57302 0.00782593  -0.450197    9.03354       -100
  0.574001 0.00738988  -0.441388    8.97839       -100
  0.575025 0.00694909  -0.432484    8.69974       -100
   0.57602 0.00651013   -0.43899   -6.53509       -100
  0.577017 0.00608666  -0.430436    8.58169       -100
  0.578007 0.00564878  -0.436964   -6.59839       -100
  0.579024 0.00523068  -0.413143    23.4215       -100
  0.580013 0.00482804  -0.405009    8.22662       -100
  0.581023 0.00439882  -0.427088   -21.8462       -100
  0.582018 0.00402507  -0.373415     53.947       -100
  0.583017 0.00361706  -0.411291   -37.9065       -100
  0.584011 0.00319837  -0.418208    -6.9617       -100
  0.585025 0.00281601  -0.379733    37.9524       -100
  0.586012 0.00243441  -0.387397   -7.76382       -100
  0.587025 0.00204869  -0.379605    7.69141       -100
  0.588012 0.00163427  -0.417353    -38.215       -100
  0.589023 0.00128374  -0.348772    67.8572       -100
   0.590016 0.000927152   -0.356943    -8.23018        -100
   0.591023 0.000561441    -0.36493    -7.93078        -100
   0.592018 0.000203747   -0.357704     7.25899        -100
     0.59302 -0.000129817    -0.335593      22.0813         -100
    0.594011 -0.000503697    -0.374162     -38.9062         -100
    0.595034 -0.000858524    -0.351619      22.0403         -100
   0.596004 -0.00118289   -0.329695     22.5991        -100
   0.597009 -0.00153585   -0.353313    -23.4964        -100
   0.598012 -0.00188526   -0.346255     7.03534        -100
   0.599023 -0.00219634   -0.309221     36.6434        -100
   0.600004 -0.00253987   -0.348398    -39.9317        -100
   0.601012 -0.00286698   -0.326415     21.8174        -100
    0.60202 -0.00319109   -0.319868     6.49472        -100
    0.60306 -0.00354595   -0.343458    -22.6778        -100
    0.60402 -0.00385454   -0.321857     22.4991        -100
   0.605022 -0.00418671   -0.330521    -8.64671        -100
   0.606017 -0.00452605    -0.33904    -8.56258        -100
   0.607025 -0.00484426   -0.317238     21.6239        -100
   0.608009 -0.00513692   -0.295953      21.642        -100
   0.609022 -0.00544422    -0.30512    -9.04503        -100
   0.610018 -0.00577412   -0.329205    -24.1901        -100
   0.611024 -0.00608171   -0.307617     21.4565        -100
   0.612019 -0.00638321   -0.301526     6.12482        -100
   0.613028 -0.00667707    -0.29559     5.87932        -100
   0.614001 -0.00693359   -0.259663     36.9512        -100
   0.615024 -0.00720825   -0.269492     -9.6025        -100
   0.616018 -0.00750189   -0.294307    -24.9721        -100
   0.617023 -0.00777534   -0.273409     20.7908        -100
   0.618018 -0.00805838   -0.283065    -9.70553        -100
   0.619024 -0.00829088   -0.232245     50.4984        -100
   0.620018 -0.00857878   -0.287926    -56.0049        -100
   0.621024 -0.00884591   -0.267155     20.6539        -100
   0.622026 -0.00913789   -0.292005    -24.7925        -100
    0.62302 -0.00940774    -0.27118     20.9663        -100
   0.624012 -0.00965822   -0.250746     20.5927        -100
   0.625023 -0.00990519   -0.245757     4.93559        -100
  0.626017 -0.0101762   -0.27103   -25.4269       -100
  0.627024 -0.0104271  -0.250588    20.2937       -100
  0.628018 -0.0106425  -0.215487    35.3141       -100
   0.62901 -0.0108803  -0.241427   -26.1599       -100
  0.630017 -0.0111505  -0.266721   -25.1225       -100
 0.631032 -0.011413 -0.261417    5.2217      -100
  0.63202 -0.011669 -0.256246   5.23519      -100
   0.63306 -0.0118972  -0.220878    34.0087       -100
  0.634013 -0.0121199  -0.231748   -11.4071       -100
  0.635023 -0.0123631  -0.242211   -10.3542       -100
  0.636017 -0.0126005  -0.237415    4.82601       -100
  0.637024 -0.0128485  -0.247778   -10.2903       -100
  0.638013 -0.0130602  -0.212755    35.4221       -100
  0.639026 -0.0133158  -0.253719   -40.4362       -100
  0.640019 -0.0135473  -0.233668    20.1821       -100
  0.641023 -0.0137322  -0.183808    49.6981       -100
  0.642005 -0.0139547   -0.22543   -42.3726       -100
  0.643064 -0.0142346  -0.265922   -38.2433       -100
  0.644012 -0.0144695   -0.24581    21.2117       -100
  0.645018 -0.0146815  -0.210776      34.82       -100
  0.646019 -0.0148881  -0.206602    4.17265       -100
  0.647021 -0.0150902  -0.202519    4.07162       -100
  0.648008 -0.0153322  -0.243749   -41.7908       -100
  0.649071 -0.0155347  -0.193514    47.2418       -100
  0.649998 -0.0157434  -0.220031   -28.6132       -100
  0.651024 -0.0159621  -0.215614    4.30668       -100
  0.652019 -0.0161886  -0.226414   -10.8547       -100
  0.653021 -0.0163794  -0.191812    34.5219       -100
  0.654001 -0.0165651  -0.188062    3.82635       -100
  0.655024 -0.0167683  -0.199335   -11.0189       -100
  0.656018 -0.0169785  -0.210462   -11.1862       -100
  0.657009 -0.0171966  -0.221429   -11.0706       -100
  0.658031 -0.0174024  -0.201895    19.1115       -100
  0.659024 -0.0176296  -0.228053   -26.3485       -100
  0.660019 -0.0178231  -0.193394    34.8358       -100
  0.661009 -0.0180097  -0.189626     3.8061       -100
  0.662016 -0.0182133   -0.20089   -11.1879       -100
   0.66306 -0.0183862  -0.166638    32.8076       -100
  0.664012 -0.0185718  -0.193624   -28.3397       -100
  0.665023 -0.0187474  -0.174703    18.7134       -100
  0.666005 -0.0189465  -0.201427   -27.2332       -100
  0.667016 -0.0191284   -0.18238    18.8418       -100
  0.668017 -0.0192944  -0.163651     18.708       -100
  0.669021 -0.0194998  -0.205624   -41.7861       -100
  0.670015 -0.0196711  -0.171416    34.4231       -100
  0.671022 -0.0198246  -0.152943    18.3351       -100
  0.672003 -0.0199872  -0.165031    -12.333       -100
   0.67302 -0.0202116     -0.222   -55.9855       -100
  0.674008 -0.0204132  -0.202556    19.6803       -100
  0.675005 -0.0205501  -0.138299    64.4301       -100
  0.676025 -0.0207036  -0.150576   -12.0366       -100
  0.677022 -0.0208963  -0.192807   -42.3856       -100
  0.678024 -0.0211017  -0.204032   -11.1991       -100
  0.679012 -0.0212838  -0.184983    19.2895       -100
  0.680016 -0.0214211  -0.136082    48.6835       -100
  0.681022 -0.0216148  -0.193667   -57.2338       -100
  0.682014 -0.0217742    -0.1597    34.2392       -100
  0.683019 -0.0219604  -0.186687   -26.8611       -100
  0.684008 -0.0221128  -0.152861    34.1865       -100
 0.685028 -0.022294 -0.179951  -26.5592      -100
  0.686016 -0.0224404  -0.146244    34.1154       -100
  0.687007 -0.0226264  -0.188604   -42.7506       -100
  0.688003 -0.0227662  -0.139657    49.1501       -100
   0.68902 -0.0229046  -0.136862     2.7476       -100
  0.690016 -0.0230995  -0.194424   -57.8281       -100
  0.691022 -0.0232599  -0.160435     33.782       -100
  0.692016 -0.0234021  -0.142189    18.3482       -100
  0.693019 -0.0235408  -0.139386     2.7949       -100
  0.694006 -0.0236607  -0.121593    18.0179       -100
  0.695023 -0.0237978  -0.134202   -12.4023       -100
  0.696016 -0.0239441   -0.14662   -12.5022       -100
  0.697024 -0.0240881  -0.143711     2.8874       -100
  0.698016 -0.0242889  -0.201151   -57.8857       -100
  0.699008 -0.0244537  -0.167079    34.3528       -100
      0.7 -0.024647 -0.193921  -27.0572      -100
  0.701023 -0.0248098  -0.159879    33.2831       -100
  0.702016 -0.0249361  -0.126579    33.5339       -100
  0.703063 -0.0250643  -0.123991    2.47027       -100
  0.703995 -0.0252364  -0.181978   -62.2673       -100
  0.705021 -0.0254031  -0.163234    18.2583       -100
  0.706015 -0.0255781  -0.175074   -11.9213       -100
  0.707021 -0.0257196  -0.141469    33.4092       -100
  0.708016 -0.0258586  -0.138662    2.81932       -100
  0.709021 -0.0259944  -0.135919    2.72943       -100
  0.710015 -0.0261277  -0.133227    2.70815       -100
  0.711007 -0.0262864  -0.160767   -27.7535       -100
  0.712023 -0.0264306  -0.142477    18.0073       -100
  0.713056 -0.0265906  -0.154626   -11.7595       -100
  0.714009 -0.0267362  -0.151685    3.08678       -100
  0.715022 -0.0269165  -0.178795   -26.7542       -100
  0.716015 -0.0271065  -0.190332   -11.6205       -100
 0.717021 -0.027278 -0.171492   18.7288      -100
  0.718017 -0.0274163  -0.137952    33.6636       -100
   0.71902 -0.0275514  -0.135223    2.71997       -100
  0.720016 -0.0277143  -0.162681   -27.5591       -100
  0.721028 -0.0278584  -0.144396    18.0751       -100
  0.722002 -0.0279834    -0.1265    18.3757       -100
  0.723018 -0.0281542  -0.169177        -42       -100
  0.724008 -0.0283044  -0.150771    18.6031       -100
  0.725021 -0.0284533  -0.147762    2.96837       -100
  0.726016 -0.0285984  -0.144833    2.94478       -100
  0.727021 -0.0287101  -0.111828    32.8582       -100
  0.728017 -0.0288651   -0.15482   -43.1602       -100
  0.729021 -0.0290017  -0.136688    18.0476       -100
  0.730025 -0.0291358  -0.133978    2.70078       -100
  0.731023 -0.0292973  -0.161465   -27.5346       -100
  0.732001 -0.0294681  -0.173387   -12.1841       -100
  0.733017 -0.0295636 -0.0945811     77.572       -100
  0.733998 -0.0297148  -0.153017    -59.576       -100
  0.735022 -0.0298676   -0.14993    3.01384       -100
  0.736001 -0.0300123  -0.147008    2.98519       -100
  0.737023 -0.0301587  -0.144051    2.89284       -100
  0.738017 -0.0302998  -0.141202    2.86818       -100
  0.739028 -0.0304381  -0.138409    2.76108       -100
  0.740016 -0.0305588  -0.120595    18.0338       -100
  0.741008 -0.0307198  -0.163459   -43.2275       -100
  0.742001 -0.0308799  -0.160226    3.25617       -100
  0.743059 -0.0310451  -0.156889    3.15317       -100
  0.744011 -0.0311637   -0.12376    34.7995       -100
  0.745023 -0.0312858  -0.121292    2.43831       -100
  0.746017 -0.0314198   -0.13396    -12.742       -100
  0.747024 -0.0315814  -0.161444    -27.291       -100
  0.748017 -0.0317082  -0.128139    33.5476       -100
  0.749009 -0.0318483  -0.140683   -12.6377       -100
 0.750018 -0.031973 -0.122788   17.7392      -100
  0.751024 -0.0321084  -0.135426   -12.5699       -100
  0.752018 -0.0322713  -0.162884    -27.618       -100
  0.753062 -0.0324211   -0.14448    17.6321       -100
  0.754011 -0.0325423  -0.126665    18.7651       -100
  0.755023 -0.0326672  -0.124141     2.4932       -100
  0.756018 -0.0327889  -0.121683    2.47112       -100
  0.757017 -0.0329215  -0.134376    -12.697       -100
  0.758018 -0.0330704  -0.146746   -12.3649       -100
  0.759027 -0.0331693 -0.0986239    47.6936       -100
  0.760016 -0.0332805  -0.111751   -13.2643       -100
   0.76101 -0.0334036  -0.124636   -12.9632       -100
  0.762021 -0.0334971 -0.0919949    32.3049       -100
  0.763062 -0.0336528  -0.150368   -56.0519       -100
  0.764014 -0.0337797  -0.132438    18.8483       -100
  0.765024 -0.0339101  -0.129803    2.60747       -100
  0.766013 -0.0340356  -0.127268     2.5638       -100
  0.767026 -0.0341776  -0.139775   -12.3459       -100
  0.768019 -0.0342994   -0.12194    17.9516       -100
 0.769025 -0.034434 -0.134596  -12.5842      -100
  0.770017 -0.0345807  -0.147006   -12.5034       -100
  0.771023 -0.0347399  -0.159164   -12.0928       -100
  0.772019 -0.0348509  -0.110798    48.5428       -100
  0.773062 -0.0349944  -0.138657   -26.7206       -100
  0.774016 -0.0351105  -0.120945    18.5686       -100
  0.775008 -0.0352275   -0.11858    2.38308       -100
  0.776004 -0.0353441  -0.116225    2.36314       -100
  0.777011  -0.035443 -0.0988523    17.2631       -100
  0.778008 -0.0355554  -0.111956   -13.1362       -100
  0.779023 -0.0356811   -0.12479    -12.642       -100
  0.78002 -0.035834  -0.15245  -27.7414      -100
  0.781025 -0.0359682  -0.134365    18.0052       -100
  0.782019 -0.0360849  -0.116635    17.8335       -100
  0.783058 -0.0362339  -0.144382   -26.7046       -100
  0.784019 -0.0363263  -0.096409    49.9036       -100
 0.785024 -0.036467 -0.139693  -43.1016      -100
  0.786002 -0.0365869  -0.121898    18.1902       -100
  0.787023 -0.0366928  -0.104381    17.1502       -100
  0.788014 -0.0368248  -0.132461   -28.3382       -100
  0.789063 -0.0369758  -0.144789   -11.7522       -100
 0.790007 -0.037082  -0.11191   34.8245      -100
  0.791024 -0.0372082  -0.124736   -12.6187       -100
  0.792021 -0.0373307  -0.122261    2.48169       -100
  0.793069 -0.0374387  -0.104698    16.7526       -100
 0.794013 -0.037566 -0.132861  -29.8588      -100
  0.795024 -0.0376666  -0.100077    32.3999       -100
   0.79602 -0.0377648 -0.0980931     1.9935       -100
 0.797016 -0.037875 -0.111239  -13.1912      -100
  0.798003 -0.0379982  -0.124123   -13.0586       -100
  0.799024 -0.0381369  -0.136696   -12.3158       -100
   0.80002 -0.0382409  -0.103845    32.9714       -100
  0.801026 -0.0383728  -0.131928   -27.9123       -100
  0.802015 -0.0384707  -0.099206    33.1034       -100
  0.803064 -0.0386043  -0.127269   -26.7387       -100
  0.804015 -0.0387237  -0.124856    2.53824       -100
  0.805012 -0.0388452  -0.122401    2.46185       -100
  0.805981 -0.0389183  -0.074809    49.1298       -100
  0.807023 -0.0390717  -0.148605   -70.7804       -100
  0.808022 -0.0391875  -0.115515    33.1476       -100
  0.809026 -0.0393156    -0.1283   -12.7281       -100
  0.810017 -0.0394258  -0.110697    17.7607       -100
  0.811032 -0.0395645  -0.138642   -27.5266       -100
  0.812018 -0.0396551 -0.0906899    48.6633       -100
   0.81306 -0.0397626  -0.103896   -12.6697       -100
  0.813987 -0.0398442 -0.0868807    18.3609       -100
  0.815023 -0.0399314 -0.0851178    1.70054       -100
  0.816018 -0.0400599  -0.128642    -43.746       -100
  0.817025 -0.0401559 -0.0959525    32.4593       -100
  0.818007 -0.0402637  -0.109145   -13.4366       -100
  0.819024 -0.0403716  -0.106964     2.1453       -100
   0.82003 -0.0404768  -0.104838    2.11293       -100
  0.821026 -0.0405794  -0.102764    2.08241       -100
  0.822018 -0.0406798  -0.100733    2.04615       -100
  0.823059 -0.0407974  -0.113736   -12.4972       -100
  0.824012 -0.0408754 -0.0814213    33.8927       -100
  0.825027 -0.0409863  -0.109931   -28.0902       -100
  0.826003 -0.0410919  -0.107796    2.18944       -100
  0.827003 -0.0412121   -0.12074   -12.9326       -100
  0.828006 -0.0413466  -0.133396   -12.6211       -100
  0.829034 -0.0414484  -0.100585    31.9228       -100
  0.830011 -0.0415759  -0.128754   -28.8445       -100
 0.831023 -0.041703 -0.126186   2.53551      -100
  0.832018 -0.0418115  -0.108618    17.6579       -100
  0.833019 -0.0419173   -0.10648    2.13554       -100
  0.834011 -0.0420516  -0.134513   -28.2572       -100
  0.835023 -0.0421538  -0.101696    32.4324       -100
  0.836005 -0.0422671   -0.11478   -13.3294       -100
  0.837023 -0.0423504 -0.0823424    31.8626       -100
   0.83802 -0.0424456 -0.0957923   -13.4894       -100
  0.839024 -0.0425402 -0.0938804    1.90387       -100
  0.840019 -0.0426622  -0.122163   -28.4338       -100
  0.841009 -0.0427652  -0.104708    17.6199       -100
  0.842018 -0.0428845  -0.117674   -12.8591       -100
  0.843064 -0.0430042  -0.115254    2.31221       -100
  0.844012 -0.0430977 -0.0979965    18.2184       -100
  0.845024 -0.0431944 -0.0960429    1.92936       -100
  0.846018 -0.0432885 -0.0941408    1.91409       -100
 0.847017 -0.043424 -0.137518   -43.422      -100
  0.848017 -0.0435147 -0.0895568    47.9534       -100
  0.849023 -0.0436326  -0.117923   -28.1935       -100
  0.850021 -0.0437486  -0.115579    2.35001       -100
 0.851027 -0.043892 -0.143429  -27.6677      -100
  0.852019  -0.043987 -0.0953874    48.4611       -100
  0.853065 -0.0440997   -0.10849   -12.5237       -100
  0.854001 -0.0441858 -0.0913844    18.2741       -100
  0.855021 -0.0442615 -0.0744787    16.5711       -100
  0.856027 -0.0443346 -0.0730009    1.46915       -100
  0.857026 -0.0444363  -0.101693   -28.7218       -100
  0.858012 -0.0445801  -0.144906   -43.8217       -100
  0.859025 -0.0446776 -0.0968104    47.4874       -100
  0.860016 -0.0448172   -0.14011   -43.6671       -100
  0.861021 -0.0448942 -0.0770585    62.7717       -100
  0.862015 -0.0450149  -0.120742   -43.9169       -100
  0.863055 -0.0451215  -0.103208    16.8713       -100
  0.864049 -0.0452376  -0.116236   -13.1073       -100
  0.865012 -0.0453467  -0.114031    2.28949       -100
  0.865979 -0.0454416 -0.0967428    17.8772       -100
  0.867009 -0.0455227 -0.0797276    16.5239       -100
  0.868007 -0.0456012 -0.0781412    1.58957       -100
  0.869024 -0.0456937 -0.0916465   -13.2783       -100
  0.870018 -0.0457685 -0.0747622    16.9868       -100
  0.871023 -0.0458718  -0.103421   -28.5184       -100
   0.87202 -0.0459582 -0.0863016    17.1783       -100
  0.873062 -0.0460613 -0.0995981   -12.7531       -100
  0.874044 -0.0461569  -0.097667    1.96684       -100
  0.875002 -0.0462641  -0.110869   -13.7777       -100
  0.875982 -0.0463417 -0.0785566    32.9751       -100
  0.876982 -0.0464184 -0.0770071    1.54928       -100
   0.87799 -0.0465252    -0.1056   -28.3786       -100
  0.878981 -0.0466423  -0.118605    -13.122       -100
  0.879991 -0.0467143 -0.0710216    47.0932       -100
  0.880995 -0.0467989 -0.0846866   -13.6205       -100
  0.882018 -0.0469295  -0.128179    -42.512       -100
  0.883053 -0.0469962 -0.0653214    60.6912       -100
  0.883996  -0.047087 -0.0942243   -30.6441       -100
  0.884999 -0.0471792 -0.0923622    1.85737       -100
  0.885977 -0.0472831  -0.105635   -13.5676       -100
  0.886996 -0.0473575 -0.0733786    31.6618       -100
  0.887996 -0.0474752  -0.117125   -43.7395       -100
  0.888998 -0.0476047  -0.129883   -12.7403       -100
  0.889994 -0.0477168  -0.112246    17.7014       -100
  0.891021 -0.0478284  -0.109991    2.19497       -100
  0.892014 -0.0478905 -0.0626172    47.7183       -100
  0.893018 -0.0480129  -0.121645   -58.7941       -100
  0.894002 -0.0481161  -0.104187    17.7433       -100
   0.89502 -0.0482196  -0.102097     2.0531       -100
  0.895997 -0.0483184  -0.100099    2.04509       -100
   0.89701 -0.0484165 -0.0981175    1.95691       -100
  0.898001 -0.0485125 -0.0961784    1.95551       -100
  0.899001 -0.0486068 -0.0942741    1.90401       -100
  0.899996 -0.0486691 -0.0622662    32.1713       -100
  0.901032 -0.0487311 -0.0610139    1.20948       -100
  0.902016 -0.0488058 -0.0748781   -14.0869       -100
  0.903059 -0.0489132  -0.103469   -27.3977       -100
  0.903997 -0.0489809 -0.0713676    34.2343       -100
  0.904999 -0.0490507 -0.0699572    1.40749       -100
  0.905979 -0.0491626   -0.11381   -44.7744       -100
  0.906995 -0.0492298 -0.0663244    46.7207       -100
  0.907993 -0.0493251 -0.0951472   -28.8799       -100
  0.908996 -0.0494183 -0.0932651    1.87645       -100
  0.909999 -0.0495246   -0.10649   -13.1913       -100
  0.911014 -0.0496311   -0.10434    2.11713       -100
  0.911988 -0.0497606  -0.132465   -28.8987       -100
   0.91301 -0.0498619 -0.0996653    32.0827       -100
  0.913988 -0.0499579  -0.097725    1.98346       -100
  0.914997 -0.0500693  -0.110849   -13.0044       -100
  0.915991 -0.0501477  -0.078517    32.5443       -100
  0.916995 -0.0502246 -0.0769638    1.54737       -100
 0.917989  -0.05033 -0.105583  -28.7858      -100
  0.919001 -0.0504186 -0.0884184    16.9514       -100
  0.919991 -0.0504751  -0.056527    32.2086       -100
  0.920994 -0.0505305 -0.0554088    1.11506       -100
  0.921989 -0.0506149 -0.0844521   -29.1916       -100
  0.923015 -0.0506994 -0.0827452    1.66337       -100
  0.923989 -0.0507788 -0.0811409    1.64723       -100
  0.924997 -0.0509039  -0.124737   -43.2488       -100
  0.925978 -0.0509501 -0.0469459    79.3483       -100
  0.926981 -0.0510414 -0.0912239   -44.1234       -100
  0.927995 -0.0511317  -0.089398    1.80064       -100
  0.928997 -0.0512197 -0.0876209    1.77477       -100
  0.929991 -0.0513055 -0.0858876    1.74251       -100
  0.930994 -0.0513594 -0.0540503    31.7564       -100
  0.932008 -0.0514439 -0.0830961   -28.6518       -100
  0.933014 -0.0515255 -0.0814474    1.63759       -100
  0.933977 -0.0516028 -0.0798857    1.62247       -100
  0.934999 -0.0516824 -0.0782775     1.5742       -100
  0.935978 -0.0517579 -0.0767521    1.55742       -100
  0.937002 -0.0518189 -0.0601434    16.2194       -100
  0.937994 -0.0519082 -0.0890877    -29.162       -100
  0.938996 -0.0519952 -0.0873288    1.75655       -100
  0.939991 -0.0520808 -0.0855997     1.7371       -100
  0.940981 -0.0521635 -0.0839296    1.68789       -100
  0.941992 -0.0522622 -0.0973106   -13.2336       -100
  0.943011  -0.052359 -0.0953552    1.91938       -100
  0.943991 -0.0524657  -0.108571   -13.4771       -100
  0.944995 -0.0525574 -0.0913436    17.1673       -100
  0.945997 -0.0526466 -0.0895419    1.79804       -100
   0.94698 -0.0527331 -0.0877936     1.7776       -100
  0.947991 -0.0528051 -0.0709617    16.6506       -100
  0.948996 -0.0528897 -0.0846263    -13.604       -100
  0.950008 -0.0529894 -0.0979894   -13.1941       -100
  0.950992 -0.0530835 -0.0960877    1.93412       -100
  0.951992 -0.0531629 -0.0791084    16.9805       -100
  0.953009  -0.053211 -0.0473863    31.1744       -100
  0.953989 -0.0532715  -0.061535    -14.446       -100
  0.955003 -0.0533169 -0.0452436    16.0628       -100
  0.955977 -0.0534199  -0.104649   -60.9501       -100
  0.956993 -0.0534933 -0.0724146    31.7299       -100
  0.957994 -0.0535645 -0.0709764    1.43796       -100
  0.958996 -0.0536491 -0.0846422   -13.6343       -100
  0.959991  -0.053747 -0.0980377   -13.4639       -100
  0.960994 -0.0538129 -0.0659587    31.9898       -100
  0.961992 -0.0538475 -0.0345112    31.4873       -100
  0.963012 -0.0539431  -0.094086   -58.3956       -100
  0.963996 -0.0540189 -0.0771841      17.19       -100
  0.964997 -0.0540947 -0.0756526    1.53014       -100
  0.965977 -0.0541677  -0.074177    1.50554       -100
  0.966995 -0.0542414 -0.0726879    1.46275       -100
 0.967983 -0.054342 -0.101402  -29.0413      -100
  0.968994 -0.0544118 -0.0692408    31.8142       -100
  0.969991 -0.0545098 -0.0980092   -28.8738       -100
  0.970993 -0.0545908 -0.0809985    16.9674       -100
  0.971992 -0.0546854 -0.0944628   -13.4878       -100
  0.973018 -0.0547488 -0.0624298    31.2166       -100
  0.973987 -0.0548382 -0.0913647   -29.8553       -100
  0.975001 -0.0548982 -0.0594013    31.5296       -100
  0.975992 -0.0549864 -0.0883688   -29.2063       -100
  0.976981 -0.0550716 -0.0866468     1.7425       -100
  0.977989 -0.0551728 -0.0999789   -13.2258       -100
  0.978994 -0.0552407 -0.0678579    31.9557       -100
  0.979991 -0.0553073  -0.066513    1.34848       -100
  0.980995 -0.0554328  -0.125474   -58.7556       -100
  0.981997 -0.0555257 -0.0928507    32.5486       -100
   0.98301 -0.0556181 -0.0909849    1.84219       -100
  0.983987 -0.0556761 -0.0590705    32.6564       -100
  0.984996 -0.0557493 -0.0729666   -13.7723       -100
  0.985976 -0.0558049 -0.0564714    16.8377       -100
  0.986982 -0.0558754 -0.0704203   -13.8639       -100
  0.987988 -0.0559299 -0.0539439     16.376       -100
  0.988994 -0.0560282 -0.0980817   -43.8898       -100
   0.98999 -0.0561093   -0.08107     17.074       -100
  0.990986 -0.0562325  -0.124698    -43.788       -100
  0.992009 -0.0562964 -0.0618929    61.4187       -100
  0.993022 -0.0564183  -0.120932   -58.2517       -100
  0.993989 -0.0565043 -0.0884539    33.6021       -100
  0.994998 -0.0565914 -0.0866951    1.74315       -100
  0.995992 -0.0566912  -0.100052   -13.4317       -100
  0.996994 -0.0567441 -0.0528617    47.0929       -100
  0.997992 -0.0568412 -0.0970227   -44.2592       -100
  0.998997 -0.0569062 -0.0649619    31.9186       -100
  0.999984 -0.0569689  -0.063696     1.2825       -100
