          0    0.781553 -0.00595218           0           0
0.000993013   0.781547 -0.0058362   0.116805        170
  0.0019865    0.781542 -0.00572029     0.11667         170
 0.0029881    0.78155 0.00805908    13.7574        170
0.00397301    0.78153 -0.0194334   -27.9138        170
0.00498366   0.781539 0.00828437    27.4256        170
0.00596976   0.78156 0.0217896   13.6957       170
0.00697589   0.781527 -0.0333062   -54.7604        170
0.00797343  0.781535 0.0083523   41.7611       170
0.00898457   0.781543 0.00818509  -0.165368        170
0.00996947   0.781551 0.00802494  -0.162605        170
0.0109823 0.781573  0.02153  13.3344      170
 0.0119774    0.78158 0.00743684   -14.1618        170
0.0129669  0.781601 0.0209595    13.667       170
 0.0139761   0.781608 0.00687489   -13.9559        170
 0.0149906   0.781615 0.00673783  -0.135099        170
  0.0160024    0.781608 -0.00706157    -13.6378         170
   0.016994    0.781601 -0.00692313    0.139607         170
0.0179877 0.781621 0.020546  27.6425      170
 0.018986  0.781641 0.0201416 -0.405113       170
0.0199893  0.781661 0.0197388 -0.401444       170
0.0210147  0.781695 0.0330076   12.9397       170
0.0245626  0.781854 0.0440647   3.11649       170
0.0249996  0.781879 0.0574273   30.5767       170
0.0260158   0.78195 0.0699346   12.3086       170
0.0270064 0.782016  0.06858 -1.36743      170
0.0280268 0.782122 0.102757  33.4931      170
0.0289972  0.78222 0.100769  -2.0492      170
0.0299931 0.782354 0.134368  33.7386      170
0.0309806 0.782483 0.131752 -2.64892      170
0.0319893 0.782686 0.200273  67.9266      170
 0.03302 0.782904 0.214028  13.3448      170
0.0340343 0.783117  0.20971 -4.25715      170
0.0349917 0.783381 0.276951  70.2264      170
0.0360107 0.783711 0.324765  46.9229      170
0.0370195 0.784068 0.353848  28.8301      170
0.0380087 0.784449 0.382459  28.9238      170
0.0396471 0.785056 0.370177 -7.49613      170
0.0399733 0.785192 0.403507  102.188      170
0.0410254 0.785677 0.466356   59.735      170
0.0419888 0.786139 0.475159  9.13637      170
0.0429828 0.786619 0.483619  8.51192      170
0.044018 0.787146 0.509296  24.8037      170
0.0450282 0.787715 0.570421  60.5091      170
0.0460017 0.788354 0.648264  79.9645      170
0.0470054 0.789023 0.671041  22.6924      170
0.0480118 0.789778 0.746571  75.0517      170
0.0490072 0.790556 0.785304  38.9128      170
0.0499971 0.791326 0.769755 -15.7074      170
0.0509953 0.792166 0.843545  73.9185      170
0.0519826 0.793059 0.898122  55.2791      170
0.0529854 0.793939 0.880356 -17.7165      170
0.053992 0.794928 0.987443  106.385      170
0.0549941 0.795971  1.03899  51.4367      170
0.0559647 0.797037  1.09005  52.6132      170
0.0570054 0.798158  1.08558 -4.30204      170
0.0579851 0.799277  1.13556  51.0235      170
0.058984 0.800423  1.14873  13.1822      170
0.0599911 0.801613  1.17916  30.2144      170
0.0610421 0.802865  1.20834  27.7688      170
0.0620253 0.804124  1.27366  66.4278      170
0.0630038 0.805359  1.26686 -6.95027      170
0.0640173 0.806697  1.31246  44.9969      170
0.0650492 0.808071  1.33917  25.8878      170
0.0660083 0.809355  1.33138 -8.12681      170
0.0670209 0.810759  1.39379  61.6413      170
0.0680006 0.812122   1.3844 -9.58482      170
0.0689976 0.813546  1.42825  43.9735      170
0.0700121 0.814966  1.39958  -28.264      170
0.0710588 0.816466  1.44191  40.4502      170
0.0720193 0.817854  1.45015  8.57779      170
0.0730035 0.819285   1.4394  -10.928      170
0.0740008 0.820764  1.48214  42.8535      170
0.0750227 0.822258  1.47011 -11.7688      170
0.076015 0.823732  1.47665  6.58628      170
0.0770206 0.825213  1.48302  6.34262      170
0.0780492 0.82677 1.50606 22.3982     170
0.0790138 0.828189   1.4774 -29.7157      170
0.0800123 0.829678  1.48361  6.22617      170
0.0810282 0.83119 1.50753 23.5404     170
   0.082 0.832681  1.51371  6.36061      170
0.0830612 0.834243  1.51849  4.50359      170
0.0840559 0.835785   1.5418  23.4334      170
0.0850613 0.837312  1.52909 -12.6361      170
0.0860405 0.83886 1.57042 42.2103     170
0.0870602 0.840385  1.50331 -65.8198      170
0.0880325 0.841936   1.5446  42.4658      170
0.0890017 0.843474  1.58612  42.8451      170
0.0900199 0.845045  1.55437 -31.1759      170
0.0910044 0.846567  1.54179 -12.7869      170
0.0920002 0.848151   1.5824  40.7801      170
0.0930226 0.849762  1.58615  3.67345      170
0.0940011 0.851329   1.5908  4.74948      170
0.0950193 0.852979   1.6301  38.5923      170
0.0960164 0.854582  1.59772 -32.4701      170
0.0970216 0.856183  1.60168  3.93283      170
0.0980506 0.857841   1.6045  2.74332      170
0.0990591 0.859459  1.62627  21.5894      170
0.100015 0.861092  1.68402  60.4008      170
0.100998 0.862753  1.68677  2.79397      170
0.102015  0.86445  1.67065 -15.8477      170
0.103021 0.866105  1.65537 -15.1918      170
0.104019 0.867789  1.67581  20.4665      170
0.105056 0.869571  1.73062  52.8827      170
0.106004 0.871251  1.75111  21.6133      170
0.106998 0.873005  1.77013  19.1415      170
   0.108 0.874754  1.75294 -17.1442      170
0.108999 0.876546  1.78937  36.4634      170
0.109994 0.878337   1.7895 0.125492      170
0.110983 0.880116  1.80801  18.7168      170
0.111977 0.881959  1.84338  35.5749      170
0.113004 0.883836  1.84178 -1.56545      170
0.113994 0.885707   1.8766  35.1694      170
0.114999 0.887566  1.85719 -19.3113      170
0.115994 0.889421  1.85604 -1.15454      170
0.117009 0.891295  1.87264   16.349      170
 0.11798  0.89314  1.87166 -1.00689      170
0.118963 0.89501 1.87019 -1.4966     170
0.120042 0.897009  1.88431   13.087      170
0.121031 0.898906  1.91859  34.6623      170
0.121951 0.900645  1.84718 -77.5811      170
0.122986 0.902533   1.8635  15.7746      170
 0.12402 0.904504  1.89632  31.7505      170
0.125023 0.906381  1.87657 -19.6888      170
0.125986 0.908197  1.89432  18.4306      170
0.126956 0.91001 1.83954  -56.51     170
 0.12798 0.911894  1.85594  16.0053      170
 0.12903 0.913794  1.81755 -36.5917      170
0.129958 0.915557  1.85453  39.8155      170
0.130984 0.917384  1.81762 -35.9861      170
 0.131955   0.91919   1.81743 -0.191629       170
 0.13302  0.92109  1.81538 -1.92719      170
0.134019  0.92285  1.76167 -53.7469      170
0.134964 0.924503  1.72828 -35.3475      170
0.135978 0.926252   1.7474  18.8573      170
0.137023 0.92811 1.78251 33.6071     170
0.138019 0.929804  1.69383 -89.0215      170
0.138985 0.931404  1.66151 -33.4448      170
    0.14 0.933117  1.69953  37.4563      170
0.141021 0.934843  1.70095   1.3942      170
0.142015 0.936546  1.70286   1.9208      170
0.143007  0.93819  1.66965 -33.5131      170
0.144024 0.939851   1.6361 -32.9789      170
0.145021 0.941526  1.67487  38.8969      170
0.146015 0.943184  1.65954 -15.4299      170
 0.14702  0.94483  1.64444 -15.0146      170
0.148049 0.946511  1.62863 -15.3666      170
0.149015 0.948063  1.61543 -13.6717      170
0.150012 0.949706  1.63669  21.3185      170
0.150999 0.951272   1.5869 -50.4547      170
0.152018 0.95291  1.6083 20.9968     170
0.153018 0.954483  1.59466 -13.6397      170
0.153982 0.956038  1.58141 -13.7436      170
0.155006 0.957645  1.58524  3.74615      170
   0.156 0.959251  1.60727  22.1634      170
0.157027 0.960914  1.62815  20.3133      170
0.158012 0.962493  1.59623 -32.4223      170
0.159012 0.964121  1.63596  39.7149      170
 0.16001 0.965711  1.58568 -50.4085      170
0.161019 0.967343  1.62533  39.2791      170
0.162009 0.968969  1.64694  21.8538      170
0.163019 0.970605  1.61388 -32.7225      170
0.164014 0.972258   1.6531  39.4026      170
 0.16502 0.973879  1.62036 -32.5473      170
0.166015 0.975538  1.65946  39.3113      170
 0.16702 0.977147   1.6088 -50.3904      170
0.168049 0.978813  1.61145  2.57094      170
0.169005 0.980386  1.65227   42.694      170
0.169999 0.982064  1.67283  20.6999      170
0.171018  0.98371  1.63958 -32.6195      170
0.172001 0.985341  1.64293  3.40954      170
 0.17302 0.986974  1.60995 -32.3451      170
0.174021 0.988579  1.59567 -14.2772      170
0.175022 0.99019 1.61758 21.8819     170
0.176015 0.991792  1.60338 -14.3035      170
0.177021 0.993417  1.62501   21.501      170
 0.17805  0.99508  1.60957 -14.9994      170
0.179014 0.996629  1.61456  5.17628      170
0.180061 0.998242  1.54566 -65.7974      170
0.181004 0.999715   1.5522  6.93561      170
0.182001 1.00129 1.57482 22.6854     170
0.183022  1.00286  1.54317 -31.0114      170
0.184015  1.00439  1.53044 -12.8212      170
0.185021 1.00592 1.53573 5.25321     170
0.186001  1.00739  1.48794 -48.7675      170
0.187021  1.00889  1.47586 -11.8462      170
 0.18805  1.01036   1.4279 -46.5877      170
0.189007 1.01172 1.43677 9.27645     170
0.190016  1.01318  1.42546 -11.2006      170
0.191021  1.01459  1.41506 -10.3545      170
0.192014  1.01598  1.38706 -28.1817      170
0.193022  1.01736  1.37734 -9.65551      170
  0.194 1.01868 1.35052 -27.424     170
0.195021  1.02005  1.34112 -9.19841      170
0.196014  1.0214 1.35021 9.14857     170
0.197023   1.0227  1.30568 -44.1418      170
0.19806 1.02412 1.36784 59.9334     170
0.199048  1.02546  1.35882 -9.13046      170
0.200006  1.02673  1.31502 -45.6902      170
0.20102 1.02809 1.34215  26.757     170
0.202003  1.02937  1.29807 -44.8659      170
0.202986 1.03066 1.30837 10.4716     170
0.204018    1.032  1.29945 -8.63648      170
0.205021 1.03332 1.32718 27.6502     170
0.206015  1.03462  1.30093 -26.4253      170
0.207027 1.03597 1.34635 44.8647     170
0.208012  1.03723  1.26638 -81.1712      170
0.209014 1.03856 1.33035 63.8521     170
0.210012  1.03985  1.28613 -44.3134      170
0.211023 1.04115  1.2961 9.86277     170
0.212001 1.04243 1.30647  10.592     170
0.213021 1.04377  1.3158 9.14327     170
0.214018  1.04506  1.28969 -26.2036      170
0.21502 1.04636 1.29981 10.1022     170
0.216023  1.04762  1.25626 -43.4229      170
0.217022 1.04892 1.30253 46.3305     170
 0.21805  1.05025  1.29371 -8.57456      170
0.219012 1.05152 1.32254 29.9457     170
0.220016  1.05285  1.31393 -8.57775      170
0.221007 1.05413 1.30608 -7.9274     170
0.222016  1.05545  1.29765 -8.35374      170
 0.22302  1.05672  1.27198 -25.5491      170
0.224015 1.05801 1.28235 10.4257     170
0.22503 1.05932 1.31029 27.5185     170
0.226015  1.06054  1.23106 -80.4765      170
0.227038 1.06188   1.313 80.0861     170
0.228042 1.06314 1.25118  -61.57     170
0.229031 1.06439 1.26225  11.182     170
0.229999   1.0656  1.23789 -25.1607      170
0.230999  1.06682  1.23127 -6.62069      170
0.23199 1.06806 1.24255 11.3802     170
0.232995  1.06926  1.20013 -42.2112      170
0.233999  1.07044  1.17636 -23.6795      170
0.234995 1.07163 1.18864 12.3157     170
0.235976  1.07278  1.16548 -23.6262      170
0.237023  1.07396  1.14162 -22.7709      170
0.238054 1.07515 1.15381 11.8246     170
0.239003  1.07623  1.13207 -22.8983      170
 0.23998  1.07732  1.11003 -22.5625      170
0.240997  1.07844  1.10556 -4.39698      170
0.241993  1.07954  1.10144 -4.13286      170
0.242988  1.08062  1.09775 -3.71056      170
0.243991  1.08171  1.07573 -21.9615      170
0.244995  1.08277  1.05441 -21.2299      170
0.245991 1.08384 1.06914 14.7953     170
0.246994 1.08485 1.01238 -56.577     170
0.248039 1.08592 1.02714 14.1228     170
0.249029 1.08695 1.04255 15.5615     170
0.250008  1.08794  1.00446 -38.9315      170
 0.25099  1.08892  1.00272 -1.76976      170
0.251985 1.08995 1.03643 33.8995     170
0.252984  1.09091 0.962484 -73.9862      170
0.253991   1.0919 0.978799  16.2046      170
0.254994   1.0929 0.995026  16.1852      170
0.255991  1.09387 0.975306 -19.7828      170
0.256994  1.09485 0.973784 -1.51555      170
0.258001  1.09581 0.954312 -19.3397      170
  0.25899   1.09675  0.953476 -0.845349       170
0.259991  1.09773 0.970086  16.5828      170
   0.261  1.09871 0.986503  16.2826      170
0.261974  1.09965 0.949464 -38.0205      170
0.262993  1.10061 0.948177 -1.26322      170
0.263989  1.10155 0.947215 -0.96592      170
0.264994  1.10254 0.981819  34.4427      170
0.265989   1.1035 0.962398 -19.5207      170
0.266993  1.10444 0.943324 -18.9887      170
0.268001   1.1054 0.942231 -1.08398      170
 0.268994   1.10633  0.941574 -0.662667       170
 0.269999   1.10727  0.940685 -0.884715       170
  0.27098   1.10819  0.940151 -0.544188       170
 0.271975   1.10913   0.93933 -0.824909       170
0.272995   1.1101 0.956037  16.3882      170
 0.27399  1.11101 0.901515 -54.7477      170
0.274994  1.11187 0.865871 -35.5279      170
0.27599 1.11279 0.91992 54.2595     170
0.276995  1.11368 0.883873 -35.8611      170
0.278005  1.11461 0.919521  35.2963      170
0.278996  1.11546 0.866025 -53.9493      170
0.279991  1.11633 0.866619 0.596904      170
0.280999  1.11722 0.884961  18.1917      170
0.281976  1.11809 0.885584 0.638005      170
    0.283   1.11899  0.885492 -0.089443       170
0.283992  1.11982 0.832437  -53.519      170
0.284996  1.12067 0.851542   19.021      170
0.285975  1.12151 0.852745  1.22863      170
0.286995  1.12236 0.835606 -16.8158      170
0.288047  1.12323 0.836208 0.571771      170
0.289003    1.124 0.802441 -35.3452      170
0.289994   1.1248 0.804377  1.95297      170
0.290982  1.12563 0.842062  38.1513      170
0.291977   1.1264 0.772022 -70.3633      170
0.292983   1.1272 0.792291  20.1549      170
0.293977  1.12799 0.794428   2.1491      170
0.294994  1.12881 0.814077  19.3147      170
0.296017  1.12959 0.762058 -50.8824      170
0.297031  1.13032 0.729158 -32.4309      170
0.298053  1.13111 0.767615  37.6255      170
0.298997  1.13184 0.771017  3.60466      170
0.299977  1.13259 0.755988 -15.3402      170
0.300998  1.13334 0.740769 -14.8972      170
0.301985  1.13408 0.744012  3.28501      170
0.302993  1.13483 0.747014  2.98097      170
0.303987  1.13554 0.714457 -32.7548      170
0.304992  1.13632 0.771455  56.6914      170
0.305988  1.13703 0.720667 -50.9869      170
0.306983  1.13776 0.724205  3.55741      170
0.307965  1.13844 0.692266 -32.5311      170
0.308983  1.13916 0.713951  21.2859      170
0.309985  1.13985 0.681965 -31.9352      170
0.310985  1.14055 0.704093  22.1293      170
0.311981  1.14122 0.672354 -31.8468      170
0.312988  1.14192 0.694604  22.1036      170
0.313985   1.1426 0.680835 -13.8098      170
 0.31499  1.14328 0.685187  4.33187      170
 0.31598  1.14395  0.67162 -13.7016      170
 0.31697   1.1446 0.658504 -13.2528      170
0.317965  1.14525 0.645478 -13.0894      170
0.318983  1.14593 0.674003  28.0058      170
0.319984  1.14659 0.660617 -13.3744      170
0.320984  1.14724 0.647577 -13.0441      170
0.321983  1.14785 0.611021  -36.576      170
0.322985  1.14852 0.670069  58.9536      170
0.323984  1.14915 0.633119  -36.979      170
 0.32497  1.14977 0.620731 -12.5654      170
0.325966  1.15045 0.679562   59.075      170
0.326972  1.15107 0.618665 -60.4978      170
0.327969  1.15179 0.724964  106.663      170
0.328983  1.15246 0.663015 -61.0938      170
 0.32999  1.15311  0.64981 -13.1185      170
0.330983  1.15372 0.613323 -36.7172      170
0.331981   1.1543  0.57747 -35.9421      170
0.332992  1.15489 0.589721  12.1136      170
0.333979  1.15552 0.625482  36.2388      170
0.334969  1.15612 0.613267 -12.3423      170
0.335963  1.15677 0.648563  35.4928      170
0.336982  1.15734 0.564408 -82.6437      170
0.337977  1.15799 0.648084  84.0232      170
0.338984  1.15863 0.635225  -12.781      170
0.339998  1.15928 0.646252  10.8722      170
 0.34106  1.15994 0.632759 -12.7064      170
0.342078  1.16055 0.596329 -35.7676      170
0.342997  1.16109 0.585353 -11.9421      170
0.344023  1.16168 0.573462 -11.5904      170
0.345023  1.16226 0.585883  12.4221      170
0.346017  1.16291 0.645416  59.9229      170
0.347023  1.16354  0.63261 -12.7253      170
0.348053  1.16418 0.619673 -12.5601      170
 0.34904   1.1648 0.631347  11.8329      170
0.350029  1.16544 0.642617  11.3956      170
0.351005  1.16601 0.582817   -61.25      170
0.351995   1.1666 0.594959  12.2573      170
0.353019   1.1672 0.582957 -11.7212      170
0.353988   1.1678 0.619127  37.3389      170
0.354995  1.16844 0.630522  11.3154      170
0.355976    1.169 0.570814 -60.8743      170
0.356996  1.16966 0.654147  81.7027      170
0.358009  1.17029 0.617283 -36.3973      170
0.358993  1.17084 0.557868 -60.3983      170
0.359987   1.1714 0.570629  12.8283      170
0.361009  1.17199 0.582866  11.9727      170
0.361992  1.17252 0.523932  -59.968      170
0.362995  1.17305 0.537275  13.3032      170
0.363991  1.17365 0.597759  60.7052      170
0.364995  1.17421 0.562213 -35.4046      170
0.365991  1.17474 0.527374 -34.9833      170
0.366994   1.1753 0.564357    36.88      170
0.368026   1.1759 0.576596  11.8641      170
0.369008   1.1764 0.518013 -59.6685      170
0.369995  1.17696 0.555171  37.6361      170
0.370981  1.17747 0.520652 -35.0228      170
0.371976  1.17803 0.557765   37.267      170
0.372998  1.17858 0.546536 -10.9962      170
0.373992  1.17914 0.559433  12.9715      170
0.374995  1.17969 0.548353 -11.0459      170
0.376024  1.18026 0.560939  12.2334      170
0.377024  1.18081 0.549887 -11.0444      170
0.378062  1.18137 0.538632 -10.8398      170
0.379003  1.18189 0.552192  14.4205      170
0.379995  1.18243  0.54129 -10.9896      170
0.380997  1.18296 0.530595 -10.6726      170
0.381977   1.1835 0.543954  13.6295      170
0.382995  1.18409 0.580441  35.8491      170
0.383992  1.18463 0.545231 -35.3141      170
0.385025  1.18518 0.534219 -10.6645      170
0.386018  1.18572 0.547359  13.2229      170
 0.38703  1.18631 0.583946  36.1761      170
0.388034  1.18686 0.548498 -35.2827      170
0.389018  1.18744 0.585242  37.3435      170
0.389989  1.18795 0.526471 -60.5217      170
0.391011  1.18848  0.51587 -10.3744      170
0.391972  1.18904 0.577133  63.7614      170
0.392984  1.18956 0.518204 -58.2257      170
0.393977  1.19009 0.531683  13.5772      170
0.395009  1.19062 0.520872 -10.4765      170
0.395993  1.19117 0.558165  37.9097      170
0.396997   1.1917 0.523332   -34.67      170
0.398024  1.19218 0.465259 -56.5662      170
0.398999  1.19269 0.527464  63.7913      170
0.399973   1.1932 0.517237 -10.5004      170
0.400997  1.19376 0.554185  36.0902      170
0.401977  1.19427 0.519685 -35.2078      170
0.403007   1.1948 0.509111  -10.259      170
0.403985  1.19529  0.49921 -10.1247      170
   0.405  1.19578 0.489286 -9.77551      170
0.40599 1.19631 0.52701 38.1362     170
0.406996  1.19682 0.516555 -10.3859      170
0.408024  1.19732 0.482312 -33.3323      170
0.408992 1.19785 0.54425 63.9869     170
0.409994  1.19833 0.485998  -58.117      170
0.410979   1.1988 0.476546 -9.59485      170
0.411991   1.1993 0.490662  13.9478      170
0.413011  1.19979 0.480812  -9.6599      170
0.413995   1.2003 0.518874  38.6921      170
0.414995  1.20076 0.461156 -57.6948      170
 0.41599  1.20121 0.452025 -9.17526      170
0.416996  1.2017 0.49048 38.2485     170
0.418011  1.20219 0.480586 -9.73995      170
0.419014  1.20269 0.494787  14.1614      170
0.419987  1.20314 0.461499 -34.2199      170
0.420994 1.20362 0.47604 14.4386     170
0.421975  1.20405 0.443042 -33.6506      170
0.422997  1.20461 0.552679  107.241      170
 0.42399  1.20506 0.446886 -106.563      170
0.424993  1.20552 0.461753  14.8226      170
0.426025  1.20599 0.452293 -9.16759      170
0.427014 1.20638 0.39604 -56.868     170
0.428016  1.20687 0.482975  86.7349      170
 0.42899  1.20731 0.449943 -33.9328      170
0.429995  1.20777 0.464724  14.6981      170
0.430981   1.2082 0.431946 -33.2556      170
0.431982   1.2086 0.399694 -32.2158      170
0.432996  1.20907 0.462766  62.1862      170
0.433991   1.2095 0.429904 -33.0214      170
0.434995  1.20992 0.421382 -8.49235      170
0.435975  1.21032 0.413171  -8.3757      170
0.436996  1.21071 0.381157 -31.3726      170
0.438007  1.21114 0.420904  39.3087      170
0.438993   1.2115 0.365296 -56.4185      170
0.439991   1.2119 0.405454  40.1992      170
0.441001  1.21225  0.35001 -54.9114      170
0.441991  1.21264 0.390501   40.894      170
0.442988  1.21302 0.382815 -7.71256      170
0.443978  1.21342 0.399003  16.3455      170
0.444995  1.21384 0.414697  15.4299      170
0.445991  1.21425 0.406486 -8.24893      170
0.446995  1.21465 0.398438 -8.01838      170
0.448027   1.2151 0.437663  37.9873      170
0.449023  1.21548 0.381664 -56.2444      170
0.450028   1.2159 0.421497  39.6373      170
0.451012  1.21631 0.413258 -8.37154      170
0.451988  1.2167 0.40523 -8.2246     170
0.452996  1.21706 0.349762 -55.0002      170
 0.45399  1.21745 0.390258   40.742      170
0.454994  1.21783 0.382529 -7.69825      170
0.45599 1.21823 0.39867 16.2191     170
0.456994  1.21857 0.343361 -55.0626      170
0.458028  1.21894 0.360011  16.1018      170
0.458985  1.21935 0.424401  67.3158      170
0.459992  1.21967 0.321051 -102.575      170
0.460984  1.22001 0.338486  17.5825      170
0.461997  1.22037 0.355373   16.666      170
0.462992  1.22076 0.395803  40.6359      170
 0.46399   1.2211 0.340537 -55.3616      170
0.464994  1.22148 0.381208  40.4993      170
0.465991  1.22188 0.397367  16.2224      170
0.466994  1.22225 0.365792 -31.4648      170
0.468013  1.22261  0.35844 -7.21833      170
0.468991    1.223 0.398893  41.3434      170
0.469992  1.22339 0.390963 -7.92464      170
0.471009  1.22383 0.430538  38.9003      170
0.472017  1.22421 0.374502 -55.5893      170
0.473022  1.22458  0.36708 -7.38566      170
0.473977   1.2249 0.336388 -32.1502      170
 0.47498  1.22525 0.353435  16.9832      170
0.475991  1.22563 0.370037  16.4227      170
0.476999  1.22601 0.386424  16.2609      170
0.478008  1.22638  0.35494 -31.2187      170
0.478992  1.22674 0.371757  17.0868      170
0.479992  1.22703 0.293246 -78.5163      170
 0.48101  1.22742 0.382175  87.3111      170
0.482016  1.2278 0.37454 -7.5884     170
0.482991  1.22818 0.391035  16.9287      170
0.483992  1.22849 0.312143 -78.8041      170
 0.48498  1.22889 0.400898  89.7887      170
0.485981  1.22926 0.369267 -31.6176      170
0.486996  1.22967 0.409238   39.382      170
0.488005  1.23006 0.377327 -31.6037      170
0.488991   1.2304  0.34627 -31.4948      170
0.489979 1.23076 0.36319 17.1334     170
   0.491  1.23112 0.355879 -7.16357      170
0.491995  1.23149 0.372545  16.7431      170
0.492984  1.23178 0.294146 -79.2932      170
0.493975  1.23214 0.359469  65.8942      170
0.494987  1.23244 0.304923 -53.9327      170
0.495975  1.23284 0.393728  89.8609      170
0.496985  1.23318 0.338482 -54.6898      170
0.497999  1.23349 0.307963 -30.1048      170
0.499017  1.23389 0.396582   87.008      170
0.499971   1.2342 0.317897 -82.4668      170
 0.50102  1.23452 0.311341 -6.25351      170
0.501995  1.23489 0.376426  66.7127      170
0.502995 1.23531 0.41641 39.9866     170
0.503997  1.23567 0.360751 -55.5442      170
0.504996  1.23602 0.353608 -7.15529      170
0.505991  1.23632 0.299198 -54.6875      170
0.506994  1.23661 0.293273  -5.9034      170
0.508014  1.23695 0.334744  40.6694      170
0.508991   1.2373 0.351992  17.6447      170
0.509993  1.23767 0.368701  16.6902      170
0.510981    1.238 0.337805 -31.2633      170
0.511991  1.23836 0.354721  16.7492      170
0.512998  1.23873 0.371418  16.5762      170
0.513992  1.23905 0.316629 -55.1221      170
0.514994  1.23938 0.334073  17.4163      170
0.515989  1.23969 0.303763 -30.4645      170
0.516995  1.24003 0.345149  41.1342      170
0.518013  1.24035 0.314465 -30.1192      170
0.518991   1.2407 0.355818  42.3038      170
0.519991    1.241 0.301339 -54.4692      170
0.520997  1.24132 0.319073   17.638      170
0.522009 1.24171  0.3838 63.9095     170
0.523008  1.24206 0.352515 -31.3402      170
0.523986  1.24231 0.250807  -103.92      170
0.524992 1.24267 0.36437 112.925     170
0.525989  1.24298 0.309735 -54.8091      170
0.526992  1.24333 0.351029  41.1598      170
0.528005  1.24363 0.296554 -53.7989      170
0.528987  1.24394 0.314486  18.2467      170
0.529989  1.24428 0.331953  17.4347      170
0.531011  1.24458 0.301604 -29.7063      170
0.531983   1.2449 0.319419  18.3182      170
0.532986  1.24523 0.336802  17.3303      170
0.533985  1.24559 0.353847  17.0708      170
0.534985  1.24591 0.323126 -30.7236      170
0.535965 1.24624 0.34054 17.7586     170
0.536984  1.24654  0.28629 -53.2511      170
0.537981  1.24689 0.351743  65.6614      170
0.538972  1.24723 0.344861 -6.94736      170
0.539993  1.24755 0.314226 -30.0076      170
0.540987  1.24783 0.284302 -30.0832      170
0.541982  1.24816 0.326093  42.0145      170
0.542991  1.24843 0.272204 -53.3842      170
0.543972  1.24872 0.290605  18.7605      170
0.544986  1.24903 0.308486  17.6385      170
0.545979  1.24935 0.326105  17.7384      170
0.546984  1.24972 0.367041  40.7353      170
0.54798 1.25006 0.33608 -31.097     170
 0.54899  1.25036 0.305711 -30.0631      170
0.549988  1.25069 0.323334  17.6537      170
 0.55099    1.251 0.316938  -6.3827      170
0.551974  1.25131 0.310749  -6.2934      170
0.552975 1.25166 0.35201 41.2253     170
0.553988  1.25194 0.273826 -77.1961      170
0.554985  1.25226 0.315841  42.1386      170
0.555981  1.25256 0.309593 -6.27059      170
0.556984 1.25289 0.32717 17.5201     170
0.557988  1.25321 0.320685 -6.46294      170
0.558984  1.25353 0.314347 -6.36227      170
0.559984  1.25381 0.284399 -29.9433      170
0.560971  1.25411 0.302567  18.4104      170
0.561981 1.25446  0.3439 40.9171     170
 0.56299  1.25477 0.313357 -30.2636      170
0.563981  1.25513 0.354594  41.6069      170
0.565008  1.25546 0.323704 -30.0816      170
0.565986  1.25577 0.317415 -6.43444      170
 0.56699  1.25606 0.287453 -29.8432      170
0.567966  1.25636 0.305555  18.5505      170
0.568983  1.25666 0.299421 -6.02829      170
0.569984  1.25693 0.269762 -29.6254      170
0.570969  1.25724 0.311939  42.8225      170
0.571967  1.25754 0.305751 -6.19881      170
 0.57299  1.25785   0.2996 -6.01659      170
0.573982  1.25816 0.317386  17.9335      170
0.574969  1.25852 0.358624  41.7579      170
0.575987 1.25883 0.30401 -53.658     170
0.576985  1.25912 0.297985 -6.03412      170
0.577974  1.25939 0.268416 -29.8986      170
0.578982  1.25975 0.357917  88.7876      170
0.579986  1.26008 0.327075 -30.7348      170
0.580987  1.26038 0.296897 -30.1365      170
0.581981  1.26067  0.29103 -5.90447      170
0.582991  1.26093 0.261538 -29.2015      170
0.583981  1.26126 0.327505   66.623      170
 0.58499  1.26158 0.321025  -6.4253      170
0.585967  1.26186 0.291041 -30.6812      170
0.586983  1.26218 0.308908  17.5829      170
0.587981   1.2625 0.326485  17.6122      170
0.588989  1.26287 0.367414  40.6218      170
0.589986  1.26316 0.289018 -78.5895      170
 0.59097  1.26349 0.330819  42.4834      170
0.591966  1.26381 0.324269 -6.57418      170
0.592993  1.26413 0.317721 -6.37794      170
0.593974  1.26444 0.311542 -6.29702      170
0.594985  1.26473 0.281589 -29.6439      170
 0.59598  1.26505 0.323434  42.0281      170
0.596984 1.26537 0.31703 -6.3816     170
 0.59798  1.26568 0.310751 -6.30164      170
0.598984  1.26598 0.304593 -6.13278      170
0.599972  1.26628 0.298633 -6.03789      170
0.600988  1.26655 0.268939 -29.2221      170
0.601987  1.26681 0.263603 -5.33794      170
0.602991  1.26714 0.329516  65.6678      170
0.603987  1.26742 0.275566 -54.1867      170
0.604985  1.26773 0.317547  42.0539      170
0.605981  1.26802 0.287552 -30.1117      170
0.606985  1.26833 0.305566  17.9508      170
0.607966  1.26862 0.299604 -6.07651      170
0.608985  1.26895 0.317282  17.3438      170
0.609986  1.26921 0.263573 -53.6489      170
0.610971  1.26949 0.282153  18.8693      170
0.611987  1.26979 0.300192   17.753      170
0.612995  1.27009 0.294219 -5.92424      170
0.613973  1.27039 0.312197  18.3911      170
0.614993  1.27073 0.329613  17.0679      170
0.615979  1.27103 0.299423 -30.6161      170
0.616985   1.2713 0.269775 -29.4743      170
0.617967  1.27156 0.264513 -5.35827      170
0.618971  1.27184 0.282971  18.3851      170
0.619984  1.27215 0.300989  17.7814      170
0.620992  1.27239  0.24762 -52.9685      170
0.621981  1.27264 0.242722 -4.95171      170
0.622984  1.27287  0.23792 -4.78684      170
 0.62398  1.27315 0.280629  42.8957      170
0.624969  1.27345 0.298859  18.4381      170
0.625965  1.27374 0.292942 -5.93621      170
0.626982  1.27401 0.263357 -29.1013      170
0.627982  1.27427 0.258126 -5.22957      170
0.628986   1.2745 0.229313 -28.6993      170
0.629976  1.27479 0.295961  67.3436      170
0.630985  1.27508 0.290025  -5.8832      170
0.631979  1.27534 0.260586 -29.5967      170
0.632984  1.27562 0.279128  18.4603      170
0.633978  1.27594 0.321027  42.1332      170
0.634983  1.27619 0.243537 -77.1644      170
0.635965  1.27649 0.309919  67.5792      170
0.636984   1.2768  0.30369 -6.11149      170
0.637981   1.2771 0.297672 -6.03498      170
0.638989  1.27739 0.291783 -5.84553      170
0.639984  1.27761 0.214874 -77.2838      170
0.640973  1.27786 0.258094  43.6817      170
0.641981  1.27819 0.324037  65.4171      170
0.642983  1.27848 0.293912 -30.0622      170
0.643981  1.27875 0.264391 -29.6082      170
0.644985  1.27901 0.259156 -5.21168      170
0.645981  1.27933 0.325146  66.2796      170
0.646984  1.27963    0.295 -30.0556      170
0.647971  1.27993 0.312956   18.179      170
0.648992  1.28025 0.306637 -6.18993      170
0.649989  1.28052 0.276864 -29.8678      170
 0.65099  1.28082 0.295088  18.1993      170
0.651991  1.28108 0.265538  -29.545      170
0.652972 1.28136 0.28408 18.8991     170
0.653982   1.2816 0.230969 -52.5757      170
0.654984  1.28182 0.226396  -4.5637      170
 0.65598  1.28209 0.269332  43.0938      170
0.656989  1.28238 0.287705  18.2095      170
 0.65798  1.28269 0.305722  18.1823      170
0.658971  1.28294 0.252314 -53.8994      170
0.659986  1.28321 0.270943  18.3586      170
0.660984   1.2835 0.289307  18.3958      170
0.661981  1.28378 0.283579 -5.74648      170
0.662984  1.28413 0.349085  65.2781      170
 0.66398  1.28438 0.247343 -102.139      170
0.664983  1.28469 0.313573  66.0454      170
0.665988  1.28493 0.236231 -76.9988      170
0.666984  1.28516 0.231553 -4.69335      170
0.667965  1.28541 0.250752  19.5688      170
0.668985  1.28566 0.245714 -4.94358      170
0.669984  1.28595 0.288252  42.5614      170
0.670985  1.28621 0.258847 -29.3854      170
0.671981  1.28648 0.277429  18.6501      170
0.672984  1.28673 0.248229 -29.1191      170
0.673966  1.28699 0.267092  19.2031      170
0.674982  1.2873  0.3092 41.4687     170
0.675982  1.28756 0.255596 -53.5829      170
0.676985  1.28784 0.274242  18.5858      170
0.677981 1.28808 0.24511 -29.267     170
0.678983  1.28835 0.263964  18.8016      170
0.679984  1.28863 0.282433  18.4573      170
0.680986  1.28891 0.276841 -5.58191      170
0.681981 1.28922 0.31878 42.1426     170
0.682985  1.28949 0.265046 -53.5201      170
0.683987   1.2898 0.307224  42.1101      170
0.684971  1.29009 0.301218 -6.09896      170
0.685966  1.29036 0.271559 -29.8249      170
0.686984  1.29064 0.266101 -5.36005      170
0.687981  1.29094 0.308247  42.2798      170
 0.68897  1.29119 0.254806 -54.0242      170
0.689984  1.29147 0.273385  18.3307      170
0.690983  1.29179 0.315397  42.0256      170
 0.69198  1.29205 0.261743 -53.8503      170
0.692988  1.29231 0.256561 -5.13755      170
0.693966  1.29255 0.251546 -5.12922      170
0.694983   1.2928 0.246501 -4.96045      170
0.695979  1.29302 0.217913 -28.7132      170
0.696983  1.29323 0.213597 -4.29856      170
 0.69798  1.29352 0.280485  67.0685      170
0.698988  1.29374 0.227501 -52.5489      170
0.700006  1.29399 0.246647   18.815      170
   0.701  1.29428 0.289204  42.8157      170
 0.70201  1.29454 0.259766  -29.142      170
0.703023  1.29478 0.230832 -28.5547      170
0.704017  1.29507 0.297388  66.9602      170
0.705023  1.29534 0.267792 -29.4222      170
0.706017   1.2956 0.262489 -5.33443      170
0.707021  1.29584 0.233589 -28.7852      170
0.708013  1.29606 0.228987 -4.64341      170
0.709012  1.29631 0.248183  19.2156      170
0.710018  1.29658 0.266915  18.6051      170
 0.71103  1.29684 0.261635 -5.21931      170
0.712016  1.29705 0.209045 -53.3446      170
0.713022   1.2973 0.252319  43.0006      170
0.714019  1.29758 0.271015  18.7503      170
   0.715  1.29781 0.242033  -29.547      170
0.716017  1.29805 0.237169 -4.78623      170
0.717023  1.29831 0.256175  18.8775      170
0.718012  1.29854 0.227424 -29.0719      170
0.719017  1.29878 0.246627  19.1224      170
0.720019  1.29903 0.241744 -4.86962      170
0.721023  1.29926  0.23693 -4.79909      170
0.722016   1.2995 0.232243 -4.71859      170
0.723021 1.29975 0.25135 19.0049     170
0.724016  1.30002 0.270081  18.8306      170
0.725009  1.30026 0.241091 -29.1936      170
0.726002  1.30054 0.283737  42.9356      170
 0.72701  1.30082 0.278107 -5.58636      170
0.728054   1.3011  0.27234 -5.52438      170
0.729016  1.30134 0.243464 -30.0082      170
0.730002   1.3016 0.262381  19.1832      170
0.731022  1.30183 0.233404 -28.4224      170
0.732017  1.30211 0.276196       43      170
0.733023  1.30236  0.24702 -29.0051      170
0.734016  1.30265 0.289549  42.8072      170
0.735023  1.30286 0.212688 -76.3383      170
0.736003  1.30306 0.208536  -4.2367      170
0.737024   1.3033 0.228049  19.1271      170
0.738063   1.3035 0.199678 -27.3052      170
0.739016  1.30374 0.243322  45.7754      170
0.740019  1.30398 0.238471  -4.8384      170
   0.741  1.30423 0.257569  19.4565      170
0.741972  1.30448 0.252545 -5.16981      170
0.742975  1.30472 0.247549 -4.98294      170
0.744004 1.30497 0.24253 -4.8779     170
0.745009  1.30516 0.190314 -51.9232      170
0.746002  1.30542 0.257671  67.8316      170
0.747015  1.30562 0.205155 -51.8769      170
0.748013  1.30588 0.248467  43.3976      170
0.749003  1.30612 0.243615 -4.89933      170
0.750001  1.30633 0.215065 -28.6058      170
0.751012  1.30664 0.305631  89.5474      170
0.751979  1.30686 0.228547 -79.7318      170
 0.75301  1.30709 0.223941 -4.46925      170
0.754006  1.30731 0.219493 -4.46497      170
0.755006  1.30752 0.215168 -4.32574      170
0.756009  1.30774 0.210908 -4.24543      170
0.757008  1.30799 0.254142  43.2785      170
0.758013  1.30827 0.272763  18.5303      170
0.759003  1.30846 0.196311 -77.2689      170
0.760002  1.30865 0.192408 -3.90654      170
0.761008  1.30891 0.259715  66.9127      170
0.762037  1.30915 0.230701 -28.1958      170
0.763023  1.30937 0.226214 -4.54693      170
0.764004  1.30959 0.221801 -4.50289      170
0.765014  1.30986 0.264828  42.5637      170
0.766018  1.31007 0.212095 -52.5368      170
0.767008   1.3103 0.231673  19.7774      170
0.768012  1.31055 0.250754  19.0103      170
0.769035  1.31078 0.221993 -28.1132      170
0.770036  1.31102 0.241272  19.2528      170
0.771041  1.31123 0.212792 -28.3537      170
 0.77204  1.31149 0.255969   43.212      170
0.773027  1.31171 0.227284 -29.0616      170
0.774025 1.31196 0.24651 19.2596     170
0.775009  1.31217 0.217986 -28.9967      170
0.776036  1.31242 0.237232  18.7468      170
0.777041  1.31268 0.256242  18.9077      170
0.778055  1.31298 0.298483  41.6485      170
0.779034  1.31322 0.245288 -54.3388      170
0.780037  1.31344 0.216687 -28.5079      170
0.781042  1.31367 0.236108  19.3258      170
0.782038 1.31393 0.25513 19.1007     170
0.783049  1.31423 0.297504  41.9167      170
0.784018  1.31449 0.268006 -30.4435      170
0.785009  1.31472 0.239068  -29.205      170
0.786001  1.31491 0.186928 -52.5572      170
 0.78704  1.31515 0.230504   41.949      170
0.788054  1.31538 0.225854 -4.58272      170
0.789006  1.31563 0.269062  45.4203      170
0.790034  1.31586  0.21615 -51.4432      170
0.791042  1.31609 0.235574  19.2821      170
0.792043  1.31632 0.230909 -4.65579      170
0.793025  1.31652 0.202703 -28.7432      170
0.794009  1.31679 0.269852  68.2115      170
0.795041  1.31701  0.21697 -51.2609      170
0.796017  1.31727 0.260173  44.2399      170
0.797024   1.3175 0.231314 -28.6829      170
0.798016   1.3177 0.203035 -28.4985      170
0.799017  1.31795 0.246446  43.3628      170
0.800035  1.31815 0.194051  -51.454      170
0.801013  1.31835 0.214038  20.4312      170
0.802002  1.31861 0.257223  43.6886      170
0.803022  1.31882 0.204647 -51.5354      170
0.804016  1.31911 0.295429  91.3107      170
0.805022  1.31938 0.265866 -29.3833      170
0.806022  1.31957 0.189461  -76.446      170
0.807024   1.3198 0.233137  43.6055      170
0.808054  1.32004 0.228365 -4.62979      170
0.809013  1.32025 0.224045 -4.50596      170
0.809996  1.32049 0.243367  19.6561      170
0.810986  1.32073 0.238571 -4.84475      170
0.811982  1.32092 0.186433 -52.3291      170
0.812991  1.32117 0.253841  66.8238      170
0.813982  1.32137 0.201422 -52.8767      170
0.814989  1.32159 0.221133  19.5772      170
0.815981  1.32186 0.264183  43.3839      170
0.816996  1.32207 0.211504 -51.9153      170
 0.81797   1.3223 0.231107  20.1374      170
 0.81899  1.32253 0.226476 -4.53826      170
0.819985  1.32268 0.150859 -76.0035      170
0.820986  1.32292 0.242708  91.7248      170
0.821982  1.32314 0.214191 -28.6353      170
0.822984  1.32334 0.209958  -4.2252      170
0.823981  1.32355 0.205801 -4.17138      170
0.824983   1.3238 0.249162  43.2508      170
0.825968  1.32404 0.244268 -4.97119      170
0.826985  1.32424 0.191952 -51.4134      170
0.827988  1.32442 0.188158   -3.782      170
0.828974 1.32468 0.25559 68.3989     170
0.829972   1.3249 0.226836 -28.8181      170
0.830986  1.32515 0.245995  18.8812      170
 0.83198  1.32537 0.217421 -28.7469      170
0.832998  1.32563 0.260492  42.3274      170
0.833983  1.32586 0.231656 -29.2778      170
0.834984  1.32607 0.203371 -28.2609      170
0.835965  1.32629 0.223115  20.1147      170
0.836991  1.32651 0.218626 -4.37618      170
0.837982  1.32672 0.214297 -4.36867      170
0.838983  1.32693 0.210062 -4.23032      170
0.839985  1.32714 0.205886 -4.16627      170
0.840989  1.32734 0.201821 -4.05079      170
0.842016  1.32751 0.174107  -26.995      170
0.842996  1.32771 0.194348  20.6509      170
0.843969   1.3279 0.190576 -3.87363      170
0.844986  1.32813 0.234158  42.8494      170
0.845988  1.32832 0.182111 -51.9762      170
0.846985  1.32857 0.249626  67.7135      170
0.847981  1.32881 0.244684 -4.96186      170
0.848987  1.32903  0.21615 -28.3732      170
0.849973  1.32928 0.259317  43.7652      170
0.850971  1.32949 0.206782 -52.6399      170
 0.85197  1.32967 0.178976 -27.8213      170
0.852971  1.32991 0.246558  67.5225      170
0.85398 1.33014 0.21791 -28.393     170
0.854977  1.33035 0.213654 -4.27007      170
0.855966   1.3306 0.256843  43.6812      170
0.856995  1.33083 0.227992 -28.0375      170
 0.85797  1.33106 0.223512 -4.59215      170
0.858984  1.33132 0.266448   42.363      170
0.859984  1.33154 0.213748 -52.6915      170
0.860972  1.33177 0.233289   19.774      170
 0.86198  1.33198 0.204906 -28.1437      170
0.862985  1.33213 0.153431 -51.2465      170
0.863988  1.33235 0.221514  67.8935      170
0.865001  1.33259 0.240785  19.0096      170
0.865987  1.33278 0.188629 -52.9175      170
0.866983  1.33294 0.161207  -27.535      170
 0.86798  1.33317 0.229136  68.1124      170
0.868984  1.33337 0.200892 -28.1254      170
0.869983  1.33359 0.220616   19.759      170
0.870983  1.33379  0.19255 -28.0486      170
 0.87198    1.334 0.212444  19.9666      170
0.873002  1.33418 0.184494 -27.3385      170
0.873987  1.33441 0.228273  44.4381      170
 0.87497  1.33465 0.247544   19.605      170
0.875986  1.33493 0.266258  18.4164      170
0.876985  1.33512 0.189877 -76.4591      170
 0.87798  1.33532 0.209832  20.0715      170
0.878987  1.33551 0.181963 -27.6733      170
 0.88002  1.33569 0.178281 -3.56243      170
0.881011  1.33589 0.198488  20.3831      170
0.882024  1.33606 0.170811 -27.3339      170
0.883022   1.3363 0.238545   67.853      170
0.884016  1.33648 0.186412   -52.45      170
0.885024  1.33674 0.253834  66.8851      170
0.886018  1.33689 0.153983 -100.529      170
0.887007  1.33704 0.150982 -3.03192      170
0.888011  1.33724 0.195379  44.2527      170
0.889003  1.33745 0.215271  20.0513      170
0.889978  1.33766 0.211059 -4.31839      170
0.890989  1.33784 0.183172   -27.58      170
0.891983  1.33807 0.226932  44.0252      170
0.892972  1.33829   0.2225 -4.48117      170
0.893967 1.33853 0.24181 19.4184     170
0.894971  1.33872   0.1896 -51.9787      170
 0.89598  1.33891 0.185801  -3.7663      170
0.896991  1.33911 0.205833  19.8068      170
0.897984  1.33934 0.225459   19.779      170
0.898986  1.33956 0.220987 -4.46113      170
0.899978  1.33978 0.216663 -4.35953      170
 0.90099  1.34002 0.236012  19.1088      170
0.901989  1.34025  0.23132 -4.69771      170
0.902976 1.34052 0.27425  43.514     170
0.903986  1.34074 0.221337 -52.3927      170
0.904987  1.34091 0.169558 -51.7329      170
0.905993 1.34113 0.21357 43.7336     170
0.906986  1.34133 0.209378 -4.22224      170
 0.90798  1.34151 0.181533 -28.0145      170
0.908991  1.34172 0.201642  19.8785      170
0.909987  1.34194 0.221336  19.7801      170
0.910971  1.34208   0.1459 -76.6845      170
0.911982  1.34228 0.190376  43.9859      170
0.912997  1.34254 0.257692  66.2781      170
0.913982  1.34279 0.252629 -5.14011      170
0.914997  1.34304 0.247587 -4.97026      170
0.915989  1.34325 0.218992 -28.8171      170
0.916986  1.34349 0.238385  19.4545      170
0.917988 1.34368 0.18625 -52.039     170
0.918985  1.34391 0.229981  43.8593      170
0.919986 1.34416 0.24912 19.1221     170
0.920992  1.34435 0.196764  -52.013      170
0.921988  1.34455 0.192868 -3.91298      170
0.922988  1.34474 0.189056 -3.81274      170
0.923981 1.34492 0.18532 -3.7598     170
0.924984  1.34513 0.205361  19.9859      170
0.925981  1.34535 0.225003  19.7036      170
 0.92699  1.34555 0.196844 -27.9075      170
0.927974  1.34574 0.192977  -3.9283      170
0.928983  1.34595 0.212831  19.6862      170
0.929973  1.34614 0.184944 -28.1639      170
0.930971  1.34636 0.228714   43.877      170
0.931967  1.34654 0.176774 -52.1543      170
0.932973  1.34669 0.149557 -27.0516      170
0.933966 1.34688 0.19402 44.7758     170
0.934969  1.34707 0.190178 -3.82998      170
0.935973  1.34726 0.186408 -3.75501      170
0.936987  1.34747 0.206382  19.6934      170
0.937977  1.34772 0.249727  43.7764      170
0.938986  1.34797 0.244743  -4.9422      170
0.939985  1.34816 0.192479 -52.3181      170
0.940973  1.34832 0.165009 -27.7894      170
0.941982  1.34853 0.209112  43.7309      170
0.942973  1.34871 0.181307 -28.0345      170
0.943968  1.34894 0.225139  44.0877      170
0.944988  1.34916 0.220646 -4.40149      170
0.945984   1.3494 0.239947  19.3814      170
0.946985  1.34959 0.187786 -52.1154      170
0.947989 1.34982 0.23147 43.5412     170
0.948986     1.35 0.179488 -52.1349      170
0.949972   1.3502 0.199682  20.4693      170
0.950986  1.35037 0.171981 -27.3189      170
0.951973  1.35056 0.192322  20.6134      170
0.952986 1.35085 0.28331 89.8582     170
   0.954  1.35105  0.20652 -75.7303      170
0.954988  1.35126 0.202455 -4.11329      170
0.955981  1.35148 0.222161   19.831      170
0.956985   1.3517 0.217763 -4.38133      170
0.957982  1.35191 0.213451  -4.3285      170
0.958984  1.35212 0.209229 -4.21158      170
0.959984 1.35235 0.22878 19.5525     170
0.960984  1.35252 0.176863 -51.9203      170
0.961992  1.35279 0.268136  90.5674      170
0.962994  1.35303 0.239145 -28.9381      170
0.963967  1.35326  0.23449 -4.78142      170
0.964971  1.35349 0.229846 -4.62885      170
0.965982  1.35375 0.248926   18.866      170
0.966994  1.35399 0.243973 -4.89515      170
0.967981  1.35418 0.191758 -52.8746      170
0.968992  1.35444 0.259065  66.5657      170
 0.96999  1.35465 0.206506 -52.7002      170
0.970982 1.35487 0.22618 19.8358     170
0.971989  1.35509  0.22167 -4.47835      170
0.972972  1.35529 0.193628 -28.5066      170
0.973966  1.35547 0.189805 -3.84615      170
0.974969  1.35568 0.209754  19.8889      170
 0.97598  1.35592 0.229247  19.2829      170
0.976987  1.35614 0.224712 -4.50396      170
0.977973  1.35638 0.244015  19.5707      170
0.978985   1.3566 0.215417 -28.2768      170
0.979985  1.35679 0.187437 -27.9821      170
 0.98098  1.35697 0.183776  -3.6791      170
0.981982  1.35715 0.180094 -3.67319      170
0.982985  1.35735 0.200235  20.0758      170
0.983981  1.35755 0.196274 -3.97826      170
0.984986  1.35779 0.239815  43.3165      170
 0.98597  1.35793 0.140268 -101.195      170
0.986993  1.35811 0.184844   43.561      170
0.987986 1.35832 0.20491 20.2069     170
0.988986  1.35854 0.224564  19.6555      170
0.989991  1.35872 0.172694 -51.6023      170
0.990985  1.35896 0.240413   68.179      170
0.991982  1.35917 0.211936 -28.5403      170
0.993002  1.35943 0.255104  42.3228      170
0.993972  1.35962 0.202742 -54.0141      170
 0.99497  1.35987 0.246159  43.4929      170
0.995981  1.36007 0.193805 -51.7651      170
0.996985 1.36033 0.26109 67.0494     170
 0.99799  1.36054 0.208477 -52.3669      170
0.998992  1.36069 0.156953 -51.3931      170
0.999985  1.36097 0.272372  116.203      170
