          0 0.000565151  -0.0267855           0           0
 0.00100207 0.000538682  -0.0262509    0.533501         170
  0.0020051 0.000543103  0.00440914     30.5675         170
 0.00299096 0.000577083   0.0344666     30.4885         170
  0.0039885 0.000565668  -0.0114247    -46.0044         170
 0.00500655 0.000569583  0.00387207     15.0256         170
 0.00601649 0.000558294  -0.0112742    -14.9972         170
 0.00700545 0.000577342   0.0190886     30.7017         170
 0.00803995 0.000581098  0.00363349    -14.9397         170
 0.00900507 0.000569967  -0.0115108    -15.6916         170
 0.00999689 0.000573732  0.00378648     15.4234         170
 0.0110099 0.00056227 -0.0113575    -14.949        170
   0.012038 0.000566312  0.00393904      14.879         170
  0.0130067 0.000584673   0.0189376     15.4833         170
  0.0140128 0.000588187  0.00349155     -15.352         170
  0.0150795 0.000575906  -0.0116428    -14.1882         170
  0.0159979 0.000565238  -0.0114271    0.234825         170
  0.0187557 0.000616538   0.0188038      10.962         170
  0.0189881 0.000616538   0.0188038           0         170
  0.0200245 0.000620153  0.00330362    -14.9557         170
  0.0210118 0.000563401  -0.0570475     -61.128         170
   0.022059 0.000551738  -0.0106782     44.2822         170
  0.0230186 0.000526905  -0.0255526    -15.5002         170
  0.0240221 0.000531583  0.00509453     30.5402         170
  0.0250201 0.000536122  0.00499375   -0.100976         170
  0.0260322 0.000525474  -0.0101747    -14.9873         170
0.0270073 0.0005449 0.0201678   31.1163       170
  0.0280073 0.000564248   0.0197685   -0.399349         170
  0.0290213 0.000568195  0.00430424    -15.2508         170
  0.0300581 0.000540938  -0.0259126     -29.142         170
  0.0309932 0.000530843  -0.0103506     16.6425         170
  0.0320554 0.000519749  -0.0101343    0.203646         170
 0.0330205 0.00049524 -0.0250152   -15.4187        170
  0.0340438 0.000485221 -0.00944269      15.218         170
   0.035022 0.000490527  0.00581297     15.5951         170
  0.0360093 0.000540898   0.0509091     45.6767         170
  0.0370069 0.000515198  -0.0254466    -76.5438         170
   0.038002 0.000550179   0.0353361     61.0784         170
  0.0390265 0.000554436  0.00448921    -30.1097         170
  0.0400205 0.000603489   0.0496121     45.3968         170
   0.041008 0.000621445   0.0184991     -31.506         170
  0.0420542 0.000608592  -0.0120094    -29.1618         170
   0.043016 0.000611503  0.00329499     15.9126         170
   0.044029 0.000675052   0.0635052     59.4352         170
  0.0450227 0.000691843   0.0170378    -46.7607         170
  0.0460224 0.000768556   0.0769793     59.9601         170
  0.0470073 0.000812953   0.0453335    -32.1307         170
  0.0480239 0.000888444   0.0745564     28.7452         170
  0.0490279 0.000976686   0.0881433     13.5331         170
0.0500228 0.0010624 0.0864067  -1.74544       170
  0.051008 0.00111591  0.0545771   -32.3096        170
 0.0520544 0.00118734  0.0685101    13.3149        170
 0.0530126 0.00126534  0.0822963    14.3876        170
0.0540254 0.0013782  0.110766   28.1099       170
 0.0550265 0.00151683   0.138709    27.9121        170
 0.0560238 0.00166716   0.151042    12.3655        170
  0.057008 0.00181281   0.148095   -2.99416        170
 0.0580232 0.00197519   0.160186    11.9107        170
 0.0590093 0.00217417   0.202278    42.6847        170
 0.0600238 0.00239051    0.21328    10.8449        170
 0.0610225 0.00262926     0.2392    25.9536        170
0.0620627 0.0029015  0.264454    24.277       170
 0.0630183 0.00318093   0.289543    26.2552        170
 0.0640237 0.00348108    0.29885    9.25752        170
 0.0650251 0.00384993   0.368268     69.323        170
  0.066026 0.00422576   0.376046     7.7712        170
  0.067024 0.00462353   0.398754    22.7534        170
 0.0680244 0.00505939   0.436068    37.2987        170
 0.0690153 0.00554309   0.487784    52.1934        170
 0.0700083 0.00604767   0.508334    20.6941        170
 0.0710161 0.00657538   0.528418    19.9289        170
0.0720575 0.0071499  0.547572   18.3919       170
 0.0730059 0.00772006    0.59752    52.6639        170
 0.0740235 0.00838886   0.660886     62.272        170
 0.0750229 0.00905091   0.662883    1.99783        170
 0.0760236 0.00974651   0.694951    32.0475        170
0.0770297 0.0104727    0.7264   31.2577       170
0.0780301 0.0112342  0.757139   30.7265       170
0.0790126 0.0120485  0.832911   77.1202       170
0.0800128 0.0129225  0.876747   43.8284       170
0.0810115 0.013828 0.904575  27.8638      170
0.0820544 0.0147715  0.900895  -3.52917       170
0.0830259 0.0156985  0.959012   59.8184       170
0.0840251 0.0167036   1.00021   41.2258       170
0.0850339 0.0177926   1.08583   84.8774       170
0.0860269 0.0188859   1.09449    8.7217       170
0.0870304 0.0200027   1.11805    23.477       170
0.0880249 0.0211877   1.18635   68.6844       170
0.0890193 0.0223939   1.22347   37.3266       170
0.0900092 0.0236521   1.25955   36.4453       170
0.0910075 0.0249143   1.26479   5.25737       170
0.0920572 0.0263077   1.32893   61.0984       170
0.0930209 0.0276231   1.36383   36.2156       170
0.0940249 0.0290407   1.41207   48.0421       170
0.0950248 0.0304853   1.44438   32.3157       170
0.0960264 0.031979  1.49107  46.6201      170
0.0970247 0.0335128   1.53696   45.9626       170
0.0980334 0.0350493   1.53666 -0.289639       170
0.0990107 0.0366239   1.59709   61.8264       170
0.100024 0.038269  1.62535  27.8983      170
 0.101008 0.0398828   1.63887   13.7331       170
 0.102059 0.0416319   1.66506   24.9275       170
 0.103042 0.0433315   1.73832   74.5261       170
 0.104006 0.0450391   1.74993   12.0397       170
  0.10501 0.0468111   1.77563   25.6133       170
 0.106012 0.0486302   1.81575   40.0214       170
 0.107022 0.0504874   1.85511   38.9661       170
 0.108012 0.0523941   1.90883   54.2572       170
 0.109018 0.0542894   1.88592  -22.7897       170
0.11004 0.05624 1.90802  21.622     170
 0.111011 0.0581275   1.94674   39.8696       170
 0.112038 0.0601796   1.99755   49.4935       170
0.113048 0.062231  2.03298  35.0869      170
 0.114009 0.0642087   2.05451   22.3934       170
 0.115012 0.0662909   2.07394   19.3663       170
 0.116024 0.0683839   2.09315     18.99       170
  0.11701 0.0704897   2.11211   19.2302       170
 0.118013 0.0726286    2.1304   18.2252       170
0.119018 0.074846   2.2086  77.8179      170
 0.120004 0.0770128   2.19557  -13.2129       170
 0.121007 0.0792187   2.19713   1.55606       170
  0.12204 0.0815314   2.24268    44.115       170
 0.123004 0.0837231   2.25989   17.8418       170
 0.124021 0.0860562   2.30501   44.3752       170
  0.12503 0.0883282   2.27448  -30.2398       170
0.126021 0.09065 2.31982 45.7802     170
 0.127018 0.0929345   2.28905  -30.8513       170
 0.128027 0.0952871   2.33377   44.3259       170
 0.129026 0.0976777    2.3931   59.4134       170
 0.13004 0.100099   2.3903 -2.75446      170
0.130999 0.102378    2.375 -15.9659      170
0.132053 0.104939  2.43094   53.041      170
 0.133007  0.107259   2.43017 -0.802951       170
 0.13402 0.109711  2.44214  11.8149      170
0.135014 0.112163  2.45411  12.0408      170
0.136008 0.114626  2.46584  11.8026      170
0.137013 0.117158  2.52231  56.2004      170
0.138006 0.119661  2.51787 -4.46713      170
0.138984 0.122119  2.49895 -19.3324      170
0.139988 0.124654  2.52462  25.5844      170
0.141008 0.127252  2.56439   38.974      170
0.142055 0.129974  2.60168  35.6358      170
0.143015 0.132421  2.55225 -51.4865      170
0.144037 0.135044  2.56077  8.33736      170
0.145009 0.137585  2.60166  42.0821      170
0.145984 0.14015 2.62669 25.6778     170
0.146983 0.142723  2.57472 -52.0248      170
0.148002 0.145417  2.64331  67.2668      170
0.149001 0.148067  2.65125  7.94968      170
0.150002 0.150714  2.64392 -7.32897      170
 0.15101 0.153353  2.63671 -7.14511      170
0.152063 0.156108  2.64259  5.58623      170
0.153035 0.158723  2.66661  24.6944      170
 0.15399 0.161268  2.64594 -21.6367      170
0.155002 0.163956  2.65314  7.12045      170
0.156026 0.166671  2.67517  21.4927      170
0.157025 0.169386  2.71257  37.4556      170
0.158022 0.172039  2.65896 -53.7392      170
0.159014 0.17473 2.71222 53.7242     170
0.160006  0.17738  2.67406 -38.4578      170
0.161014 0.180091  2.71153  37.1911      170
0.162054 0.182922  2.70047  -10.627      170
0.163001 0.185504  2.72514  26.0589      170
0.164008 0.188206  2.68594   -38.95      170
0.165014   0.1909  2.67763 -8.25078      170
0.166026 0.193632  2.69933  21.4429      170
0.167025 0.196365  2.73635  37.0522      170
0.168024 0.199078   2.7123 -24.0662      170
0.169016 0.201757  2.70429 -8.07826      170
0.170034 0.204511  2.72555   20.871      170
0.171008 0.207149  2.68762   -38.93      170
0.172056 0.210017  2.73736  47.4556      170
0.173031 0.212634  2.69985 -38.4693      170
0.174026 0.215329  2.69153 -8.35965      170
 0.17503 0.218009   2.6835 -7.99852      170
0.176009 0.220657   2.6915  8.16181      170
0.177014 0.223355  2.69849  6.95311      170
0.178009 0.226061  2.70532  6.87121      170
0.179039 0.228787  2.68099 -23.6315      170
0.180026 0.231461  2.67311 -7.98653      170
0.181024 0.234154  2.69558  22.5165      170
0.182057 0.236908   2.6707 -24.0998      170
0.183024 0.239505  2.69508  25.1943      170
0.184024 0.242217  2.70178  6.70359      170
0.185025 0.244898  2.67836 -23.3818      170
 0.18601 0.247544  2.68641   8.1706      170
0.187007 0.250214  2.67858 -7.85255      170
0.188035 0.252956  2.68471  5.96324      170
0.189026 0.255597  2.64672 -38.3459      170
0.190025 0.258279  2.68478  38.0847      170
 0.19101 0.260902  2.66255 -22.5827      170
0.192056 0.263656   2.6348 -26.5184      170
0.193014 0.266162  2.61204 -23.7486      170
0.194024 0.268804  2.61446  2.39221      170
0.195025 0.271434  2.63102  16.5535      170
0.196021 0.27406 2.63374 2.72922     170
 0.19703 0.276641  2.58159 -51.7078      170
0.198042 0.279275  2.58417  2.54197      170
0.199024 0.281822  2.58848  4.39377      170
 0.20004 0.284422  2.56384 -24.2572      170
0.200991 0.286859  2.54247 -22.4594      170
0.202054 0.289545  2.54402  1.45846      170
0.203052 0.292019  2.48009 -64.0423      170
0.204024 0.294435  2.47311 -7.18961      170
0.205025 0.296909   2.4789  5.78246      170
0.206034 0.299396  2.48442  5.47566      170
0.207025 0.301842  2.44894 -35.7885      170
0.208024 0.304306  2.46888  19.9642      170
0.209024 0.306755  2.44728  -21.584      170
0.210042 0.309237  2.43899 -8.14134      170
   0.211 0.311543  2.40633 -34.1001      170
0.212059 0.314064  2.38331 -21.7522      170
0.213008 0.316349  2.40682  24.7754      170
0.214025 0.318776  2.38568 -20.7918      170
0.215029 0.321134  2.36593 -19.6708      170
0.216058 0.323576  2.35843 -7.28609      170
0.217008 0.325815  2.34107 -18.2776      170
0.218024 0.328161  2.32158 -19.1846      170
0.219042 0.33053 2.32949 7.77722     170
 0.21999 0.332698  2.27175 -60.8881      170
0.221007 0.335032  2.30827    35.93      170
0.222055 0.337416  2.27404 -32.6298      170
0.223034 0.339639  2.27096 -3.14998      170
0.224034 0.341877  2.25364 -17.3243      170
0.225027 0.344143  2.26363  10.0593      170
0.226027   0.3464  2.25985 -3.78176      170
0.227026 0.348615   2.2151 -44.7693      170
0.228026 0.350827  2.21224 -2.85958      170
 0.22901 0.353002  2.21013 -2.14961      170
0.230008 0.355216  2.22117   11.067      170
0.231012 0.357402  2.17701 -43.9907      170
0.232058 0.359702  2.20028  22.2504      170
0.233046 0.361776  2.11657 -84.7136      170
0.234041 0.363941  2.15648  40.0918      170
0.235011 0.366018  2.14239 -14.5356      170
0.236009 0.368141  2.12739 -15.0363      170
0.237007 0.370252  2.11264 -14.7687      170
0.238026 0.372387  2.09738 -14.9723      170
0.239026 0.374473  2.08314 -14.2429      170
0.240025 0.376524  2.05564 -27.5366      170
0.241012 0.378556  2.05642 0.792228      170
0.242067 0.380673   2.0276  -27.328      170
0.243037 0.38266 2.02928 1.73734     170
0.244031 0.384668  2.01659  -12.756      170
 0.24503 0.386654  1.99041 -26.2261      170
0.246011 0.388582   1.9654 -25.4943      170
0.247009 0.390532  1.95389 -11.5315      170
0.248025 0.392507  1.94189 -11.8087      170
0.249033 0.394425  1.90313 -38.4579      170
0.250038 0.396325  1.89263 -10.4529      170
0.251021 0.398122   1.8424 -51.0792      170
0.252058 0.400048  1.84532   2.8145      170
0.253006 0.401768  1.81059 -36.6131      170
 0.25403 0.403625   1.8149  4.22021      170
0.255028 0.405387  1.76537 -49.6079      170
0.256027 0.407156  1.77145  6.08353      170
0.257025 0.408863  1.70907 -62.4825      170
0.258026 0.410581   1.7162  7.11824      170
 0.25901 0.412248  1.69646 -20.0792      170
0.260015 0.413934   1.6903 -6.12857      170
0.261014 0.415592  1.65679 -33.5256      170
0.262057 0.417322  1.64975 -6.75176      170
0.263024 0.418919  1.65929  9.87668      170
0.264029 0.420562  1.62611 -33.0243      170
0.265026  0.42215  1.59401 -32.1924      170
 0.26603 0.423733  1.57598 -17.9584      170
0.267033   0.4253   1.5722 -3.76326      170
0.268026 0.426867  1.56843 -3.79516      170
0.269019 0.428368  1.52417 -44.5798      170
0.270008 0.429885  1.52141 -2.78289      170
0.271007 0.43139 1.50495 -16.474     170
0.272058 0.432979  1.51468  9.26639      170
0.273024  0.43442  1.49952 -15.6861      170
0.274026  0.43593   1.4969 -2.62044      170
0.275029 0.437428  1.49453 -2.36441      170
0.276027 0.438903  1.47866 -15.8932      170
0.277029 0.440397  1.49031  11.6364      170
0.278033 0.441879  1.48826 -2.04785      170
 0.27901 0.443343  1.48656 -1.74073      170
0.280007 0.444795  1.45721 -29.4297      170
0.281007 0.446239  1.44199 -15.2184      170
0.282058 0.447778  1.46669   23.501      170
 0.28302 0.449163  1.43871 -29.0892      170
0.284025 0.450621  1.45108  12.3048      170
 0.28503 0.452078  1.44954 -1.53581      170
0.286009 0.453469  1.42143 -28.6948      170
0.287014 0.454914  1.44801   26.431      170
 0.28803 0.456394  1.44601 -1.97017      170
 0.28903 0.457838  1.44471 -1.29917      170
0.290028 0.459281  1.44346 -1.25478      170
0.291011 0.460683  1.42906 -14.6551      170
0.292057 0.462175  1.42682  -2.1385      170
0.293005 0.463532  1.42728 0.487268      170
0.294032 0.464993  1.42565  -1.5927      170
 0.295029   0.46641   1.42491 -0.736479       170
0.296042 0.467842  1.42386  -1.0357      170
0.297028 0.469232  1.39578 -28.4956      170
0.298025 0.470637  1.40923   13.481      170
0.299013 0.472003  1.38163 -27.9278      170
0.300044 0.473438  1.39447  12.4602      170
0.301035 0.474806  1.38077 -13.8249      170
0.302051 0.476195  1.36666 -13.8867      170
0.303057 0.477584  1.38043  13.6891      170
0.304008 0.478894   1.3679 -13.1725      170
0.305036 0.480267  1.35411 -13.4208      170
0.306027 0.481634  1.36832  14.3436      170
 0.307058  0.483043   1.36775 -0.556966       170
0.308018 0.484367  1.38281  15.6892      170
0.309009 0.485689  1.32822 -55.0468      170
0.310042 0.487058  1.32844 0.211167      170
0.311006 0.488329  1.31671 -12.1672      170
0.312058 0.489727   1.3303  12.9224      170
 0.31302 0.490944  1.26392 -68.9929      170
0.314031 0.492243  1.29345   29.204      170
0.315007 0.493517  1.29558  2.18405      170
0.316039 0.494825  1.26917 -25.5933      170
0.316987 0.496039   1.2725  3.51611      170
0.318007 0.497333  1.27426  1.72237      170
0.319055 0.498639  1.24788  -25.186      170
0.320005 0.499811   1.2242 -24.9184      170
0.321025 0.501081   1.2543  29.5144      170
0.322056 0.502361  1.24239 -11.5543      170
0.323029 0.503563  1.24598  3.68835      170
0.324039  0.50482  1.23453 -11.3446      170
0.324989 0.506019  1.25212  18.5021      170
0.326025  0.50729  1.22644 -24.7733      170
0.326986 0.508447  1.20307 -24.3305      170
 0.32799 0.509656  1.20653   3.4481      170
0.329001 0.510868    1.196 -10.4117      170
0.330046 0.51211 1.19879 2.67863     170
0.331015 0.513278  1.20308  4.42048      170
0.332027  0.51448  1.19273 -10.2155      170
0.332986 0.515627  1.18351 -9.62409      170
0.333999 0.516831  1.18708  3.52014      170
0.334998 0.517993  1.16359 -23.5171      170
0.335986 0.519147  1.16816  4.62366      170
0.337001 0.520309  1.14469 -23.1223      170
 0.33806 0.521572  1.20286   54.924      170
0.339007 0.522684  1.16645 -38.4503      170
0.340004 0.523812  1.12973 -36.8176      170
0.341015 0.524945  1.13472  4.93223      170
0.342057 0.526109   1.1112  -22.556      170
0.343024 0.527221  1.14449  34.4374      170
0.344003 0.528334  1.13595 -8.72629      170
0.345006 0.529474  1.14081  4.84611      170
0.345986  0.53059   1.1322 -8.78729      170
   0.347 0.531729  1.12313 -8.94245      170
0.348005 0.532834   1.1008 -22.2175      170
 0.34901 0.533919  1.09282 -7.93669      170
0.350034 0.535042  1.09804   5.0949      170
0.351016 0.536115  1.09029 -7.89856      170
0.352057 0.537245  1.08142 -8.52501      170
 0.35302 0.538268  1.06075 -21.4581      170
0.354057  0.5394 1.09366 31.7357     170
0.355014 0.540427  1.07291 -21.6975      170
 0.35601 0.541448  1.02441 -48.6507      170
0.357014 0.542504  1.05883     34.3      170
 0.35801 0.543572  1.06515  6.34529      170
0.359037 0.54466 1.07106 5.74974     170
0.360023  0.54568  1.02256 -49.1712      170
0.361016 0.546709   1.0436  21.2026      170
0.362058 0.547808  1.04929   5.4594      170
 0.36304 0.548827  1.04265 -6.75544      170
0.364026 0.549841  1.02215 -20.7972      170
0.365031 0.550856   1.0156  -6.5195      170
0.366028 0.551881  1.02278   7.2063      170
0.367029 0.552893  1.01627 -6.49733      170
0.368033 0.553904  1.00979  -6.4528      170
 0.36901 0.554919   1.0311  21.8085      170
0.370009 0.555901 0.983373 -47.7892      170
0.371008 0.556864 0.963921 -19.4723      170
0.372059 0.557899 0.984868  19.9264      170
0.373011 0.558845 0.993619  9.18844      170
0.374026 0.559834 0.973649 -19.6812      170
0.375026 0.560788 0.954371 -19.2887      170
0.376026 0.561737  0.94914 -5.22831      170
0.377034 0.562708 0.971345  22.0334      170
0.378027 0.563661  0.95209 -19.3814      170
 0.37901 0.564606 0.960873  8.93521      170
0.380008 0.565574 0.969217  8.35785      170
0.381008 0.566523 0.950044 -19.1874      170
0.382058 0.567513 0.943979 -5.77299      170
0.383019 0.568457 0.980656   38.173      170
0.384027 0.569384 0.920107 -60.1096      170
0.385025 0.570284 0.901923 -18.2066      170
0.386065 0.571208 0.897196 -4.54637      170
0.387013 0.572091 0.921168  25.2755      170
0.388024 0.573045 0.943742  22.3467      170
 0.38901 0.573957 0.925312 -18.6809      170
0.390008 0.574876 0.920692 -4.63159      170
0.391008 0.575792 0.916128 -4.56392      170
0.392057 0.576747 0.910784 -5.09332      170
0.393019 0.577594 0.879723 -32.2797      170
0.394026 0.578517 0.916858  36.9005      170
0.395017 0.579427 0.926345  9.57011      170
0.396008 0.580334 0.908021 -18.4976      170
0.397024 0.581253 0.903405 -4.54083      170
0.398025 0.582125 0.871847 -31.5298      170
0.399032    0.583 0.868111 -3.70984      170
 0.40006 0.583887 0.864143 -3.85898      170
0.400989 0.584694 0.861775 -2.55104      170
0.402058 0.585633 0.884654  21.4014      170
0.403055 0.586498 0.867188 -17.5137      170
0.404028 0.587346 0.877934  11.0479      170
0.405026 0.588198 0.846767 -31.2215      170
0.406024 0.589067 0.871032  24.3069      170
0.407025 0.589962 0.894784  23.7478      170
0.408025 0.590798 0.836065 -58.7231      170
0.409009 0.591659 0.874429  38.9524      170
0.410002  0.59251 0.857234 -17.3202      170
0.411011 0.593357 0.840125  -16.961      170
0.412057 0.594246 0.850069  9.50681      170
0.413015  0.59504 0.834036 -16.7316      170
0.414026   0.5959 0.844553  10.4086      170
0.415025 0.596755 0.855163  10.6133      170
0.416056 0.597617 0.837744 -16.8972      170
0.417005 0.598403 0.821862 -16.7373      170
0.418016 0.599212 0.805523 -16.1658      170
0.419044 0.600079 0.843794  37.2091      170
0.419998 0.600883 0.841489 -2.41765      170
0.421008 0.601701 0.811014 -30.1685      170
0.422066 0.602549 0.807834  -3.0039      170
0.423036 0.603337 0.805856 -2.04052      170
 0.42404 0.604157 0.817167  11.2662      170
0.425026 0.604921 0.773843 -43.9242      170
0.426026  0.60572 0.799534  25.6867      170
0.427026 0.606518  0.79735 -2.18367      170
 0.42801 0.607301 0.795481 -1.90001      170
 0.42901 0.608093 0.793411 -2.06957      170
0.430008 0.608897 0.805064  11.6759      170
0.431015 0.609672 0.775458 -29.3911      170
0.432057 0.610483 0.773032 -2.32876      170
0.433021 0.611241 0.785595  13.0399      170
0.434025 0.611986 0.742647 -42.7676      170
0.435025 0.612756 0.768926  26.2751      170
0.436058 0.613519 0.739573 -28.4336      170
 0.437021  0.614227  0.739192 -0.394984       170
0.438031  0.61499 0.751667  12.3516      170
0.439018 0.615741 0.764384  12.8875      170
0.440017 0.616501 0.762977 -1.40886      170
0.441008 0.617261  0.76155  -1.4389      170
0.442058 0.618087 0.786717  23.9682      170
0.443017 0.618802 0.744397  -44.111      170
0.444043 0.619563 0.742969 -1.39215      170
 0.445022  0.620286  0.742293 -0.691119       170
0.446024  0.62106 0.768486  26.1396      170
0.447019  0.62182 0.767071 -1.42271      170
0.448022 0.622564 0.738114 -28.8764      170
 0.44902 0.623277 0.723699 -14.4431      170
0.450005 0.624012 0.736743  13.2377      170
0.451011  0.62472  0.70849 -28.1014      170
0.452053  0.62549 0.734789  25.2357      170
 0.45301 0.626163 0.707244 -28.7744      170
0.454027   0.6269 0.720246  12.7833      170
 0.455036  0.627623  0.719594 -0.646595       170
0.456025  0.62835 0.732777  13.3404      170
0.457022 0.629066 0.718309 -14.5104      170
0.458039 0.629777 0.703946 -14.1187      170
0.459013 0.630504 0.745028  42.1811      170
0.460006 0.631219 0.716624 -28.5898      170
0.461011 0.631921 0.702448 -14.1161      170
0.462053  0.63267 0.715213  12.2456      170
 0.463018  0.633361  0.715184 -0.030223       170
0.464025 0.634067 0.700936 -14.1574      170
 0.465023  0.634767  0.700737 -0.199461       170
 0.466021  0.635466  0.700555 -0.182442       170
0.467031 0.636195 0.727655  26.8208      170
0.468025 0.636937 0.740548  12.9716      170
0.469009 0.637651 0.726118 -14.6697      170
0.470005 0.638346 0.698128 -28.0985      170
0.471006 0.639045 0.697958 -0.16984      170
0.472055 0.639789 0.710812  12.2615      170
 0.47302 0.640474 0.710924 0.116246      170
0.474024 0.641176 0.696735 -14.1296      170
0.475023 0.641871 0.696632 -0.10311      170
0.476032 0.642555 0.682826 -13.6833      170
0.477023 0.643251 0.696651  13.9459      170
0.478023 0.643934 0.682841 -13.8076      170
0.479008 0.644606 0.683203 0.367511      170
0.480006 0.645315   0.7107  27.5582      170
0.481005 0.645998 0.682962 -27.7398      170
0.482054 0.646699 0.668808 -13.5049      170
0.483016  0.64741 0.738064  71.9184      170
0.484025 0.648099 0.682324 -55.2556      170
0.485032 0.648767 0.668827 -13.4055      170
0.486054 0.649483 0.696202  26.7832      170
0.487025 0.650133 0.669129 -27.8801      170
0.488023 0.650788 0.655905 -13.2562      170
0.489008 0.651475 0.697771  42.4971      170
 0.490005  0.652171  0.697661 -0.110515       170
0.491005  0.65284 0.670194 -27.4884      170
 0.492054  0.653543  0.669951 -0.231304       170
0.493003 0.654181 0.671004  1.10955      170
0.494032 0.654894 0.698429  26.6512      170
0.495008 0.655567 0.684832 -13.9404      170
0.496005 0.656223 0.657644 -27.2676      170
0.497023 0.656907 0.671704  13.8072      170
0.498026 0.657581 0.672032 0.327222      170
0.499025 0.658253 0.672401 0.369754      170
0.500055 0.658958 0.686045  13.2464      170
0.501033 0.659603 0.659087 -27.5776      170
0.502048   0.6603 0.686832  27.3427      170
0.503026 0.660928 0.646272 -41.4424      170
0.504027 0.661619 0.688071  41.7519      170
0.505026 0.662323 0.701736   13.683      170
0.506024 0.662996 0.674205 -27.5791      170
0.507023 0.663684 0.688198  14.0069      170
0.508023 0.664357 0.674584 -13.6209      170
0.509007 0.665021 0.675107 0.531302      170
0.510006 0.665696 0.675419 0.311964      170
0.511009 0.666371 0.675724 0.304775      170
0.512064 0.667066 0.661695 -13.2951      170
0.513018 0.667744 0.703731  44.0344      170
 0.514025  0.668452  0.703377 -0.351908       170
 0.515025  0.669155  0.703116 -0.260672       170
0.516057 0.669851 0.675103  -27.161      170
0.517015 0.670473 0.648607 -27.6582      170
0.518024 0.671142 0.662979  14.2407      170
0.519042 0.671803 0.649629 -13.1103      170
    0.52 0.672466 0.691975  44.2264      170
0.521016 0.673136 0.664499 -27.0205      170
 0.522058  0.673833  0.664362 -0.131754       170
0.523036 0.674484  0.66515 0.805224      170
0.524027 0.675158 0.679417  14.3915      170
0.525026 0.675837  0.67966 0.242811      170
0.526026 0.676503 0.666199 -13.4646      170
0.527024 0.677183 0.680353  14.1754      170
0.528009 0.677853 0.680751 0.403501      170
0.529016 0.678507 0.653603 -26.9763      170
0.530016  0.67916  0.65434 0.736803      170
0.531018 0.679831 0.668675  14.3127      170
 0.532056  0.680528  0.668534 -0.136619       170
0.533014 0.681166 0.669585  1.09778      170
0.534026 0.681821 0.642414 -26.8407      170
0.535028 0.682476 0.657063  14.6153      170
0.536026 0.683149 0.671357  14.3258      170
0.537028 0.683808 0.658039 -13.2998      170
0.538024 0.684478 0.672392  14.4058      170
0.539023 0.685129 0.659248 -13.1539      170
0.540009 0.685774 0.646208 -13.2278      170
0.541008 0.686448 0.674423  28.2379      170
0.542057  0.68714 0.660449  -13.324      170
0.543043 0.687775 0.647616 -13.0201      170
0.544039 0.688452 0.675763  28.2368      170
0.545033  0.68912 0.676209 0.448674      170
0.546024 0.689808 0.690194  14.1072      170
0.547024 0.690458 0.649181 -40.9873      170
0.548033 0.691149 0.690991  41.4478      170
 0.54901 0.691789 0.650174 -41.8072      170
0.550008 0.692439 0.650991 0.818648      170
0.551008 0.693063 0.624435 -26.5638      170
0.552058 0.693747 0.652464  26.6938      170
0.553026 0.694378 0.653661  1.23584      170
0.554027 0.695036 0.654307 0.646151      170
0.555024 0.695689 0.655055  0.75009      170
0.556027 0.696374 0.683042  27.9091      170
0.557033  0.69703 0.655865 -27.0121      170
0.558027 0.697687 0.656529 0.668349      170
0.559009 0.698346 0.671085  14.8215      170
0.560008 0.698989 0.644156 -26.9691      170
0.561008 0.699634 0.645068 0.911212      170
0.562056 0.700325 0.659021  13.3131      170
0.563021 0.700962 0.660081  1.09874      170
0.564026 0.701598 0.633281 -26.6618      170
0.565029 0.702262   0.6617  28.3404      170
0.566033 0.702882 0.621303 -40.2085      170
0.567027 0.703532 0.649987  28.8584      170
0.568025 0.704168 0.637142  -12.877      170
0.569011 0.704811 0.652035  15.1068      170
0.570008 0.705435 0.625495 -26.6118      170
0.571014 0.706089 0.654109  28.4324      170
0.572058 0.706761 0.640528 -13.0169      170
0.573007 0.707371 0.642132  1.68944      170
0.574027 0.708012 0.629178 -12.7067      170
0.575032 0.708641 0.630425  1.24119      170
0.576026 0.709274  0.63157  1.15107      170
0.577026 0.709934 0.660063  28.4951      170
0.578026 0.710581 0.647003 -13.0609      170
 0.57901 0.711206 0.634383 -12.8197      170
0.580007 0.711825 0.621873 -12.5561      170
0.581009 0.712436 0.609533 -12.3166      170
0.582058  0.71309 0.624208  13.9858      170
0.583019 0.713693 0.625973  1.83474      170
0.584032 0.714337 0.640848  14.6939      170
0.585025 0.714966 0.628144 -12.7869      170
0.586025 0.715581 0.615719 -12.4293      170
0.587023 0.716224 0.644549  28.9017      170
0.588009 0.716848  0.63195 -12.7677      170
0.589009 0.717453 0.605771 -26.1805      170
0.590008 0.718074 0.621121  15.3652      170
0.591009 0.718669 0.595157 -25.9537      170
0.592057 0.719322 0.623815  27.3499      170
0.593029 0.719913 0.611878 -12.2808      170
0.594027 0.720516 0.599677 -12.2164      170
0.595009  0.72108 0.574345 -25.7949      170
0.596007 0.721697  0.61766  43.4109      170
0.597027 0.722328 0.618863   1.1791      170
0.598026 0.722933 0.606621 -12.2603      170
0.599025 0.723541 0.608287  1.66777      170
0.600058 0.724142 0.582201 -25.2516      170
0.601001 0.724682 0.571299 -11.5609      170
0.602066   0.7253 0.586699  14.4662      170
0.603021 0.725855 0.575497 -11.7231      170
0.604007 0.726399 0.550569 -25.2793      170
0.605026 0.726976 0.566799  15.9314      170
0.606027 0.727545 0.569232     2.43      170
0.607023 0.728115  0.57166  2.43649      170
0.608039 0.728712 0.587501  15.6039      170
0.609023 0.729266  0.56237 -25.5277      170
0.610021 0.729829 0.564936  2.57144      170
0.611031 0.730397 0.567403  2.44154      170
0.612067 0.730963 0.542008  -24.509      170
0.613002 0.731499 0.572979  33.1391      170
0.614026 0.732088 0.575038   2.0109      170
0.615023  0.73265 0.563687 -11.3814      170
0.616055 0.733219 0.552181 -11.1531      170
0.617027 0.733759 0.555209  3.11465      170
0.618024 0.734343 0.585249  30.1356      170
0.619008  0.73488 0.546506 -39.3755      170
0.620018 0.735444 0.562996  16.3165      170
0.621005 0.736007 0.565568  2.60704      170
0.622057 0.736604 0.567463  1.80154      170
0.623026 0.737153 0.570299  2.92533      170
0.624018 0.737698 0.545362 -25.1364      170
0.625013 0.738227 0.534671 -10.7456      170
0.626006 0.738777 0.551438  16.8922      170
0.627011 0.739303 0.526863 -24.4478      170
0.628007 0.739862 0.557406  30.6771      170
0.629021 0.740409 0.546357 -10.8946      170
0.630006  0.74093 0.521883 -24.8428      170
 0.63101 0.741441  0.51156 -10.2801      170
0.632039 0.742015 0.555757  42.9812      170
0.633023 0.742562 0.558638  2.92527      170
0.634025 0.743073 0.506493 -52.0366      170
0.635031 0.743596 0.523806  17.2201      170
0.636008 0.744101 0.513609  -10.432      170
0.637012 0.744631 0.530791  17.1264      170
0.638032 0.745202 0.561086  29.6955      170
 0.63903 0.745725 0.522632 -38.5306      170
 0.64001 0.746257 0.539762  17.4681      170
0.641009 0.746771 0.515431 -24.3675      170
0.642053 0.747312  0.51845  2.89016      170
0.643018 0.747804 0.508519 -10.2897      170
0.644024 0.748332 0.525731  17.1195      170
0.645041 0.748898 0.556136  29.8797      170
0.646021 0.749419 0.531674 -24.9818      170
0.647031 0.749942 0.521114 -10.4481      170
0.648025  0.75048 0.538116   17.117      170
0.649014 0.750975 0.500242 -38.2968      170
0.650007 0.751489 0.517739  17.6159      170
0.651005 0.751982 0.493831 -23.9436      170
0.652055 0.752547 0.538225   42.309      170
0.653019 0.753056 0.527939 -10.6639      170
0.654025 0.753577 0.517411 -10.4631      170
0.655026 0.754098 0.520833  3.41913      170
0.656036 0.754636  0.53783  16.8258      170
0.657025 0.755162 0.527214   -10.74      170
0.658024 0.755692 0.530448  3.23806      170
0.659009 0.756217  0.53377  3.37073      170
0.660007  0.75674 0.523221 -10.5746      170
0.661005 0.757251 0.512881 -10.3582      170
0.662055 0.757821  0.54321  28.8722      170
0.663017 0.758321 0.519177 -24.9879      170
0.664023  0.75886 0.536168  16.8906      170
0.665031 0.759387 0.525539 -10.5414      170
0.666024 0.759919 0.532927  7.44213      170
0.667024 0.760442 0.522375 -10.5527      170
0.668024 0.760971 0.529824  7.44905      170
0.669008 0.761465 0.501703  -28.573      170
0.670006 0.761973 0.509582  7.89693      170
0.671007 0.762527 0.552864  43.2441      170
0.672055 0.763075 0.523621 -27.9083      170
0.673014 0.763602 0.549266  26.7379      170
0.674032 0.764165 0.556062  6.67388      170
0.675026 0.764692 0.527248  -28.996      170
0.676027 0.765228  0.53458  7.32201      170
0.677023 0.765749 0.524048 -10.5783      170
0.678024 0.766317 0.567041  42.9449      170
0.679008 0.766864 0.555991 -11.2245      170
0.680006 0.767426 0.562787  6.80945      170
0.681005 0.767995 0.569449  6.66679      170
0.682055 0.768542 0.522065 -45.1579      170
0.683026  0.76907 0.547688  26.3855      170
0.684026 0.769612 0.536757 -10.9242      170
0.685023 0.770172 0.561748  25.0709      170
0.686008 0.770731 0.568598  6.95854      170
0.687005 0.771287 0.557361 -11.2673      170
0.688026 0.771899 0.599467  41.2339      170
0.689026 0.772415 0.516432 -83.0408      170
0.690024 0.773028 0.612981  96.7408      170
0.691009 0.773602 0.583226 -30.2119      170
0.692063 0.774217  0.58896  5.44023      170
0.693004 0.774732 0.542271 -49.6015      170
0.694028 0.775313 0.566858  24.0269      170
0.695013 0.775895 0.591391  24.9037      170
0.696025 0.776481 0.579544 -11.7007      170
0.697026  0.77705 0.568055 -11.4865      170
 0.69803 0.777627 0.574556  6.47337      170
0.699024 0.778222 0.598837  24.4284      170
0.700059  0.77881 0.568792  -29.023      170
0.701008 0.779336 0.558176 -11.1901      170
 0.70206  0.77999 0.617612  56.5029      170
0.703023 0.780557 0.588019  -30.708      170
0.704008 0.781142 0.594346  6.42405      170
0.705027 0.781754 0.600147  5.69491      170
0.706037 0.782384 0.623727  23.3488      170
 0.70703 0.782956  0.57586  -48.169      170
0.708025 0.783517 0.564526  -11.398      170
 0.70901 0.784115 0.606904   43.028      170
0.710016 0.784726 0.612705  5.76641      170
0.711013 0.785273 0.547189 -65.6618      170
 0.71206  0.78593 0.624732  74.0529      170
0.713017   0.7865 0.595063 -31.0011      170
0.714024 0.787141 0.636588  41.2517      170
0.715025 0.787712 0.570579 -65.9196      170
0.716027 0.788325 0.612649  42.0235      170
0.717035 0.788943 0.618324  5.62732      170
0.718027  0.78955  0.60607 -12.3554      170
0.719037 0.790178 0.629681  23.3788      170
0.720013  0.79075 0.581817 -49.0367      170
0.721014 0.791338 0.588088  6.26279      170
0.722058 0.791998 0.629249  39.4511      170
 0.72306 0.792648 0.652414  23.1008      170
0.724039 0.793278 0.639688 -13.0024      170
0.725045 0.793923 0.644813  5.09277      170
0.726027  0.79453 0.614389 -30.9883      170
0.727022 0.795164 0.637886  23.6283      170
0.728016 0.795781 0.625417 -12.5357      170
0.729007 0.796357 0.577468 -48.4137      170
0.730006 0.797029  0.67281   95.417      170
0.731024 0.797646 0.605877 -65.7771      170
0.732055 0.798313  0.64689  39.7736      170
0.733024 0.798927 0.634475  -12.807      170
0.734028  0.79957 0.639643  5.15022      170
0.735031 0.800196  0.62699 -12.6087      170
0.736014  0.80082 0.632531  5.63873      170
0.737016 0.801436 0.620081 -12.4185      170
0.738026 0.802073 0.625374  5.24338      170
0.739027 0.802741 0.666346  40.9068      170
0.740027 0.803358 0.617576  -48.773      170
0.741017 0.803971 0.623327  5.80776      170
0.742057 0.804609 0.610446 -12.3882      170
0.743021 0.805186 0.598776 -12.1128      170
0.744025  0.80583 0.640241   41.271      170
0.745028 0.806441 0.609732 -30.4097      170
0.746033  0.80709 0.651092  41.1861      170
 0.74703 0.807695 0.602547 -48.6991      170
0.748026 0.808301 0.608459  5.93527      170
0.749025 0.808915 0.614218  5.76262      170
0.750009  0.80949 0.584449 -30.2469      170
0.751008 0.810097 0.608476  24.0519      170
0.752059 0.810742 0.613616   4.8923      170
0.753022 0.811374 0.655289   43.243      170
0.754025 0.811982   0.6067 -48.4658      170
0.755035 0.812632 0.648031  40.9337      170
0.756033 0.813253 0.617331 -30.7531      170
0.757026 0.813818 0.569601 -48.0656      170
0.758025 0.814446 0.629522  59.9678      170
 0.75901 0.815037 0.599446 -30.5514      170
0.760007 0.815605 0.569805 -29.7068      170
0.761007 0.816235 0.629696  59.8953      170
 0.76206 0.816865 0.598814 -29.3386      170
0.763021 0.817429 0.587402 -11.8795      170
 0.76403 0.818059 0.629142  41.3681      170
0.765027  0.81868 0.616609 -12.5643      170
0.766023 0.819316  0.64005  23.5386      170
 0.76702 0.819925 0.609607 -30.5183      170
0.768023 0.820541 0.615305   5.6833      170
0.769008 0.821153 0.621088   5.8704      170
0.770005 0.821725 0.573236 -48.0039      170
0.771005 0.822322 0.597474  24.2281      170
0.772056 0.822955 0.602855  5.12184      170
0.773015 0.823501 0.573682 -30.4221      170
0.774026  0.82411 0.597679  23.7214      170
0.775023 0.824677 0.568084 -29.6891      170
0.776026 0.825235 0.556802 -11.2458      170
0.777025 0.825869  0.63477  78.1038      170
0.778027 0.826456 0.586587 -48.0711      170
 0.77901 0.827022 0.575157 -11.6283      170
0.780008  0.82762 0.599393  24.2956      170
0.781007 0.828225 0.605316  5.92506      170
0.782067 0.828847 0.592748 -11.8589      170
 0.78302 0.829424 0.599231   6.8008      170
0.784026 0.830015 0.587307 -11.8537      170
0.785026 0.830573 0.557871 -29.4312      170
0.786009  0.83118 0.618212  61.3996      170
0.787008  0.83175 0.570392 -47.8692      170
0.788027 0.832338 0.576676  6.16937      170
0.789028 0.832939 0.600834  24.1202      170
0.790026 0.833527  0.58896 -11.9032      170
0.791017 0.834112  0.59528   6.3751      170
0.792059 0.834705 0.565147 -28.9288      170
0.793019 0.835289 0.607779  44.3816      170
0.794027 0.835853 0.560077 -47.3553      170
0.795009 0.836445 0.602576  43.2648      170
0.796024 0.837008 0.554885 -46.9996      170
0.797026 0.837589 0.579451  24.4982      170
0.798025 0.838157 0.567989  -11.474      170
0.799024  0.83873 0.574558  6.58089      170
0.800067 0.839312 0.562809 -11.2615      170
0.800999 0.839849 0.570098  7.82162      170
0.802055 0.840401 0.522637 -44.9563      170
0.803005 0.840905 0.530593  8.37124      170
0.804006 0.841479 0.573459  42.8281      170
0.805033 0.842053 0.561866  -11.287      170
0.806024 0.842637 0.586364  24.7301      170
0.807023 0.843212 0.574751 -11.6191      170
0.808029 0.843761 0.545522 -29.0515      170
0.809022 0.844302 0.552732  7.26469      170
0.810005  0.84486 0.559614  6.99706      170
0.811006 0.845409 0.548531 -11.0784      170
0.812054 0.845953 0.519379 -27.8138      170
 0.81302 0.846497 0.562841  44.9986      170
0.814011 0.847044 0.551786 -11.1513      170
0.815008 0.847583 0.540891 -10.9264      170
0.816008 0.848113 0.530182 -10.7053      170
0.817013 0.848668  0.55528  24.9808      170
0.818017 0.849214 0.544265  -10.969      170
0.819015 0.849765  0.55128  7.03396      170
0.820007 0.850287 0.522581  -28.908      170
0.821009 0.850818 0.530018  7.42691      170
0.822042 0.851354 0.519189  -10.482      170
0.823002 0.851895 0.562697  45.3045      170
0.824013 0.852416 0.515861 -46.3533      170
0.825028 0.852966 0.541078  24.8395      170
0.826012 0.853505 0.548331  7.36949      170
0.827034 0.854051 0.537312 -10.7776      170
0.828027 0.854613 0.562259  25.1403      170
0.829011 0.855173 0.569099  6.95011      170
0.830025 0.855721 0.539883 -28.8133      170
0.831032 0.856268 0.546977  7.04588      170
0.832057 0.856839 0.553611  6.46786      170
 0.83302 0.857363  0.54303 -10.9851      170
0.834023 0.857897 0.532245 -10.7549      170
0.835023 0.858454 0.557294  25.0454      170
0.836035 0.85902 0.56402 6.64644     170
0.837009 0.859546 0.535242 -29.5401      170
0.838026 0.860061 0.506673 -28.0952      170
0.839012 0.860621 0.567977   62.213      170
0.840026 0.861203 0.574366  6.29933      170
0.841025  0.86173 0.527416  -46.987      170
0.842057 0.862245 0.498862  -27.672      170
0.843019 0.862751 0.524938  27.0916      170
0.844027 0.863251 0.496668  -28.051      170
0.845034 0.863773 0.522441  25.6102      170
0.846026 0.864303 0.529891  7.50391      170
0.847026 0.864805 0.501593    -28.3      170
0.848025 0.865331 0.527271  25.7108      170
 0.84901 0.865859 0.534771   7.6107      170
0.850008 0.866381 0.524212 -10.5869      170
0.851009 0.866932 0.549401  25.1482      170
0.852057 0.867495 0.538025 -10.8541      170
0.853009 0.868015  0.54566  8.02178      170
0.854034 0.868523  0.49909 -45.4353      170
0.855028 0.869031 0.506993  7.95432      170
0.856033 0.869548 0.514698  7.66164      170
0.857026  0.87005 0.504564 -10.2045      170
0.858027  0.87058 0.530152  25.5653      170
0.859012 0.871075 0.502015 -28.5617      170
0.860009 0.871618 0.545496    43.62      170
0.861008 0.872099 0.481323 -64.2389      170
0.862058 0.872613 0.489115   7.4209      170
0.863029 0.873161 0.568778  82.0957      170
0.864025 0.873668 0.504079 -64.9053      170
0.865026  0.87418 0.511882  7.79681      170
0.866026   0.8747 0.519541  7.65749      170
0.867025 0.875208 0.509274 -10.2829      170
0.868029 0.875727 0.516943  7.63882      170
 0.86901 0.876207 0.489101 -28.3784      170
0.870007 0.876685 0.479435  -9.6943      170
0.871008 0.877155 0.469942 -9.48441      170
0.872067 0.877676 0.495747  24.3654      170
 0.87302 0.878144  0.48629 -9.92574      170
0.874025 0.878623 0.476623 -9.61511      170
0.875026 0.879126 0.502762  26.1287      170
0.876025 0.879584  0.45722 -45.5459      170
0.877026 0.88005 0.46595 8.72249     170
0.878026 0.880506 0.456733 -9.21992      170
0.879014 0.881002 0.501185  45.0131      170
0.880011 0.881509 0.509086  7.92293      170
0.881015 0.881936 0.427857 -80.8688      170
0.882059 0.882413 0.454536  25.5712      170
 0.88302 0.882843 0.445866 -9.02161      170
0.884026 0.883318 0.472578  26.5369      170
 0.88501 0.883774 0.463369 -9.36597      170
0.886025 0.884234 0.454058 -9.16749      170
0.887027 0.884717 0.480627  26.5203      170
0.888025 0.885169 0.453334 -27.3468      170
0.889028 0.885632 0.462132  8.77409      170
0.890033 0.886119 0.488599  26.3245      170
 0.89101 0.886591 0.479067 -9.76378      170
0.892058 0.887045 0.433569 -43.3904      170
0.893024 0.887509 0.478655  46.6693      170
0.894025  0.88796 0.451373 -27.2518      170
0.895011 0.888379 0.424764 -26.9907      170
0.896024 0.888819 0.434044    9.163      170
0.897025 0.889262 0.443236  9.18357      170
0.898026 0.889733 0.470028  26.7498      170
 0.89903  0.89019 0.460803 -9.19301      170
0.900012 0.890568 0.380553 -81.6776      170
0.901011 0.891027 0.462046  81.5959      170
0.902057 0.891484  0.43465  -26.186      170
0.903005  0.89187 0.408708 -27.3666      170
0.904026 0.892354 0.471573  61.5921      170
0.905032 0.892799 0.444433 -26.9681      170
0.906031 0.893237  0.43559 -8.85245      170
0.907032 0.893626 0.391424 -44.1374      170
0.908034 0.894116 0.490438  98.8559      170
0.908999  0.89455 0.445371 -46.6609      170
0.910007 0.894989 0.436499 -8.80797      170
0.911031 0.895425 0.427693 -8.60137      170
0.912015 0.895875 0.454917  27.6544      170
0.913043 0.896348 0.463504  8.35669      170
0.914023 0.896762 0.418843  -45.533      170
0.915026 0.897174 0.410524  -8.2934      170
 0.91601 0.897605 0.438126  28.0724      170
0.917015 0.898016 0.411674 -26.3042      170
0.918025 0.898426 0.403384 -8.21189      170
0.919019 0.898837 0.413231  9.90014      170
0.920009 0.899273  0.44073  27.7856      170
0.921026 0.899712 0.431855  -8.7317      170
0.922057 0.900166 0.440839  8.70619      170
0.923017 0.900565 0.414638 -27.3037      170
0.924013  0.90097 0.406461 -8.20678      170
0.925009 0.901384 0.416246  9.83018      170
0.926033 0.901835 0.443456  26.5724      170
0.927028 0.902271 0.434649 -8.85018      170
0.928026 0.902714 0.443853  9.22062      170
0.929026 0.903149 0.435065 -8.79308      170
 0.93001 0.903551  0.40879 -26.7033      170
0.931025 0.904012 0.453948  44.4716      170
0.932059 0.904434 0.409091 -43.4012      170
0.933024 0.904839 0.419062  10.3295      170
0.934022 0.905249 0.410773 -8.30402      170
0.935017 0.905647 0.402751 -8.06671      170
0.936025 0.906066 0.412441  9.61338      170
0.937023 0.906469 0.404283 -8.16892      170
0.938024 0.906884  0.41407    9.781      170
0.939018 0.907287 0.405912 -8.20349      170
0.940023 0.907705 0.415629  9.66852      170
0.941007 0.908106 0.407529 -8.23331      170
0.942053 0.908542 0.416894   8.9515      170
 0.94302 0.908972   0.4445  28.5614      170
0.944033  0.90941 0.435645 -8.73697      170
0.945025 0.909837 0.427019 -8.69686      170
0.946026 0.910238  0.40077 -26.2321      170
0.947026 0.910631 0.392833 -7.93956      170
0.948026 0.911033 0.402849  10.0143      170
0.949016 0.911442 0.412738  9.98478      170
 0.95001 0.911844 0.404622 -8.16941      170
0.951007 0.912257  0.41443  9.83414      170
0.952058 0.912721 0.441387  25.6511      170
0.953013 0.913115 0.415295 -27.3123      170
0.954026 0.913548  0.42469  9.28032      170
0.955025 0.913929 0.380693      -44      170
0.956033 0.914341  0.40868  27.7639      170
0.957027 0.914739 0.400643 -8.08908      170
0.958027 0.915132 0.392703 -7.93698      170
0.959015 0.915565 0.438408  46.2929      170
0.960009 0.915904 0.340801 -98.1516      170
0.961008 0.916326 0.423031  82.2941      170
0.962066  0.91676 0.414257 -8.29332      170
 0.96302 0.917135 0.388545 -26.9476      170
0.964025 0.917518 0.380814 -7.69516      170
0.965028 0.917892 0.373258 -7.53509      170
0.966026 0.918292  0.40147  28.2748      170
0.967024 0.918739 0.446911  45.4984      170
0.968025 0.919141 0.402474 -44.4082      170
0.969024 0.919606 0.465689  63.2801      170
0.970009 0.920003 0.403216 -63.4154      170
0.971016 0.920434 0.430826  27.4291      170
0.972058 0.920858 0.404098  -25.636      170
0.973022 0.921258 0.414165  10.4465      170
0.974025 0.921647 0.388154  -25.933      170
0.975028 0.922028 0.380445 -7.68756      170
0.976025 0.922435 0.408524  28.1553      170
0.977026 0.922854  0.41822  9.68694      170
0.978024 0.923264 0.409947 -8.28732      170
 0.97901 0.923642 0.384154 -26.1627      170
0.980017 0.924054 0.412134  27.7766      170
0.981009 0.924458 0.403981 -8.21973      170
0.982057 0.924891 0.413396  8.98922      170
0.983021 0.925316 0.441094  28.7196      170
0.984025 0.925714 0.396738 -44.2003      170
0.985011 0.926116  0.40678  10.1776      170
0.986024 0.926538 0.416414  9.50858      170
 0.98701 0.926905 0.372689 -44.3413      170
0.988009 0.927323 0.418707  46.0869      170
0.989018 0.927716 0.392615 -25.8535      170
0.990007 0.928135 0.420452  28.1548      170
0.991006 0.928529 0.394333 -26.1333      170
 0.99206 0.928992 0.439476  42.8573      170
0.993026  0.92939 0.413301 -27.0882      170
0.994026 0.929814  0.42287  9.57218      170
0.995017 0.930188 0.379029  -44.235      170
0.996025 0.930618 0.424794  45.4112      170
0.997032 0.930984 0.362945 -61.3992      170
0.998021 0.931368 0.391488  28.8471      170
0.999021 0.931753 0.383705 -7.78494      170
