           0 -0.000945874    0.0344698            0            0
 0.000995636 -0.000972064   -0.0264907     -61.2277          160
  0.00198674 -0.000982934   -0.0108971      15.7334          160
  0.00299382 -0.000978527   0.00438853      15.1782          160
  0.0039866 -0.00103439  -0.0559782     -60.806         160
  0.0050292 -0.00104432 -0.00964189     44.4428         160
 0.00600934 -0.00105365 -0.00945364    0.192064         160
0.00703549 -0.0010325  0.0208713    29.5521        160
0.00800776 -0.0010272 0.00539221   -15.9206        160
0.00902057 -0.0010219 0.00528482  -0.106038        160
  0.0100086 -0.00103175 -0.00988981    -15.3588         160
  0.0110304 -0.00101097   0.0204436     29.6844         160
   0.0120537 -0.000974942    0.0350935      14.3165          160
   0.0130279 -0.000985454   -0.0108033     -47.1134          160
   0.0140121 -0.000981041    0.0044799      15.5287          160
   0.0150034 -0.000991617   -0.0106793     -15.2916          160
   0.0160112 -0.000971983    0.0196716      30.1161          160
  0.0170007 -0.00099787  -0.0259272    -46.0856         160
   0.0180073 -0.000993143   0.00472721      30.4534          160
  0.0190282 -0.00100374  -0.0104354    -14.8521         160
   0.0200202 -0.000998957   0.00484065      15.3983          160
   0.0210028 -0.000979472    0.0198182       15.244          160
    0.022027 -0.000975027   0.00434939     -15.1026          160
  0.0230281 -0.00097079  0.00426327  -0.0860212         160
    0.024039 -0.000966591   0.00417792    -0.084429          160
  0.0250242 -0.00096263  0.00409741  -0.0817293         160
     0.02601 -0.000988751   -0.0261233     -30.6542          160
   0.0270121 -0.000984261   0.00453245      30.5924          160
   0.0280075 -0.000994922   -0.0106269     -15.2295          160
  0.0290217 -0.00102068  -0.0254826    -14.6472         160
  0.0300066 -0.00104553  -0.0249811    0.509262         160
  0.0310378 -0.00105516 -0.00940952      15.101         160
  0.0320508 -0.00104924  0.00584707     15.0602         160
  0.0330126 -0.00102933   0.0208121     15.5597         160
     0.03404 -0.000993038    0.0354563      14.2544          160
  0.0350358 -0.00100349  -0.0104544    -46.1009         160
  0.0360079 -0.00104306  -0.0403974    -30.8045         160
  0.0370302  -0.0010527 -0.00945015      30.271         160
  0.0380242 -0.00107706  -0.0243327    -14.9729         160
  0.0389988 -0.00110035  -0.0238628    0.482176         160
   0.040025 -0.00110892 -0.00831235     15.1541         160
0.0410295 -0.001087 0.0219919   30.1698       160
  0.0420544 -0.00109587 -0.00858686    -29.8341         160
  0.0430608 -0.00107434   0.0217236     30.1188         160
  0.0440302 -0.00106824  0.00622818    -15.9844         160
  0.0450475 -0.00106209  0.00610352   -0.122533         160
  0.0460088 -0.00102709    0.036135     31.2404         160
  0.0470266 -0.00106754  -0.0399284    -74.7325         160
  0.0480223 -0.00106147  0.00607133     46.2014         160
  0.0490122 -0.00102592   0.0360968     30.3314         160
  0.0500064 -0.00100561   0.0203124    -15.8764         160
   0.0510139 -0.000985673    0.0199098    -0.399639          160
    0.052062 -0.000981031   0.00443525     -14.7645          160
   0.0530076 -0.000976891   0.00435179   -0.0882666          160
   0.0540206 -0.000972537     0.004264   -0.0866618          160
   0.0550292 -0.000953222    0.0192486      14.8581          160
    0.056011 -0.000964342    -0.011271      -31.085          160
  0.0570128 -0.00094532   0.0190919     30.3073         160
   0.0580084 -0.000956751   -0.0114256     -30.6513          160
  0.0590622 -0.00092115    0.033999     43.1052         160
 0.0600178 -0.0009036  0.0182759    -16.454        160
   0.0610218 -0.000870897    0.0329877      14.6535          160
   0.0620537 -0.000852917    0.0172434     -15.2579          160
   0.0630362 -0.000806913    0.0470554      30.3423          160
   0.0640249 -0.000731112    0.0762704      29.5483          160
   0.0650227 -0.000701595    0.0295522     -46.8221          160
   0.0660095 -0.000643252    0.0591178      29.9607          160
   0.0670128 -0.000600499    0.0428804     -16.1845          160
   0.0680056 -0.000513349    0.0872418      44.6842          160
   0.0690284 -0.000425904    0.0854752     -1.72711          160
   0.0700316 -0.000372519      0.05365     -31.7217          160
   0.0710287 -0.000259663     0.112867      59.3908          160
   0.0720367 -0.000147709     0.110605     -2.24362          160
   0.0730257 -4.18898e-05     0.108467      -2.1616          160
  0.0740328 6.65526e-05    0.106276    -2.17532         160
  0.0750322 0.000230019    0.164467     58.2225         160
  0.0760128 0.000374288     0.14618     -18.648         160
  0.0770159 0.000562191    0.188505     42.1973         160
  0.0780065 0.000761454    0.199854     11.4557         160
  0.0790279 0.000989929     0.22599     25.5888         160
 0.0800278 0.00124412   0.251606    25.6182        160
 0.0810308 0.00151975   0.276785    25.1029        160
 0.0820599 0.00180018    0.27112   -5.50551        160
  0.083025 0.00212812   0.341336     72.754        160
 0.0840228 0.00246405    0.33455   -6.80063        160
  0.085032 0.00285344   0.388183    53.1423        160
 0.0860088 0.00324237   0.395698    7.69359        160
  0.087028 0.00369674   0.448025    51.3388        160
  0.088028 0.00416469   0.469319    21.2961        160
 0.0890193 0.00465241   0.490214    21.0769        160
 0.0900242 0.00516761   0.510557    20.2436        160
 0.0910308 0.00571376   0.545647      34.86        160
 0.0920527 0.00629338   0.564695    18.6398        160
 0.0930409 0.00689685    0.61399    49.8819        160
 0.0940261 0.00753882   0.647141    33.6503        160
  0.095036 0.00822169   0.679471    32.0118        160
 0.0960097 0.00893286   0.726588    48.3901        160
 0.0970364 0.00968552   0.742137    15.1452        160
0.0980284 0.0104764   0.78766   45.8876       160
0.0990176 0.0112807  0.817527   30.1936       160
 0.100025 0.0121229  0.831266   13.6386       160
 0.101033 0.0129847   0.85998   28.4854       160
 0.102057 0.0139294  0.917789   56.4405       160
 0.103025 0.0148405   0.94549   28.6316       160
 0.104025 0.0158172  0.971883   26.3954       160
 0.105033 0.0168775   1.05808    85.454       160
 0.106018 0.0179565   1.09778   40.3179       160
 0.107014 0.0190455   1.09115  -6.64906       160
0.108013 0.020196  1.14478  53.7009      160
0.109036 0.021429  1.21213  65.8179      160
  0.11001 0.0226231   1.21876   6.80178       160
 0.111019 0.0238678   1.23973   20.7825       160
 0.112045 0.0251954   1.28981   48.8085       160
 0.113017 0.0265165    1.3707   83.2604       160
 0.114004 0.0278709   1.35871  -12.1406       160
0.115026 0.029255  1.37688   17.776      160
 0.116007 0.0306905   1.44012   64.4771       160
0.117018 0.03217 1.47173 31.2579     160
 0.118011 0.0336727   1.50287   31.3577       160
 0.119009 0.0351806   1.51853    15.694       160
0.120044 0.036819  1.57771  57.1951      160
 0.121051 0.0384407   1.62182   43.7998       160
 0.122015 0.0400303   1.63582   14.5063       160
  0.12366 0.0427105   1.62809  -4.70465       160
0.124491 0.04414 1.70665 94.4483     160
0.124925 0.04414 1.70665       0     160
0.125982 0.046766  1.74629  37.5047      160
 0.126978 0.0485981   1.83226   86.3083       160
 0.12798  0.05038  1.78088 -51.3006      160
 0.128976 0.0522517   1.88142    100.98       160
 0.129974 0.0540836   1.82903  -52.4831       160
 0.130975 0.0559494    1.8682   39.1064       160
 0.131994 0.0579183   1.93605   66.6171       160
 0.133001 0.0598666   1.94281   6.71059       160
  0.13404 0.0619026   1.97856   34.4089       160
 0.135031 0.0639048   2.01497   36.7269       160
 0.136024 0.0659037   2.00532  -9.71769       160
 0.137034 0.0679239   2.01063   5.24766       160
 0.138023 0.0699593   2.04637   36.1471       160
  0.13903 0.0720424   2.08115   34.5538       160
 0.140008 0.0741384   2.13103   51.0003       160
 0.141012 0.0762679   2.13412   3.08325       160
 0.142055 0.0784904   2.11998   -13.554       160
 0.143032 0.0805851   2.16987   51.0884       160
 0.144019 0.0827461   2.15695  -13.0883       160
 0.145014 0.0849202   2.18989    33.083       160
 0.146006 0.0870876   2.17685  -13.1589       160
 0.147013 0.0893353   2.23906   61.7282       160
 0.148006 0.0915382    2.2253  -13.8685       160
  0.14901 0.0937702   2.24169   16.3324       160
 0.149987 0.0960545   2.30315   62.8549       160
  0.15099 0.0983245   2.27266  -30.4261       160
0.152055 0.100764  2.31566  40.3701      160
0.153012 0.102974  2.28638 -30.6041      160
0.154024 0.105302  2.30085  14.2945      160
0.155015 0.107581  2.31629  15.5839      160
 0.156006  0.109891   2.31574 -0.559683       160
 0.157012  0.112206   2.31508 -0.649365       160
0.158025 0.114628   2.3738  57.9502      160
0.159023 0.116977  2.35708 -16.7649      160
0.160024 0.119365  2.38571  28.6018      160
0.161037 0.121763  2.39875  12.8771      160
0.162055 0.124216  2.37996 -18.4508      160
0.163016 0.12653  2.4254 47.3035     160
 0.16401 0.128952  2.42259  -2.8307      160
0.165012  0.13135   2.4049 -17.6459      160
0.166013 0.133799  2.43229  27.3781      160
0.167028 0.136298  2.47406  41.1285      160
0.168023 0.138753  2.45521 -18.9475      160
0.169032 0.141181  2.42152 -33.4007      160
0.170033 0.143655  2.47916  57.5702      160
0.171013 0.146044  2.43089 -49.2183      160
0.172054 0.148614  2.45588   24.008      160
0.173016 0.150926  2.40917 -48.5767      160
0.174024 0.153419  2.46643  56.7873      160
0.175029 0.155852  2.43265 -33.6031      160
0.176023 0.158294  2.44481  12.2294      160
 0.17703 0.160737  2.44157 -3.22278      160
0.178024 0.163158  2.42341 -18.2764      160
0.179023  0.16552  2.39106 -32.3554      160
0.180007 0.167944  2.43432  43.9844      160
0.181012 0.170358  2.41631 -17.9129      160
0.182054 0.172868  2.39636 -19.1504      160
0.183013 0.175124  2.36615 -31.5181      160
0.184022 0.177508  2.34874 -17.2521      160
0.185037 0.179891  2.36209  13.1518      160
0.186012 0.182193  2.34634 -16.1534      160
0.187022 0.184515  2.29942  -46.445      160
0.188033 0.186836  2.31403  14.4549      160
0.189018 0.189105  2.29894 -15.3288      160
0.190024 0.191399  2.26795 -30.7993      160
0.191013 0.193617  2.25389 -14.2114      160
0.192054 0.19594 2.22233  -30.32     160
 0.19304 0.198134   2.2395  17.3993      160
0.194006 0.200283  2.19608 -44.9343      160
 0.19503 0.202477  2.16714 -28.2723      160
0.196022 0.204627  2.15445 -12.7896      160
0.197036 0.206818  2.18706  32.1511      160
0.198025 0.208947  2.12867 -59.0636      160
0.199014 0.211017  2.10223  -26.731      160
0.200006 0.213101  2.09086 -11.4567      160
0.201013 0.21515 2.04946 -41.137     160
0.202054 0.217316  2.06724  17.0648      160
0.203008 0.219225   2.0133 -56.5457      160
0.204021 0.221262  2.00289 -10.2747      160
0.204992 0.223173  1.96429 -39.7387      160
0.206032 0.225252  2.01456  48.3343      160
0.207028  0.22724  1.98978 -24.8773      160
0.208024 0.229177  1.93526 -54.7393      160
0.209031 0.231121  1.94212  6.80787      160
0.210008 0.233036  1.94953   7.5798      160
0.211011 0.234957  1.92611 -23.3558      160
0.212053 0.236979  1.93138  5.06636      160
0.213023 0.238822  1.90954 -22.5207      160
0.214028 0.240711  1.87135  -38.014      160
0.215073 0.242666  1.89338  21.0638      160
0.216007 0.24448 1.90283 10.1163     160
0.217029 0.246348  1.84971 -51.9933      160
0.218024 0.248224  1.87332  23.7256      160
0.219014 0.250045  1.85189 -21.6459      160
0.220038 0.251975  1.87443  22.0203      160
0.220998  0.25377  1.86889 -5.76372      160
0.222054 0.255733     1.86 -8.42627      160
0.223024 0.257507  1.83952 -21.0997      160
0.224047 0.259392  1.84758  7.87779      160
 0.22503 0.261222  1.85671  9.29464      160
0.226024 0.263087  1.86516  8.49358      160
0.227029 0.264959  1.87347  8.27363      160
0.228023 0.26684 1.88158 8.15877     160
0.229017 0.268707  1.88998  8.44206      160
0.230007 0.270567  1.86778 -22.4271      160
0.231011 0.272426  1.86097 -6.78504      160
0.232055 0.274367  1.85253 -8.08524      160
 0.23303 0.276146  1.84731 -5.35749      160
0.234022 0.277996  1.84069 -6.66804      160
0.235029 0.279893  1.89461   53.575      160
0.236022 0.281763  1.87221 -22.5547      160
 0.23703 0.283647  1.88027  8.00134      160
0.238024  0.28552  1.87318 -7.13271      160
0.239028 0.287384  1.86626 -6.88331      160
0.240007 0.289214  1.86004 -6.35847      160
0.241012 0.291065  1.85339 -6.62145      160
0.242064 0.292984     1.83 -22.2195      160
0.243009 0.294714  1.82579 -4.46139      160
0.244009 0.296531  1.80445 -21.3241      160
 0.24503 0.298418   1.8586  53.0242      160
0.246023 0.300222  1.80676 -52.2124      160
0.247028 0.302038   1.8162  9.38687      160
0.248053 0.303885  1.79427 -21.4014      160
0.249015 0.305578  1.76007 -35.5423      160
0.250007 0.307374  1.80743   47.725      160
0.251018 0.309101  1.73071 -75.9093      160
0.252054 0.310862  1.68118 -47.8107      160
 0.25304 0.312518  1.68956  8.49728      160
0.254022 0.314184  1.68377 -5.89918      160
 0.25501 0.315813  1.65086 -33.3291      160
0.256006 0.317439  1.63197 -18.9616      160
0.257012 0.319025  1.58599 -45.7205      160
0.258023 0.320647  1.59504  8.95744      160
 0.25903 0.322226   1.5771 -17.8195      160
0.260029 0.323794  1.57329  -3.8099      160
0.261014 0.325316  1.54254 -31.2176      160
0.262055 0.326911  1.52426 -17.5506      160
 0.26302 0.328348  1.49525 -30.0599      160
0.264027 0.329839  1.47907 -16.0723      160
0.265044 0.331336   1.4767  -2.3258      160
0.266022 0.332789  1.47524 -1.49946      160
0.267029 0.334238  1.44596 -29.0727      160
0.268024 0.335696  1.45833  12.4283      160
0.269022 0.337077  1.40255 -55.9456      160
0.270007 0.338489  1.41586  13.5082      160
 0.271011  0.339904   1.41516 -0.698686       160
0.272055 0.341355  1.38583 -28.1048      160
0.273037 0.342695   1.3727  -13.362      160
0.274024 0.344074  1.38666  14.1351      160
0.275027 0.345431  1.35926 -27.3147      160
0.276023 0.346793  1.35962 0.368992      160
 0.27703 0.348127  1.33267 -26.7691      160
0.278033 0.349487  1.36097  28.2375      160
0.279014 0.350814   1.3481 -13.1265      160
0.280006 0.352145  1.33515 -13.0538      160
0.281012 0.35348 1.33607 0.91611     160
0.282056 0.354869  1.32196 -13.5014      160
0.283013 0.356137  1.33815  16.9173      160
0.284009 0.357482  1.33885 0.707399      160
0.285021 0.358819   1.3258  -12.895      160
0.286023 0.360168  1.34036  14.5417      160
0.287036 0.361511  1.34112 0.751595      160
0.288023 0.362851  1.34192 0.813447      160
 0.28903 0.364167  1.31535 -26.4019      160
0.290007 0.365448  1.30342 -12.2196      160
0.291011 0.366738   1.2913 -12.0632      160
0.292053 0.368147  1.34652  53.0246      160
0.293046 0.369425  1.29281 -54.0713      160
0.294023 0.370698  1.29498  2.21968      160
0.295028 0.371981  1.28301   -11.91      160
0.296032 0.373253  1.27124 -11.7237      160
0.297029 0.374525  1.27342  2.19209      160
0.298023 0.375787  1.26188  -11.615      160
0.299016 0.377022  1.25088 -11.0814      160
0.300006 0.37827 1.25354 2.69178     160
0.301012 0.379526  1.25605  2.49023      160
0.302054 0.380814  1.23002 -24.9736      160
0.303023 0.381978  1.20652 -24.2627      160
0.304024 0.383195  1.20981  3.29275      160
0.305036 0.384381  1.18586 -23.6625      160
0.306053 0.385562  1.14806  -37.152      160
0.307015 0.386684   1.1672   19.901      160
0.308008 0.387821  1.14422 -23.1412      160
0.309014 0.388929   1.1079 -36.1089      160
0.310006 0.39004 1.11334 5.47989     160
0.311011 0.391132  1.09129 -21.9409      160
0.312053  0.39225   1.0687 -21.6732      160
0.313007 0.393282  1.08965  21.9718      160
0.314014 0.394343  1.05427 -35.0989      160
 0.31507 0.395464  1.05954  4.98712      160
0.316009 0.396426  1.01223 -50.3875      160
 0.31706  0.39747  1.00507 -6.80691      160
0.318018 0.398421 0.985863 -20.0524      160
0.318996 0.399393 0.994106  8.42751      160
0.320042 0.400411 0.973545 -19.6623      160
0.320994 0.401348 0.982492  9.39582      160
0.322093 0.402373 0.933861 -44.2646      160
0.323018 0.403221 0.930661 -3.45866      160
0.324037 0.404178 0.925291 -5.26978      160
0.325044 0.405084 0.906987 -18.1876      160
0.326023 0.406002 0.930266  23.7732      160
0.327013   0.4069 0.912116 -18.3212      160
0.328022 0.407807 0.893805 -18.1611      160
0.329011 0.408709 0.917392  23.8448      160
0.330008  0.40961 0.899189 -18.2564      160
0.331019 0.410523 0.908628  9.33684      160
0.332065 0.411451 0.889886 -17.9189      160
0.333024 0.412305 0.886582 -3.44434      160
0.334023 0.413179 0.868924 -17.6718      160
0.335029 0.414058 0.879052  10.0658      160
0.336023 0.414932 0.875329 -3.74694      160
0.337018 0.415795 0.871849 -3.49675      160
0.338021 0.416657 0.854432 -17.3648      160
0.339043 0.417535 0.864575  9.92782      160
0.340036 0.418437 0.902137  37.8084      160
0.341036 0.419267 0.843532 -58.6231      160
0.342072 0.420207 0.894299  49.0059      160
0.343005 0.421022 0.877838 -17.6439      160
0.344006 0.421915 0.887681  9.83391      160
0.345024 0.422814 0.883457 -4.14768      160
0.346008  0.42364 0.838901 -45.2608      160
0.347013 0.424489 0.849623  10.6667      160
0.348008 0.425363 0.873798  24.3107      160
0.349029 0.426246 0.869904 -3.81376      160
0.350032 0.427086 0.838994 -30.8316      160
0.351029 0.427963 0.877046  38.1549      160
0.352055 0.428848 0.859164  -17.426      160
0.353024 0.429686 0.870114  11.3032      160
0.354024 0.430544 0.852784 -17.3311      160
 0.35503 0.431394 0.849549 -3.21615      160
0.356007 0.432226 0.846678 -2.93814      160
0.357012 0.433055 0.829926 -16.6621      160
0.358007 0.433869 0.813478  -16.528      160
0.359034 0.434734 0.851787  37.2986      160
0.360022 0.435528  0.79392 -58.6122      160
0.361029 0.436375 0.846515   52.213      160
0.362056 0.437188 0.788255 -56.7361      160
0.363014 0.437981 0.827979  41.4675      160
0.364007 0.438789 0.811666 -16.4274      160
0.365029 0.439611 0.809005 -2.60366      160
0.366024 0.440418 0.806634 -2.38281      160
0.367027 0.441235 0.818025  11.3598      160
0.368031 0.442024 0.788147 -29.7525      160
0.369029 0.442796 0.772539 -15.6362      160
0.370022 0.443621 0.825588  53.4223      160
0.371029 0.444417  0.79556  -29.838      160
0.372054  0.44522 0.779339 -15.8217      160
0.373021 0.445995 0.805501  27.0609      160
0.374023 0.446763 0.762095 -43.2963      160
0.375029 0.447552 0.787985  25.7388      160
0.376008 0.448326 0.786298 -1.72415      160
0.377037 0.449123 0.784132 -2.10375      160
0.378025 0.449933 0.809601  25.7715      160
 0.37903 0.450698 0.766269 -43.1503      160
0.380025 0.451464 0.764734 -1.54203      160
 0.38103 0.452268 0.804271  39.3338      160
0.382055 0.453064 0.774226  -29.327      160
0.383006  0.45381 0.787028  13.4544      160
 0.38404 0.454639 0.798182  10.7845      160
0.384995 0.455388  0.78305 -15.8553      160
0.386032 0.456176 0.767128 -15.3516      160
0.387014 0.456945 0.779472  12.5634      160
0.388009 0.457709  0.76405 -15.5087      160
 0.38903 0.458511 0.789674  25.1053      160
0.390024 0.459285 0.774053 -15.7042      160
0.391012 0.460057 0.786321  12.4163      160
0.392055 0.460849 0.756383  -28.721      160
0.393039 0.461601  0.76907  12.8939      160
0.394024  0.46235 0.753947 -15.3513      160
0.395036 0.463115 0.766365  12.2671      160
0.396007 0.463841 0.737759 -29.4649      160
 0.397012  0.464577  0.736832 -0.922622       160
0.398007 0.465341 0.763226  26.5295      160
0.399027 0.466088 0.734208 -28.4438      160
 0.400024  0.466822  0.733323 -0.887687       160
0.401031 0.467609 0.787133  53.4827      160
0.402054 0.468417 0.784762 -2.31729      160
0.403024 0.469146 0.756088 -29.5563      160
0.404033 0.469934 0.782007  25.6939      160
 0.40503 0.470658  0.72554 -56.6066      160
 0.406009  0.471372  0.725056 -0.494636       160
0.407011 0.472108 0.738087  13.0074      160
0.408006 0.472845 0.737125 -0.96594      160
 0.40903 0.473581 0.722268 -14.5186      160
0.410022 0.474315 0.735327  13.1569      160
 0.411029   0.47505   0.73442 -0.901304       160
0.412055 0.475806  0.73309 -1.29533      160
0.413018  0.47649 0.719282 -14.3363      160
 0.414009  0.477211  0.718648 -0.639374       160
0.415063 0.477978  0.73106  11.7698      160
 0.416006  0.478676    0.7309 -0.169925       160
 0.417031  0.479415  0.729904 -0.970678       160
0.418023 0.480088 0.674484 -55.8504      160
0.419031 0.480819  0.72943  54.5335      160
0.420056 0.481597 0.755543  25.4718      160
0.421009 0.482248 0.686661 -72.3002      160
0.422051 0.482975 0.699874  12.6726      160
0.423025 0.483659 0.699987 0.115631      160
 0.424025  0.484363  0.699707 -0.279499       160
0.425032  0.48505  0.68584 -13.7697      160
0.426025 0.485735 0.685939 0.100139      160
0.427032 0.486435 0.699673  13.6408      160
0.428024 0.487147 0.713179  13.6134      160
0.429035 0.487822 0.671657 -41.0547      160
0.430027 0.488533 0.713049  41.7429      160
0.431037 0.489231 0.698957 -13.9562      160
0.432056 0.489922 0.671044 -27.3858      160
 0.43304 0.490592 0.685384  14.5774      160
0.434025 0.491259 0.671919 -13.6645      160
 0.43503 0.491957 0.699639  27.5905      160
 0.436007  0.492645  0.699674 0.0353313       160
 0.437012  0.493344    0.6995 -0.173469       160
0.438021 0.494013 0.658103 -40.9989      160
0.439032 0.494661 0.645005 -12.9599      160
0.440032 0.495332 0.673272  28.2763      160
0.441016 0.495997 0.673792 0.528068      160
0.442054 0.496671 0.646221 -26.5597      160
0.443011 0.497287 0.647706  1.55114      160
0.444027 0.497978 0.675592  27.4496      160
0.445034 0.498613 0.634868 -40.4666      160
0.446029 0.499236 0.622286 -12.6434      160
0.447031 0.499858 0.623666  1.37726      160
0.448028 0.500498 0.638623  14.9935      160
0.449025 0.501127 0.639858  1.24015      160
0.450008 0.501793 0.668227  28.8527      160
0.451014  0.50242 0.627677 -40.3228      160
0.452058 0.503109 0.655611  26.7496      160
0.453027 0.503729 0.643089 -12.9259      160
 0.45403 0.504365 0.630242 -12.8085      160
0.455035 0.504968 0.604109 -25.9986      160
 0.45601 0.505576 0.619711  15.9998      160
0.457014 0.506196  0.62113  1.41361      160
0.458034 0.506815 0.608611 -12.2711      160
0.459034 0.507414 0.596524 -12.0825      160
 0.46003 0.508039 0.625711  29.3289      160
0.461015 0.508654 0.627221  1.53233      160
0.462058 0.509283 0.600566 -25.5783      160
0.463011 0.509881 0.630291  31.1699      160
0.464007 0.510486 0.604134 -26.2595      160
0.465037 0.511106  0.60555  1.37495      160
 0.46603 0.511699 0.593571 -12.0599      160
0.467041  0.51228 0.581841 -11.6123      160
0.468026 0.512863 0.584009   2.1998      160
0.469025 0.513472 0.613537  29.5443      160
 0.47001 0.514082  0.61515   1.6389      160
0.471013 0.514684 0.602993 -12.1174      160
0.472057 0.515317 0.604148  1.10539      160
0.473025 0.515887 0.592623 -11.9054      160
0.474025 0.516486 0.594483   1.8603      160
 0.47503 0.517081 0.596389  1.89586      160
0.476032 0.517707 0.625579  29.1431      160
 0.47703 0.518307 0.599523 -26.1132      160
0.478022 0.518907 0.601345   1.8356      160
0.479028  0.51951 0.603101  1.74675      160
0.480006 0.520106 0.605005   1.9453      160
0.481011 0.520725  0.62037  15.2891      160
0.482053 0.521375 0.621184 0.781644      160
0.483009 0.521942 0.595811 -26.5465      160
0.484058 0.522543 0.569723 -24.8566      160
0.485023 0.523103 0.586277  17.1605      160
0.486027 0.523685 0.574507 -11.7232      160
0.487031 0.524248 0.563142 -11.3221      160
0.488027 0.524828 0.579314  16.2264      160
0.489032 0.525381 0.554199 -25.0095      160
 0.49001 0.525957  0.58439   30.856      160
0.491014 0.526528 0.572841  -11.506      160
0.492057 0.527131 0.574621  1.70512      160
0.493027 0.527675 0.563635 -11.3318      160
 0.49404 0.528275 0.593337  29.2985      160
 0.49503 0.528852 0.581681 -11.7838      160
0.496026 0.529422 0.570161 -11.5677      160
0.497032 0.529995 0.572527  2.35115      160
0.498026 0.530556 0.561191 -11.4048      160
0.499016 0.531111 0.563921  2.75628      160
0.500008 0.531663 0.552779 -11.2391      160
0.501048 0.532237 0.555136  2.26586      160
0.502051 0.532786 0.544046 -11.0594      160
0.503033 0.533304 0.533582 -10.6556      160
0.504028 0.533858 0.550272  16.7756      160
0.505036  0.53444 0.580343  29.8169      160
0.506028  0.53498 0.541552 -39.1203      160
0.507034 0.535511 0.530829 -10.6549      160
0.508025 0.536057 0.547681  17.0076      160
0.509016 0.536599 0.550664   3.0095      160
0.510009 0.537151  0.55345  2.80801      160
0.511013 0.537666 0.515168 -38.1219      160
0.512066 0.538253 0.559112  41.7094      160
0.513009 0.538798 0.575968  17.8855      160
0.514007 0.539351  0.55085 -25.1739      160
0.515065 0.539932 0.553062  2.09056      160
0.516006  0.54045   0.5426 -11.1117      160
0.517031 0.540989 0.531717 -10.6228      160
0.518024 0.541523 0.534856  3.15787      160
0.519014 0.542066 0.551769  17.0985      160
 0.52004 0.542608 0.526868 -24.2726      160
0.521016 0.543146 0.557818  31.6931      160
0.522038 0.543726 0.560051   2.1856      160
0.523027 0.544266 0.549148 -11.0221      160
0.524035 0.544812 0.538114 -10.9494      160
0.525042 0.545367 0.554781  16.5578      160
0.526029  0.54588 0.516547 -38.7347      160
 0.52703 0.546439 0.561015  44.4067      160
0.528024 0.546947 0.508919 -52.4248      160
0.529031 0.547501 0.553494  44.2721      160
0.530019 0.548009 0.515351  -38.596      160
0.531015 0.548514 0.505167 -10.2268      160
 0.53206 0.549048 0.508328  3.02389      160
0.533029 0.549581 0.553306  46.4427      160
0.534031   0.5501 0.514933 -38.2665      160
0.535031 0.550602 0.504785 -10.1482      160
0.536026 0.551111 0.508456  3.69007      160
0.537033 0.551651 0.539377  30.7034      160
0.538025 0.552178 0.528718 -10.7448      160
0.539023  0.55273 0.559396  30.7394      160
0.540008 0.553236 0.507352 -52.8798      160
0.541014 0.553733 0.497307 -9.97963      160
0.542056 0.554272 0.514322  16.3271      160
0.543026 0.554759  0.50448 -10.1526      160
0.544024 0.555282 0.521792  17.3462      160
0.545034 0.555782 0.497753 -23.8017      160
0.546027 0.556297 0.515239  17.5965      160
0.547032 0.556815 0.518714  3.45786      160
0.548018 0.557329 0.522274  3.61037      160
0.549016 0.557854 0.525596  3.32838      160
0.550009 0.558355 0.501533  -24.244      160
 0.55103 0.558855 0.491446 -9.88306      160
0.552058  0.55938 0.508729  16.8071      160
0.553026  0.55986 0.499024 -10.0251      160
0.554023 0.560351 0.489114 -9.94487      160
0.555028 0.560817 0.465763 -23.2137      160
0.556008 0.561307 0.497682  32.5978      160
 0.55702 0.561808 0.501501  3.77165      160
0.558026 0.562295 0.477721  -23.647      160
 0.55903 0.562776 0.481937  4.20054      160
0.560027 0.563263 0.486043  4.11456      160
0.561015 0.563758 0.503926  18.1139      160
0.562054 0.564288 0.507173  3.12339      160
0.563011 0.564722  0.45659 -52.8551      160
0.564029 0.565194 0.460997  4.32768      160
0.565032 0.565658 0.465562  4.55513      160
0.566034 0.566142 0.483675  18.0679      160
0.567031 0.566602 0.460433 -23.3223      160
0.568027 0.567054 0.451305  -9.1629      160
0.569041 0.567541 0.483293  31.5384      160
0.570027 0.568025 0.487467  4.23364      160
0.571014  0.56848 0.464327 -23.4382      160
0.572057 0.568942 0.441047 -22.3395      160
0.573027 0.569373 0.446277  5.39186      160
0.574026 0.569813 0.437397 -8.88493      160
0.575036 0.570309 0.497085  59.1278      160
0.576025 0.570769 0.459899 -37.5826      160
 0.57703 0.571247 0.478125   18.128      160
0.578026 0.571717 0.468647 -9.52183      160
0.579016 0.572169 0.459515 -9.21877      160
0.580008 0.572631 0.464109  4.63506      160
 0.58103 0.573094 0.454757 -9.14336      160
0.582058 0.573554 0.445466 -9.03739      160
0.583009 0.573981 0.450781  5.58911      160
0.584069  0.57449 0.482345  29.8037      160
0.585018 0.574915 0.445885 -38.4035      160
0.586026 0.575385 0.464271  18.2302      160
0.587025  0.57584 0.455087 -9.19546      160
0.588026 0.576314 0.473397  18.2987      160
0.589032 0.576723  0.40936 -63.6474      160
0.590009 0.577144 0.428727  19.8127      160
0.591013 0.577578 0.433913  5.16486      160
 0.59206 0.578025 0.424887 -8.62486      160
0.593032 0.578425 0.416806 -8.31346      160
0.594023 0.578835 0.408513 -8.36404      160
 0.59503 0.579277 0.441422  32.6859      160
0.596028 0.579684 0.405314 -36.1884      160
0.597029 0.580092 0.410995  5.67631      160
0.598024 0.580523 0.430182   19.289      160
0.599013 0.580938 0.421797 -8.47435      160
0.600006 0.581323 0.386131 -35.9346      160
0.601013 0.581729 0.405808   19.539      160
0.602063 0.582145 0.397407 -7.99722      160
0.603013 0.582491 0.362551 -36.6963      160
0.604029  0.58291 0.409869  46.5881      160
0.605032  0.58331 0.401776  -8.0622      160
0.606011 0.583698 0.393939 -8.00925      160
0.607029 0.584131 0.427031  32.4973      160
0.608027 0.584524 0.391211 -35.8825      160
0.609033 0.584948 0.424471   33.073      160
0.610026 0.585377  0.42974  5.30924      160
0.611022 0.585791 0.421374  -8.3928      160
0.612056 0.586209 0.398989 -21.6583      160
0.613027 0.586613 0.418697  20.3001      160
0.614018 0.587008 0.396764 -22.1246      160
0.615062  0.58744 0.415941  18.3722      160
0.616013 0.587818 0.394369 -22.6773      160
0.617035  0.58821 0.386451 -7.75143      160
0.618026 0.588615 0.406147  19.8721      160
0.619032 0.589013 0.398105 -7.99459      160
0.620016 0.589369 0.363025  -35.626      160
0.621013 0.589766 0.396843  33.9169      160
0.622042 0.590168  0.38872  -7.8954      160
0.623041  0.59056 0.394736  6.02182      160
0.624039 0.590962 0.400554  5.82853      160
0.625031  0.59135 0.392724 -7.89249      160
0.626027 0.591749 0.398607  5.90844      160
0.627029 0.592138 0.390744 -7.85004      160
 0.62803 0.592524 0.382953 -7.78277      160
0.629039 0.592884 0.361734 -21.0296      160
0.630009 0.593273 0.395697       35      160
0.631013  0.59366  0.38787 -7.79633      160
0.632058 0.594058 0.379824 -7.70294      160
 0.63304 0.594422 0.372474 -7.48438      160
0.634023 0.594797 0.378839  6.47252      160
0.635027 0.595181 0.385019  6.15789      160
0.636023 0.595587 0.404711   19.764      160
0.637029 0.595956 0.369365 -35.1384      160
0.638032 0.596346 0.389375  19.9398      160
0.639013 0.596708 0.368119 -21.6813      160
0.640004 0.597081 0.374526   6.4646      160
0.641012 0.597463 0.380761   6.1847      160
0.642055 0.597839 0.359212 -20.6685      160
0.643008 0.598212 0.393476  35.9197      160
 0.64403 0.598608 0.385477 -7.83291      160
0.645033 0.598999 0.391526  6.02573      160
0.646028 0.599369 0.370099 -21.5469      160
0.647037 0.599772 0.403783   33.369      160
0.648026 0.600127  0.35479 -49.5638      160
0.649017 0.600483 0.361538  6.80666      160
0.650008 0.600864 0.381733  20.3857      160
0.651014 0.601211 0.346842 -34.6697      160
0.652059 0.601582 0.353294  6.17374      160
0.653028 0.601942 0.373897   21.274      160
0.654026 0.602324 0.380121   6.2346      160
0.655032 0.602697 0.372587 -7.48759      160
0.656018 0.603029 0.338004  -35.088      160
0.657015 0.603415 0.385975  48.1128      160
0.658028   0.6038 0.378189 -7.68453      160
 0.65903 0.604142 0.343396 -34.7044      160
0.660028 0.604535 0.391231  47.9532      160
0.661018 0.604899 0.369939 -21.5141      160
 0.66206 0.605293 0.375932  5.74907      160
0.663023 0.605633 0.355119 -21.6183      160
0.664024 0.605997 0.361712  6.58188      160
0.665024  0.60632 0.327306 -34.4332      160
 0.66601 0.606668 0.348163  21.1416      160
0.667033 0.607042  0.36848  19.8681      160
0.668027 0.607376 0.333852 -34.8297      160
0.669021  0.60774 0.368323  34.6883      160
0.670026 0.608091 0.347285   -20.92      160
0.671019 0.608427 0.340498 -6.83959      160
0.672057 0.608818 0.374448  32.6829      160
0.673025 0.609159 0.353628 -21.5093      160
0.674031 0.609506 0.346605 -6.98383      160
 0.67503  0.60986 0.353393  6.79215      160
0.676025  0.61022 0.360062  6.70775      160
0.677029 0.610573 0.352939 -7.08917      160
0.678024 0.610919 0.345958 -7.02226      160
0.679013 0.611226 0.311872 -34.4662      160
0.680006 0.611572 0.346708  35.0637      160
0.681013 0.611939 0.367168  20.3119      160
0.682054 0.612301 0.345906 -20.4262      160
0.683019 0.61265 0.36672 21.5669     160
0.684026 0.613017 0.359315 -7.35466      160
0.685031 0.613382 0.365874  6.52781      160
0.686027 0.613728 0.344948  -21.002      160
0.687024 0.614092 0.365472  20.5991      160
 0.68801 0.614419 0.330999 -34.9506      160
0.689017 0.614785 0.365437  34.2037      160
0.690008 0.615142 0.358222 -7.27637      160
0.691027 0.615511 0.364701  6.36007      160
0.692062 0.615893 0.370934  6.02386      160
0.693004  0.61624 0.363925  -7.4376      160
0.694028 0.616591 0.342885 -20.5469      160
0.695032  0.61694 0.349768  6.86108      160
0.696012 0.617291 0.356619  6.99123      160
0.697014 0.617653 0.363246  6.61024      160
0.698009 0.617996 0.342379 -20.9731      160
0.699008 0.618357 0.362974  20.6158      160
0.700011 0.618701 0.342071 -20.8496      160
0.701023 0.619037 0.335298 -6.68894      160
0.702043 0.619404 0.355773  20.0787      160
0.703024 0.619718  0.32155 -34.8909      160
0.704026  0.62009 0.369798  48.1143      160
0.705032 0.620439  0.34881 -20.8651      160
0.706009 0.620775  0.34202 -6.95531      160
0.707032  0.62113 0.348796  6.62394      160
0.708026 0.621458 0.328224 -20.6921      160
0.709021 0.621804 0.349123  21.0105      160
0.710022 0.622159 0.355891  6.75922      160
0.711015 0.622493 0.335211 -20.8355      160
 0.71206 0.622851 0.341911   6.4097      160
0.713007 0.623142 0.308176 -35.6054      160
0.714014 0.623462 0.315659  7.43233      160
0.715062 0.623812 0.336476  19.8576      160
0.716016 0.624116 0.316393 -21.0535      160
 0.71703 0.624442 0.323749  7.25803      160
0.718022 0.624759 0.317352 -6.44623      160
0.719036 0.625111 0.352053  34.2214      160
0.720009 0.625411  0.30418 -49.2139      160
0.721031 0.625755  0.33906  34.1175      160
0.722046 0.626108 0.345876  6.71804      160
0.723032 0.626441 0.339149 -6.82023      160
0.724014 0.626769 0.332514 -6.76046      160
0.725016 0.627094 0.325956 -6.54219      160
0.726029 0.627419  0.31938 -6.49264      160
0.727016 0.627727 0.313169 -6.29168      160
0.728019 0.628047 0.320634  7.44278      160
0.729033 0.628394 0.341511  20.5891      160
0.730025 0.628742 0.348428  6.97253      160
0.731017 0.629038 0.300622 -48.2008      160
0.732058 0.629389 0.335384  33.4102      160
0.733019 0.629706 0.328978 -6.65989      160
0.734027 0.630044 0.336085  7.05512      160
0.735031 0.630387 0.343103   6.9885      160
 0.73601 0.630718 0.336416 -6.83304      160
0.737022  0.63102 0.302429 -33.5811      160
 0.73801 0.631357 0.337433  35.4118      160
0.739033  0.63168 0.316974  -20.002      160
 0.74003 0.632004 0.324364  7.41525      160
0.741033 0.632321 0.317948 -6.39695      160
0.742057 0.632656 0.325127  7.00945      160
0.743023 0.632924 0.277918 -48.8673      160
0.744009 0.633234 0.313465  36.0481      160
0.745015 0.633555 0.320924  7.41578      160
0.746033 0.633874 0.314468 -6.34329      160
0.747016 0.634165 0.294666 -20.1395      160
0.748009 0.634521 0.357168  62.9417      160
0.749036 0.634837  0.30896  -46.936      160
0.750026 0.635138 0.302866 -6.15785      160
0.751029 0.635448 0.310547  7.65954      160
0.752058 0.635776 0.317865  7.11209      160
0.753043 0.636122 0.352701  35.3611      160
0.754042 0.636469 0.345683 -7.02527      160
0.755042 0.636817 0.352587  6.90446      160
0.756009 0.637143 0.332075 -21.1952      160
0.757032  0.63746 0.311725 -19.8919      160
0.758024 0.637765 0.305564 -6.21425      160
0.759031  0.63812 0.354164  48.2354      160
0.760027 0.638453 0.333479 -20.7806      160
0.761033 0.638766  0.31321 -20.1407      160
 0.76206 0.639083 0.306811 -6.23167      160
0.763028 0.639386 0.314636   8.0793      160
0.764018 0.639718 0.335809  21.3938      160
0.765031 0.640066 0.342725  6.82871      160
0.766026 0.640374 0.308599 -34.2752      160
 0.76703 0.640704 0.329827  21.1537      160
0.768025 0.641068 0.364295  34.6352      160
0.769038 0.641386 0.316035 -47.6268      160
0.770027 0.641695 0.309809 -6.29899      160
0.771017  0.64202 0.331108  21.5214      160
0.772057 0.642359  0.32426 -6.58046      160
0.773035 0.642666 0.318055 -6.34775      160
0.774028 0.643007 0.339049   21.142      160
0.775015 0.643334 0.332456 -6.67593      160
0.776009 0.643659 0.325878 -6.62104      160
0.777014 0.643978 0.319432  -6.4131      160
0.778025 0.644297 0.313001 -6.35841      160
0.779032 0.644659  0.36146  48.1181      160
0.780024 0.644999 0.340651 -20.9863      160
0.781017 0.645328 0.333993  -6.7025      160
0.782067 0.645656 0.313425 -19.6019      160
 0.78301 0.645947 0.307532 -6.24863      160
0.784027 0.646297   0.3423  34.1835      160
0.785025  0.64663 0.335569 -6.74606      160
0.786027 0.646934 0.301547  -33.951      160
0.787032 0.647257 0.322914  21.2574      160
0.788028 0.647588 0.330173   7.2868      160
0.789034 0.647898  0.30997 -20.0899      160
0.790011 0.648223 0.331272  21.7868      160
 0.79102 0.648533 0.311065  -20.027      160
0.792057 0.648896 0.345591  33.3054      160
0.793044 0.649228 0.338877 -6.80312      160
0.794009 0.649564 0.346023  7.40006      160
0.795014 0.649903 0.339178 -6.81437      160
0.796026 0.650213 0.305015 -33.7553      160
 0.79703 0.650566 0.353652  48.4329      160
0.798027   0.6509 0.332969 -20.7586      160
0.799031 0.651281  0.38104  47.8694      160
0.800034 0.651599 0.318838 -62.0143      160
0.801016 0.651934 0.339955  21.4979      160
0.802058 0.652254 0.305597 -32.9773      160
0.803026 0.652569 0.327104  22.2128      160
0.804027  0.65292 0.347911  20.7893      160
0.805032 0.653247 0.327363 -20.4425      160
0.806025 0.653581 0.334553  7.24111      160
 0.80703 0.653881 0.300597 -33.7894      160
0.808025 0.654203 0.321977  21.4843      160
0.809025 0.654528 0.329358   7.3859      160
0.810009  0.65485 0.322855 -6.60882      160
0.811014 0.655167 0.316462 -6.35508      160
0.812056 0.655491 0.309905 -6.29498      160
0.813011 0.655806 0.331418  22.5292      160
0.814008 0.656145 0.338501  7.10427      160
0.815063 0.656507 0.345139  6.29169      160
0.816019  0.65686 0.365897  21.7072      160
0.817032 0.657234 0.372268   6.2932      160
0.818042 0.657547 0.310178  -61.435      160
0.819031 0.657876 0.331425  21.4838      160
0.820009 0.658222 0.352303   21.353      160
 0.82103 0.658545 0.317902 -33.6885      160
0.822051 0.658864 0.311446 -6.32707      160
0.823042 0.659206 0.346367   35.235      160
0.824023 0.659541  0.33959 -6.90266      160
0.825033 0.659862 0.319174 -20.2249      160
0.826027 0.660188  0.32652    7.391      160
0.827039 0.660508 0.320061 -6.38033      160
0.828012 0.660831 0.327479  7.62157      160
0.829018 0.661165 0.334667  7.14785      160
0.830009 0.661493 0.328053 -6.67482      160
0.831013 0.661814 0.321564 -6.46049      160
0.832047 0.662155 0.328624  6.83368      160
0.833028 0.662497 0.349604  21.3798      160
0.834027 0.662841 0.342654 -6.95871      160
0.835019 0.663213  0.37696   34.555      160
0.836025 0.663543 0.328469 -48.2177      160
0.837018 0.663903 0.363005  34.7949      160
0.838026 0.664265 0.355709 -7.23788      160
0.839031 0.664572 0.307668 -47.7599      160
0.840026 0.664874 0.301576 -6.12289      160
0.841017 0.665206 0.336696   35.444      160
0.842061 0.665566 0.343373  6.39956      160
0.843025 0.665902 0.350514  7.40257      160
0.844011 0.666256 0.357295  6.88161      160
0.845039 0.666598 0.336451 -20.2699      160
0.846015 0.666924 0.329862 -6.75245      160
0.847034 0.667266  0.33691  6.91841      160
0.848025 0.667595 0.330266 -6.70364      160
0.849035 0.667934 0.337358  7.02065      160
 0.85001 0.668285 0.358142  21.3086      160
0.851015 0.668636 0.351057 -7.05137      160
0.852058 0.669011 0.357435  6.11109      160
0.853027 0.669336 0.336932 -21.1649      160
0.854032 0.669708 0.371244  34.1352      160
0.855031 0.670059 0.350212 -21.0586      160
 0.85601 0.670396 0.343388 -6.96786      160
0.857031 0.670766 0.363816  20.0188      160
0.858026 0.671109 0.342944 -20.9778      160
0.859023 0.671455 0.349889  6.96488      160
0.860024 0.671801 0.342899 -6.98209      160
0.861016  0.67216 0.363538  20.7996      160
0.862057 0.672504 0.328693 -33.4827      160
0.863016 0.672835 0.349866  22.0693      160
0.864009 0.673166 0.329239 -20.7871      160
0.865031 0.673522 0.349943  20.2517      160
0.866029  0.67388 0.356652  6.72213      160
0.867031 0.674241 0.363292  6.62945      160
0.868028 0.674571 0.328739 -34.6463      160
0.869018 0.674915  0.34967  21.1436      160
0.870009 0.675271 0.356432  6.82493      160
0.871033 0.675599 0.321915 -33.6925      160
0.872067 0.675938 0.329019  6.87091      160
0.873028 0.676289 0.363742  36.1559      160
0.874026 0.676633 0.342854 -20.9245      160
0.875033 0.676997 0.363382  20.3843      160
 0.87603 0.677368 0.369831  6.46756      160
0.877037  0.67769 0.321502 -48.0004      160
0.878028 0.678058 0.369822   48.765      160
0.879016 0.678401 0.348954 -21.1061      160
0.880011 0.678716 0.314719 -34.4346      160
0.881022 0.679065 0.349498  34.3963      160
0.882058 0.679438 0.355901  6.17806      160
0.883012  0.67977  0.34921 -7.01389      160
0.884063 0.680131 0.341911 -6.94387      160
0.885011 0.680411 0.294458  -50.058      160
 0.88603 0.680759  0.34319   47.834      160
0.887028 0.681123 0.363727  20.5777      160
0.888026 0.681493 0.370205  6.49098      160
0.889019 0.681823 0.335641 -34.8237      160
0.890018 0.682165 0.342674  7.03536      160
0.891014 0.682528 0.363235  20.6506      160
0.892059 0.682887 0.342027 -20.2853      160
0.893013 0.683206 0.335596 -6.74047      160
0.894027 0.683569 0.356152   20.292      160
0.895031 0.683918   0.3491 -7.01882      160
0.896028 0.684247 0.328508 -20.6581      160
0.897036 0.684569 0.321991 -6.46477      160
0.898028 0.684898 0.329294  7.36315      160
 0.89904 0.685248 0.350119  20.5859      160
 0.90001 0.685572 0.329635 -21.1153      160
0.901015 0.685922 0.350438  20.6917      160
0.902058 0.686324 0.384156  32.3399      160
0.903025 0.686648 0.335808 -49.9718      160
0.904026  0.68702 0.370114  34.2837      160
0.905032 0.687383 0.362786 -7.28533      160
 0.90603 0.687699 0.314577 -48.2925      160
0.907039 0.688049 0.349326  34.4477      160
0.908016 0.688383 0.342581 -6.90198      160
0.909009 0.688719  0.33579 -6.84051      160
 0.91001 0.689049 0.329135 -6.64903      160
0.911013 0.689384 0.336297  7.13843      160
0.912058  0.68973 0.329315 -6.68169      160
0.913012 0.690036 0.323122 -6.48994      160
 0.91401 0.690382  0.34403   20.959      160
0.915065 0.690763 0.364214  19.1189      160
0.916029 0.691084 0.329869 -35.6482      160
0.917043 0.691421 0.336997  7.02667      160
 0.91806  0.69176 0.330139 -6.74622      160
0.919016 0.692096 0.351224   22.043      160
 0.92001 0.692439 0.344302 -6.96839      160
0.921041 0.692787 0.337276 -6.80924      160
 0.92205 0.693147 0.357874  20.4244      160
0.923029 0.693462 0.323638  -34.964      160
0.924044 0.693772 0.303434 -19.9114      160
0.925032 0.694091 0.324863  21.6791      160
0.926031 0.694422 0.332116  7.26329      160
0.927016 0.694771 0.352959  21.1681      160
0.928008 0.695102 0.332317 -20.7919      160
0.929017 0.695429 0.325719 -6.54126      160
0.930014  0.69579 0.360247  34.6377      160
0.931033 0.696134 0.339364 -20.4985      160
0.932057 0.696462 0.318783 -20.0939      160
0.933044 0.696796 0.339926  21.4204      160
0.934026 0.697152 0.360603  21.0659      160
0.935038 0.697506 0.353463 -7.05298      160
0.936028 0.697853  0.34645 -7.08487      160
0.937032 0.698178 0.325931 -20.4234      160
0.938025 0.698511 0.333156  7.27766      160
0.939017 0.698806 0.299315 -34.1113      160
0.940008 0.699153 0.348077  49.2353      160
0.941014  0.69948 0.327512 -20.4358      160
0.942058 0.699831 0.334373  6.57164      160
0.943011  0.70013 0.314412 -20.9405      160
0.944033 0.700457 0.321733  7.16561      160
0.945034 0.700774 0.315343 -6.38268      160
0.946031 0.701097 0.322753  7.43557      160
0.947032 0.701426 0.330053   7.2903      160
0.948029 0.701736 0.309839 -20.2838      160
0.949022 0.702063 0.331113   21.419      160
0.950027 0.702405 0.338149  6.99956      160
0.951015 0.702731 0.331566 -6.66299      160
0.952056  0.70307 0.324708 -6.58503      160
0.953043 0.703421 0.359447  35.2112      160
0.954026 0.703745 0.325023 -35.0016      160
0.955032 0.704063 0.318594 -6.39172      160
 0.95601 0.704343 0.285044 -34.3221      160
0.957032 0.704669 0.320301  34.4786      160
0.958028 0.704984 0.313945 -6.38325      160
0.959035 0.705292 0.307723 -6.18114      160
0.960033 0.705608 0.315271  7.55769      160
0.961017 0.705924 0.322834  7.69119      160
0.962071 0.706256 0.316125 -6.36334      160
0.963011 0.706536 0.296538 -20.8459      160
0.964008 0.706854 0.317981   21.496      160
0.965035 0.707187  0.32521  7.03641      160
0.966029 0.707505 0.318777 -6.47209      160
 0.96703 0.707817 0.312489 -6.28687      160
0.968026 0.708123 0.306302  -6.2114      160
0.969015 0.708445 0.327669  21.6009      160
0.970006 0.708779 0.334866  7.26156      160
0.971036 0.709113 0.328123 -6.54831      160
0.972054 0.709458 0.335095  6.84835      160
0.973025 0.709775 0.328684  -6.5985      160
0.974029 0.710087 0.308446 -20.1631      160
 0.97503 0.710429 0.343363  34.8863      160
0.976026 0.710752  0.32289 -20.5474      160
0.977032 0.711082 0.330163  7.22854      160
 0.97803 0.711421 0.337265  7.12123      160
0.979017 0.711745  0.33072 -6.63284      160
0.980016 0.712082 0.337857  7.14407      160
0.981014 0.712413 0.331159  -6.7043      160
0.982057 0.712739 0.310632 -19.6886      160
0.983026 0.713059 0.332035  22.0839      160
0.984058 0.713382 0.311565 -19.8373      160
0.985018 0.713714 0.346674  36.5857      160
0.986026  0.71403 0.312399 -33.9943      160
0.987033  0.71435 0.319873   7.4238      160
0.988031 0.714665 0.313514 -6.37149      160
0.989025 0.714953 0.293754 -19.8755      160
0.990009 0.715267 0.315287  21.8789      160
0.991014 0.71559 0.32271 7.38867     160
0.992058 0.715921 0.316024 -6.40607      160
0.993011 0.716215 0.310081 -6.23424      160
0.994025 0.716553 0.331147  20.7746      160
0.995035 0.716866 0.310892 -20.0457      160
0.996028 0.717183 0.318414  7.57884      160
0.997031 0.717509 0.325788  7.34787      160
0.998023 0.717838 0.333075  7.34709      160
0.999029  0.71814 0.299085 -33.7906      160
