          0 5.60828e-06   0.0152582           0           0
  0.00100255 -2.44686e-05   -0.0302539     -45.3963          200
 0.00199318 2.11786e-05   0.0456938     76.6661         200
 0.00298715 3.57414e-05   0.0146532     -31.229         200
 0.00397992 2.00433e-05  -0.0157764    -30.6511         200
 0.00497317 4.65451e-06  -0.0154655    0.312934         200
 0.00597739 1.96628e-05   0.0149801     30.3177         200
 0.00696874 3.42693e-05    0.014685   -0.297711         200
  0.00796628  3.35921e-05 -0.000675244      -15.398          200
 0.00900507 1.73274e-05   -0.015726    -14.4888         200
  0.0100033 3.19521e-05   0.0147247     30.5039         200
   0.0109959  3.13201e-05 -0.000636401     -15.4766          200
   0.0119951  3.06998e-05 -0.000623797    0.0126136          200
  0.0130162 1.47125e-05  -0.0156779    -14.7423         200
  0.0140185 2.95038e-05   0.0147719     30.3796         200
   0.0149958  2.89316e-05 -0.000587357     -15.7164          200
  0.0159788 4.31844e-05   0.0144963     15.3445         200
  0.0169771 2.72946e-05  -0.0159301    -30.4796         200
  0.0180092 1.11882e-05  -0.0156047    0.315337         200
  0.0189979 2.57864e-05   0.0148436     30.7956         200
 0.0199945 5.5504e-05   0.029618     14.825        200
  0.0209832 3.95273e-05   -0.016176    -46.3164         200
   0.0245633 -1.57591e-05   -0.0150589     0.312028          200
   0.0249975 -2.88107e-05   -0.0300832     -34.6056          200
   0.0259955 -1.31864e-05    0.0157214      45.8955          200
   0.0269928 -1.29262e-05  0.000340884     -15.4221          200
   0.0280099 -1.26659e-05  0.000334019   -0.0067488          200
  0.0289979 -1.2418e-05 0.000327484 -0.00661482         200
    0.030014 -4.25493e-05    -0.029816     -29.6647          200
   0.0309973 -5.66478e-05   -0.0141599       15.923          200
   0.0319946 -4.04881e-05    0.0162599       30.502          200
   0.0330086 -5.49538e-05   -0.0142017     -30.0412          200
   0.0340087 -6.89211e-05   -0.0139208      0.28088          200
   0.0350065 -8.26154e-05   -0.0136453     0.276047          200
  0.0360112 -0.00012636  -0.0435123    -29.7273         200
   0.0369821 -9.46229e-05    0.0326949      78.4961          200
  0.0380106 -0.00010817  -0.0131667    -44.5891         200
   0.0390186 -0.000136198   -0.0279752     -14.6905          200
   0.0399983 -0.000103752    0.0328582      62.0963          200
   0.0409994 -5.64026e-05    0.0472758      14.4015          200
   0.0419986 -4.02325e-05    0.0162009     -31.0994          200
   0.0429995 -2.44122e-05     0.015881    -0.319586          200
   0.0440011 -8.81255e-06    0.0155656    -0.314905          200
  0.0449827 6.18943e-06   0.0152623   -0.309018         200
  0.0459793 -8.9587e-06  -0.0151793    -30.5458         200
   0.046978 2.12987e-05   0.0303307     45.5676         200
  0.0480173 5.19538e-05   0.0297111   -0.596127         200
  0.0489962 6.58015e-05   0.0140591    -15.9886         200
  0.0500181 9.52347e-05   0.0288415     14.4661         200
  0.0509994 9.33825e-05  -0.0018642    -31.2899         200
  0.0519958 0.000136617    0.043383     45.4129         200
  0.0529971 0.000179208   0.0425222   -0.859637         200
 0.0539982 0.00028114   0.101959    59.3704        200
  0.0549972 0.000350916   0.0698009    -32.1912         200
  0.0559959 0.000434301     0.08349     13.7064         200
  0.0570021 0.000561199    0.127048     43.2928         200
   0.058012 0.000657083   0.0943576    -32.3687         200
  0.0590036 0.000792841    0.137731     43.7414         200
  0.0599976 0.000927861    0.135003    -2.74426         200
 0.0609987 0.00110505   0.177545    42.4944        200
 0.0619953 0.00129413   0.189099    11.5939        200
 0.0629995 0.00147929   0.185359    -3.7249        200
 0.0639951 0.00167603   0.196758    11.4496        200
 0.0649858 0.00191082   0.238131    41.7643        200
 0.0659859 0.00218916    0.27863    40.4923        200
 0.0669835 0.00249239   0.303253    24.6832        200
 0.0680122 0.00279881   0.297063   -6.01686        200
 0.0689979 0.00311564   0.321407    24.6989        200
  0.070003 0.00347765   0.360218    38.6118        200
 0.0709951 0.00388865   0.413409    53.6161        200
 0.0719941 0.00433821   0.450448     37.078        200
 0.0729988 0.00478013   0.441521   -8.88553        200
 0.0739963 0.00530391   0.523186    81.8659        200
 0.0749876 0.00582442   0.528043    4.89949        200
 0.075979 0.0063856  0.562828   35.0885       200
 0.0769827 0.00696739   0.581823    18.9247        200
 0.0780127 0.00764974   0.660314    76.2067        200
 0.0790107 0.00831073   0.662334    2.02454        200
  0.079982 0.00903056   0.740013    79.9721        200
 0.0809786 0.00979799    0.77063    30.7223        200
0.0819776 0.0105677  0.770456 -0.174327       200
0.0829954 0.0114591  0.875463    103.17       200
0.0840049 0.0123491  0.888231   12.6481       200
0.0849981 0.013295 0.945993  58.1541      200
0.0859966 0.0142816  0.987559   41.6291       200
0.0869803 0.0152937    1.0286   41.7188       200
0.088012 0.016425  1.09802  67.2905      200
0.0889792 0.0175119   1.12217   24.9671       200
0.0899971 0.0187071   1.17491   51.8165       200
0.0909975 0.0198899   1.18176   6.85134       200
0.0919967 0.0211524   1.26387    82.177       200
0.0930028 0.0224816   1.32927   64.9955       200
 0.093996 0.0238421   1.36328   34.2414       200
0.0949814 0.0252505   1.42706   64.7273       200
0.0959954 0.0267298   1.45868   31.1849       200
 0.096981 0.0281979   1.49051    32.293       200
0.0980103 0.0297938   1.55054   58.3243       200
 0.098994 0.0313621   1.59571   45.9232       200
0.0999801 0.0329653   1.62482   29.5122       200
 0.100979 0.0346185   1.65292    28.122       200
 0.102003 0.0363883   1.74018   85.2552       200
 0.10298  0.03808  1.72137 -19.2475      200
 0.104001 0.0399355   1.82228   98.7957       200
0.104997 0.04178 1.84651 24.3387     200
 0.105996 0.0436953   1.91544   68.9815       200
 0.106982 0.0456361   1.96846    53.772       200
 0.108042 0.0477242   1.98781   18.2595       200
 0.109008 0.0496938   2.02487   38.3432       200
 0.110002 0.0517566   2.07544   50.8628       200
  0.11101 0.0538641   2.10973   34.0374       200
    0.112 0.0559881   2.12832   18.7803       200
   0.113 0.058152  2.16147  33.1282      200
 0.113999 0.0603588   2.20914   47.7115       200
 0.114999 0.0626015    2.2407   31.5681       200
 0.11599 0.064861  2.28729  47.0277      200
 0.116981 0.0671773   2.33274   45.8653       200
 0.118001 0.0695858   2.36097   27.6711       200
    0.119 0.0719885   2.40467   43.7604       200
 0.120019 0.0744374   2.43208   26.8879       200
 0.120999 0.0768922   2.47472   43.5098       200
 0.122001 0.0793653   2.47088  -3.83071       200
 0.123306 0.0826491   2.51249   31.8755       200
 0.124534 0.0857705   2.52647    11.386       200
 0.124947 0.0857705   2.52647         0       200
 0.125987 0.0894819   2.55956   31.8315       200
  0.12698 0.0921158   2.62933   70.2086       200
 0.128011 0.0948772   2.68118   50.2811       200
 0.128977 0.0974794   2.69007   9.20978       200
0.130033 0.100303  2.72529  33.3432      200
0.131004 0.102987  2.73253  7.45205      200
   0.132 0.105745  2.76905  36.6472      200
0.133021 0.108591  2.78842   18.975      200
 0.13405 0.111442  2.77693 -11.1619      200
0.134999 0.114103      2.8  24.3001      200
0.136019 0.116978  2.81879  18.4271      200
0.137006 0.119749   2.8089 -10.0174      200
 0.13805 0.122727  2.85641  45.5011      200
0.139037 0.125479  2.81615 -40.7733      200
0.140029 0.128392  2.91104  95.6888      200
0.141021 0.131273  2.89895 -12.1889      200
0.142018 0.134195  2.93214  33.2582      200
0.143002 0.137109  2.96549  33.9192      200
0.143986 0.140016  2.93749 -28.4276      200
0.145002 0.143003  2.95403   16.274      200
0.146001 0.145955  2.95587  1.84706      200
0.147001 0.148942  2.98776  31.8869      200
0.148059 0.152038  2.95597   -30.05      200
0.148995 0.154868  2.99098  37.4087      200
0.150051 0.158038  3.00383  12.1772      200
0.151012 0.160944  3.02197  18.8739      200
0.152003 0.163953  3.03803  16.2015      200
 0.153018  0.167015   3.03766 -0.356022       200
0.154003 0.170028  3.03827 0.615787      200
   0.155 0.173072  3.05364  15.4162      200
 0.156006  0.176143   3.05309 -0.539802       200
0.157032 0.179281  3.09733   43.111      200
0.158051 0.182468  3.09444 -2.83704      200
0.159017 0.185457  3.09552  1.12264      200
0.160022 0.188602  3.12423  28.5469      200
0.161026 0.191688  3.09262 -31.4698      200
0.162007 0.194752  3.10759  15.2633      200
0.163026 0.197946  3.15067  42.2632      200
0.164019 0.201091  3.14863 -2.05863      200
0.165011 0.204231  3.16207  13.5455      200
0.166029 0.207415  3.15923 -2.78814      200
0.167003 0.210515  3.15807 -1.18643      200
 0.16805 0.213865  3.19808  38.1932      200
0.168999 0.216916  3.21327  15.9998      200
0.170007 0.220147  3.20948 -3.75574      200
0.171011  0.22332  3.16075 -48.5402      200
0.172022 0.226528  3.17281  11.9333      200
0.173019 0.229749  3.23073   58.088      200
 0.17402 0.233019  3.26798  37.2057      200
0.175022 0.236227  3.23105 -36.8523      200
0.176021 0.239491  3.23483  3.77863      200
0.177007 0.242712  3.26733  32.9773      200
 0.17805 0.246072  3.22733 -38.3455      200
0.179014 0.249204  3.24767  21.1034      200
0.180019 0.252462  3.23764 -9.98352      200
0.181003 0.255649  3.24295   5.4006      200
0.182001 0.258903  3.26086  17.9444      200
0.183021 0.262204    3.236 -24.3685      200
0.184013 0.265379  3.22762 -8.44722      200
0.185001 0.268601  3.23222  4.66255      200
0.186004 0.271833  3.22269 -9.50968      200
 0.18702 0.275111  3.22619  3.44402      200
0.188038 0.278382  3.21588 -10.1287      200
0.189012 0.281509  3.20846  -7.6144      200
 0.18999 0.284678  3.21415  5.81426      200
0.190987 0.287887  3.21902  4.88455      200
0.191986 0.291097  3.20995 -9.08583      200
0.192992 0.294297  3.20105 -8.83422      200
0.193993 0.297509  3.19195 -9.10298      200
0.194999 0.300714  3.19689  4.91996      200
0.195983 0.303842  3.17553 -21.7055      200
 0.19697 0.306977  3.16795 -7.68717      200
0.198004 0.310266  3.18519  16.6676      200
0.199036 0.313546   3.2026  16.8729      200
0.200003 0.316638  3.18195 -21.3592      200
 0.20101 0.319806  3.15976 -22.0175      200
0.202031 0.323037   3.1921  31.6796      200
0.203003  0.32612  3.14374 -49.7471      200
0.204001  0.32925  3.13628 -7.47972      200
0.205022 0.332443  3.12755 -8.55419      200
0.206024 0.335597  3.14748  19.8965      200
0.207006 0.338677  3.14101  -6.5881      200
0.208051 0.341947  3.13075 -9.82451      200
0.209013 0.344982  3.15305   23.176      200
0.210004 0.348075  3.11845 -34.9286      200
0.211029 0.351236  3.11038 -7.86766      200
0.212021 0.354356  3.11705  6.72966      200
0.213006 0.357419  3.11092 -6.21492      200
0.214001 0.360491  3.09069 -20.3499      200
0.215003 0.363609  3.11136  20.6311      200
0.215991 0.366678  3.09118 -20.4221      200
0.216998 0.369761  3.07072 -20.3008      200
0.218036 0.372945  3.07612  5.20157      200
0.218997 0.375916   3.0858  10.0648      200
0.220013 0.379041  3.10632  20.2012      200
0.221003 0.382151   3.1132  6.95756      200
0.222003 0.385229  3.07889 -34.3115      200
   0.223 0.388296  3.07271 -6.19969      200
0.224028 0.391461  3.07849  5.61709      200
0.225008 0.394456  3.05981 -19.0685      200
0.226004 0.397501  3.05406 -5.76628      200
0.227002 0.400554  3.06209  8.05497      200
0.228032   0.4037  3.05431 -7.55423      200
0.229023 0.406697  3.04952  -4.8321      200
0.230024 0.409757  3.02954 -19.9577      200
0.231003 0.412718  3.02547 -4.15106      200
0.232001 0.415746  3.03401  8.56148      200
0.233026 0.418801  3.00019 -32.9769      200
0.234004 0.421792  3.03735  37.9927      200
0.235013 0.424851  3.05919  21.6429      200
0.236031 0.427958  3.02433 -34.2603      200
0.237021 0.430957  3.03343   9.2015      200
0.238081 0.434135  3.02503 -7.91987      200
0.239012 0.436978  3.02333 -1.83253      200
0.239988 0.439955  3.01896 -4.47517      200
0.240988 0.442941  2.98652 -32.4609      200
0.241989 0.445956  3.00925  22.7052      200
0.242985 0.448938  2.99084 -18.4823      200
 0.24399 0.451954  3.01356  22.6257      200
0.244974 0.454936  3.03696  23.7808      200
0.245969 0.457967  3.03149 -5.49396      200
0.246979 0.460974  3.01258 -18.7293      200
0.247968 0.463957  2.98019 -32.7332      200
0.249025 0.467068  2.97314 -6.67266      200
0.250024 0.470021  2.95532 -17.8363      200
0.251023 0.472977   2.9653  9.99061      200
0.252003 0.475871  2.94865 -17.0036      200
0.253016 0.478882   2.9715  22.5451      200
0.254018 0.481858  2.96714 -4.34549      200
0.255026 0.484827  2.96293 -4.17547      200
0.256011 0.487707  2.93264 -30.7691      200
0.257001 0.490633  2.92929 -3.37903      200
0.258052 0.493729  2.95043  20.1125      200
0.259032 0.496589  2.93447 -16.2811      200
0.260019 0.499503  2.93138 -3.13404      200
0.261021 0.502448   2.9416  10.2035      200
0.262019 0.505396  2.95174  10.1577      200
0.263022 0.508322  2.92052 -31.1436      200
0.264002 0.511185  2.91844   -2.114      200
0.265012 0.514089  2.90159 -16.6896      200
0.266023 0.517045  2.89765 -3.89361      200
0.267019 0.519956  2.92251  24.9654      200
0.268049 0.522945  2.90396 -17.9973      200
0.269032 0.525753  2.87511 -29.3842      200
0.270021 0.528628  2.88673   11.745      200
0.271019 0.53152 2.89801 11.2994     200
0.272019 0.534402  2.88163 -16.3834      200
 0.27302  0.53727  2.86552 -16.1056      200
0.274041 0.540167  2.86275 -2.70459      200
0.275018 0.542989  2.86152 -1.26406      200
0.276002 0.545803  2.86043 -1.10597      200
0.277001 0.548699  2.89951  39.1392      200
0.278049 0.551687  2.85309 -44.2589      200
0.279011 0.554434  2.85335  0.27147      200
0.280003 0.557263  2.85196 -1.39902      200
0.281001 0.560121  2.86393  11.9932      200
0.282002 0.562973  2.84816 -15.7573      200
0.283028 0.56588 2.85914 10.7005     200
 0.28402 0.568754  2.87079  11.7451      200
0.285018 0.571549  2.80039 -70.5231      200
0.286022 0.574415  2.85404  53.4411      200
0.287003 0.577172  2.81227 -42.5996      200
 0.28805 0.580126  2.82234  9.61176      200
   0.289 0.582807  2.82392  1.66567      200
0.290051  0.58577  2.81987 -3.85068      200
0.291001 0.588484  2.83472   15.622      200
0.292033 0.591363  2.83235 -2.29781      200
 0.29302 0.594171  2.81744 -15.1079      200
0.294021 0.597004  2.82992  12.4675      200
0.295003 0.599755  2.80221 -28.2163      200
   0.296 0.602561  2.81523  13.0542      200
0.297002 0.605379  2.81409  -1.1421      200
0.298049 0.608322  2.81042 -3.50247      200
0.299011 0.611013  2.79787 -13.0512      200
0.299977 0.613752  2.81224  14.8598      200
0.300977 0.616505  2.77055 -41.6995      200
0.301985 0.619308  2.75577   -14.66      200
0.302983 0.622102  2.79692  41.2323      200
0.303996 0.624909  2.78204 -14.6998      200
0.304978 0.627628  2.76893 -13.3428      200
 0.305972  0.630386   2.76898 0.0489538       200
0.306984 0.633163  2.74077 -27.8654      200
 0.308004  0.635947    2.7403 -0.460591       200
0.309005  0.63868  2.72693 -13.3608      200
0.310028 0.641453  2.75455  26.9991      200
0.311019 0.644222  2.76833  13.9041      200
0.312002  0.64693  2.75544 -13.1182      200
0.313001 0.649601   2.6736 -81.8638      200
 0.31402 0.652395  2.74136  66.5045      200
0.315019 0.655112  2.72277 -18.6154      200
0.316018 0.65787 2.75783 35.0786     200
0.317009 0.660584  2.73929 -18.6985      200
0.318049 0.663462  2.77196  31.4295      200
0.319029 0.666162  2.79001   18.421      200
0.320021 0.668949  2.77001 -20.1407      200
0.321022 0.671735  2.78634  16.3272      200
 0.322005  0.674475   2.78544 -0.921164       200
0.323004 0.677256  2.78372  -1.7186      200
0.324009 0.680049  2.78176 -1.95007      200
0.325016 0.682888  2.83333  51.2156      200
0.326019 0.685723  2.81236 -20.9014      200
0.327011 0.68855 2.86416 52.2051     200
0.328063 0.691525  2.84039 -22.5864      200
0.329007 0.694186  2.80478 -37.7426      200
0.330005 0.697053  2.85578  51.1035      200
0.331023 0.699938  2.83381 -21.5874      200
0.332004 0.702751  2.86774  34.5915      200
0.333008 0.705644  2.88191   14.108      200
0.334008 0.708505  2.86042 -21.4836      200
0.335001 0.711395  2.91096  50.9043      200
0.336024 0.714329  2.86985 -40.1946      200
0.337035 0.717172  2.84872 -20.8843      200
0.338053 0.720138  2.87958  30.3359      200
0.339016 0.722966  2.93133  53.7411      200
0.340022 0.725872   2.8908 -40.2879      200
0.341023 0.728786  2.92269  31.8462      200
0.342008 0.73169 2.93664 14.1636     200
0.343004 0.734595  2.91426 -22.4596      200
0.344004 0.737487  2.89213 -22.1294      200
0.345015 0.740425  2.90541  13.1455      200
 0.34603 0.743364  2.91865  13.0293      200
0.347007 0.746249  2.93296   14.663      200
0.348052 0.749268  2.89014  -40.959      200
0.349025  0.7521 2.92367 34.4688     200
0.350023  0.75501  2.90119 -22.5292      200
 0.35102 0.757919  2.91504  13.8765      200
0.352005 0.760784  2.91162 -3.46714      200
0.353055 0.763835  2.90447 -6.80735      200
0.354006 0.766612  2.90281  -1.7451      200
 0.35502 0.769534  2.91639  13.3864      200
0.356021  0.77247  2.91156 -4.82346      200
0.357008 0.775322  2.89024 -21.6112      200
0.358052 0.778368  2.91951  28.0273      200
0.359033 0.781229  2.91618 -3.40266      200
0.360022 0.784094   2.8946 -21.8116      200
0.361021 0.786996  2.90857  13.9937      200
0.362005 0.789855  2.90528 -3.34168      200
0.363002  0.79275  2.90125 -4.04175      200
0.36403 0.79572 2.91389 12.2941     200
 0.36502 0.798609  2.89183 -22.2712      200
0.366025 0.801529  2.90545  13.5467      200
0.367022 0.804419  2.90154 -3.92701      200
0.368053 0.807387   2.8779 -22.9055      200
0.369021 0.810152  2.85832 -20.2276      200
0.370022 0.813049  2.89058  32.2325      200
0.371022 0.815915  2.86898 -21.6026      200
0.372022 0.818784  2.86549 -3.48829      200
0.373013 0.821543  2.80976 -56.2726      200
0.374007 0.824411  2.86073  51.2673      200
0.375021 0.827273  2.82108 -39.1057      200
0.376023 0.830112  2.83634  15.2411      200
0.377005 0.832898  2.83452  -1.8595      200
0.378054 0.835935  2.90028  62.7216      200
0.379018 0.838665  2.82698 -76.0241      200
0.380023 0.841539   2.8597  32.5533      200
0.381005 0.844345  2.85747 -2.26731      200
0.382014 0.847178  2.83654 -20.7593      200
0.383007 0.850021  2.83358 -2.97527      200
0.384005 0.852864  2.84876  15.2087      200
0.385015 0.855701  2.80959 -38.7774      200
0.386024 0.858549  2.82468  14.9668      200
 0.38702 0.861363  2.82229 -2.39526      200
0.388053  0.86425  2.80028 -21.3187      200
0.389016 0.866969  2.81794  18.3463      200
0.390054 0.869869  2.79568 -21.4444      200
0.391018 0.872544  2.79609 0.418694      200
0.392006 0.875345  2.81211    16.22      200
0.393004  0.87811   2.7744 -37.7889      200
0.394004 0.880901  2.79063  16.2312      200
0.395012 0.883699  2.77041 -20.0564      200
0.396021  0.88649  2.76849 -1.89847      200
0.397022 0.889275  2.78485  16.3573      200
0.398055 0.892112  2.74569 -37.8807      200
0.399018 0.894774  2.76452  19.5612      200
 0.40001 0.897475  2.74624  -18.424      200
0.401003  0.90019  2.70954 -36.9377      200
0.40202 0.90296 2.72621 16.4027     200
  0.40302  0.905687    2.7256 -0.609582       200
0.404003 0.908351  2.70808 -17.8094      200
0.405011 0.911065  2.68957 -18.3771      200
0.406019 0.913752  2.67159 -17.8425      200
0.407026 0.916412  2.65416 -17.2998      200
0.408048 0.919193  2.70693  51.6039      200
0.409033 0.921767  2.65493  -52.812      200
0.410023 0.924457  2.67321  18.4678      200
 0.41102 0.927122  2.67383 0.618495      200
0.412008 0.929729  2.63931 -34.9396      200
0.413026  0.93235  2.58637 -52.0102      200
0.414021 0.934938  2.58854  2.18207      200
0.415025 0.937541  2.60856   19.937      200
0.416022 0.940139  2.59239  -16.235      200
0.417029 0.942721  2.57654 -15.7321      200
0.418064 0.945376  2.57738 0.805581      200
0.419023 0.947861  2.58161  4.42036      200
0.420024 0.950445  2.56572 -15.8782      200
0.421027 0.952973  2.53282 -32.7917      200
0.422005 0.955451  2.51905 -14.0846      200
 0.42301 0.957951  2.50485 -14.1277      200
0.424004 0.960462  2.50859  3.75963      200
0.425027 0.962978  2.47592 -31.9545      200
0.426021 0.965478  2.49802  22.2296      200
0.427019 0.967923  2.48494 -13.1074      200
0.428054 0.970472  2.43344 -49.7942      200
0.429022 0.972824  2.44037  7.16504      200
0.430022 0.975299  2.46299  22.6207      200
0.431005  0.97769  2.43284 -30.6665      200
0.432021 0.980113  2.38389 -48.1769      200
0.433007 0.982489  2.40849  24.9319      200
0.434006 0.984863  2.37869 -29.8484      200
0.435006 0.987269  2.40271  24.0063      200
0.436028 0.989675  2.37226 -29.7861      200
0.437021 0.992038  2.36084 -11.5105      200
0.438054 0.994441  2.33044 -29.4482      200
0.439014 0.996674  2.32163 -9.16758      200
0.440022 0.999021  2.32868  6.99714      200
0.441026 1.00136 2.33581 7.10459     200
0.442005  1.00363  2.30827 -28.1237      200
0.443004 1.00594 2.31603 7.77938     200
0.444004 1.00826 2.32351 7.47613     200
 0.44503  1.01054   2.2411 -80.3303      200
0.446022 1.01281 2.26794 27.0793     200
0.447021  1.01507  2.25867 -9.28392      200
0.448052  1.01736  2.23041 -27.4022      200
0.449002 1.01953 2.27735 49.4127     200
0.450021  1.02179  2.21362 -62.5303      200
0.451021  1.02396  2.16978 -43.8326      200
0.452003 1.02615 2.23437 65.7894     200
0.453053  1.02846  2.20581 -27.2158      200
0.454015  1.03057   2.1996 -6.45566      200
0.455039  1.03277  2.13704 -61.1012      200
0.456013 1.03487 2.14908 12.3652     200
0.45702 1.03704 2.15962 10.4613     200
0.458054  1.03924  2.13328 -25.4795      200
0.459032  1.04124  2.03853 -96.8628      200
0.460036 1.04332 2.06918 30.5269     200
0.461022 1.04537 2.08216  13.167     200
0.462007   1.0474   2.0593 -23.1948      200
0.463031  1.04948  2.05354 -5.62643      200
0.464023  1.05153  2.04838 -5.19795      200
0.465008  1.05351  2.00843 -40.5472      200
0.466021 1.05552 1.98594 -22.207     200
0.467007  1.0575 2.00054 14.8194     200
0.468053  1.05958  1.99478 -5.51403      200
0.469016  1.06143  1.92105 -76.5227      200
0.470023 1.06338 1.93616 15.0094     200
0.471021   1.0653  1.91565 -20.5412      200
 0.47203  1.06717  1.87772 -37.6008      200
0.473005    1.069  1.85893 -19.2684      200
0.474007 1.07088 1.87543 16.4696     200
0.475021 1.07274 1.83778 -37.122     200
0.476027  1.07457    1.819 -18.6696      200
0.477022 1.07635 1.78316 -36.029     200
0.478053  1.0782 1.80013 16.4554     200
0.479016 1.07996 1.81916 19.7613     200
0.480018  1.08171  1.74748 -71.5346      200
0.48103 1.08348 1.76615 18.4512     200
0.482004  1.08516    1.714 -53.5823      200
0.483003  1.08686  1.69786 -16.1482      200
0.48401 1.08857 1.69959 1.71811     200
0.485022  1.09027  1.68337 -16.0427      200
0.486022  1.09193     1.65 -33.3326      200
0.487022 1.09358 1.65295 2.94373     200
0.488051  1.09526   1.6371 -15.3925      200
0.489002 1.09681 1.62403 -13.753     200
0.490016  1.09843  1.60944 -14.3757      200
0.491012  1.10003  1.60115 -8.32469      200
0.492024  1.10162  1.56907 -31.6936      200
0.493004 1.10318 1.58604 17.3251     200
0.494005 1.10478 1.60205 16.0007     200
0.495015  1.10632  1.52257 -78.6806      200
 0.49602  1.10784  1.51598 -6.55465      200
 0.49702  1.10935  1.50967 -6.30797      200
0.498052   1.1109  1.50258 -6.87135      200
0.499025 1.11237 1.52127 19.1935     200
0.500024  1.1139 1.51461 -6.6642     200
0.501022  1.11538  1.48468 -30.0062      200
0.502025  1.11686  1.47892 -5.73621      200
0.503028   1.1183  1.44973 -29.1046      200
0.504005 1.11973 1.44519 -4.6509     200
0.505012  1.12115  1.41638 -28.6282      200
0.506022 1.12258 1.41175 -4.5741     200
0.507006  1.12396  1.40798 -3.83707      200
0.508062  1.12543   1.4025 -5.18376      200
0.509022  1.12678  1.39944 -3.19232      200
0.510022  1.12811  1.32415 -75.2958      200
0.511028 1.12946 1.34537 21.0924     200
0.512005  1.1308 1.36657 21.7035     200
0.513029  1.13216  1.33906 -26.8789      200
0.514021   1.1335  1.33628 -2.80229      200
0.515002 1.13481 1.33405 -2.2659     200
0.516022 1.13614 1.30709 -26.429     200
0.517031 1.13735 1.21011 -96.137     200
 0.518052   1.13859   1.20913 -0.951965       200
0.519016 1.13981 1.25719  49.871     200
 0.52002  1.14102  1.20847 -48.5171      200
0.521023 1.14226 1.23188 23.3357     200
 0.522005   1.14347   1.23164 -0.252442       200
 0.52302  1.14464  1.15948 -71.0769      200
0.524005 1.14581 1.18428 25.1738     200
0.525024  1.14699  1.16039 -23.4569      200
0.526031  1.14815  1.16116 0.770009      200
0.527005 1.14929 1.16227 1.13497     200
0.528055  1.15044  1.09077 -68.1227      200
0.529003  1.1515  1.1177 28.4062     200
0.530024 1.15267  1.1425 24.2741     200
0.531007   1.1537  1.04912 -94.9906      200
0.532007 1.15477 1.07576 26.6262     200
0.533005  1.15582   1.0545 -21.2968      200
0.534005 1.15684 1.00991 -44.605     200
0.535007 1.15784 1.01376 3.84439     200
0.536022 1.15888 1.01691  3.1014     200
0.537021  1.1599  1.0205 3.59712     200
0.538053 1.16098  1.0471 25.7661     200
0.539015   1.1619 0.955956 -94.7621      200
0.540022  1.16289 0.984324  28.1747      200
0.541024  1.16388 0.988481  4.14758      200
0.542007  1.16484 0.969237 -19.5765      200
0.543003  1.16576 0.926415 -42.9788      200
0.544014 1.16669 0.93174 5.27116     200
0.545016  1.16762 0.913091 -18.6101      200
0.546024  1.16854 0.918572  5.43613      200
0.547022  1.16944 0.900419 -18.1893      200
0.548051  1.17035 0.882111 -17.7875      200
0.549031  1.17122 0.888687  6.71079      200
 0.55002  1.17208 0.871282 -17.6034      200
0.551022  1.17296 0.877684  6.38596      200
0.552004  1.17381 0.860614 -17.3866      200
0.553064  1.17472 0.866441  5.49866      200
0.554004  1.17553 0.850031 -17.4514      200
0.555011 1.17639 0.85686 6.78032     200
0.556021  1.17721 0.816033 -40.4346      200
0.557008  1.17807 0.871216  55.9072      200
0.558055  1.17891 0.805804 -62.4965      200
0.559032  1.17966 0.766483 -40.2349      200
0.560021  1.18048 0.822582  56.7391      200
0.561022  1.18124 0.758866 -63.6149      200
0.562014  1.18201 0.791515  32.9181      200
0.563021  1.18283 0.799295  7.72708      200
0.564022  1.18361 0.783454  -15.827      200
0.565008  1.18439 0.791864  8.52915      200
 0.56602  1.18513 0.728592  -62.517      200
0.567008  1.18591 0.785466  57.5648      200
0.568053  1.18673 0.792947  7.16024      200
0.569003  1.18745 0.754273 -40.6843      200
0.570024  1.18823 0.762745  8.30225      200
 0.57103  1.18897 0.747686 -14.9678      200
0.572008  1.18972 0.756766   9.2805      200
0.573005  1.19044 0.718134 -38.7641      200
0.574007  1.19119 0.751285  33.0818      200
0.575024  1.19189 0.688764 -61.4846      200
0.576022  1.19254 0.651432 -37.4061      200
0.577005  1.19326 0.733595  83.5635      200
0.578054  1.19397 0.671002 -59.6935      200
0.579016  1.19462 0.681903  11.3224      200
0.580034  1.19532 0.691985  9.90828      200
0.580996  1.19598 0.678678 -13.8319      200
0.581997  1.19665 0.665225 -13.4386      200
0.583002  1.19737 0.723201  57.7192      200
0.584005  1.19806 0.685035 -38.0238      200
0.585018  1.19872 0.647591 -36.9705      200
 0.58602  1.19938 0.658452  10.8378      200
0.587026  1.20009 0.716546  57.7678      200
 0.58805  1.20077 0.654536 -60.5558      200
0.589025  1.20141 0.665767  11.5198      200
0.590006  1.20208 0.676371  10.8087      200
0.591008  1.20274  0.66295 -13.3928      200
0.592021  1.20338 0.625953 -36.5216      200
0.593009  1.20403 0.661201  35.6678      200
0.594002  1.20472 0.695537  34.5771      200
0.595026  1.20539 0.657815 -36.8371      200
0.596021  1.20604 0.644775 -13.1035      200
0.597023  1.20664  0.60834 -36.3945      200
0.59806 1.20733 0.66701 56.5311     200
0.599035    1.208 0.677815  11.0889      200
0.600003  1.20865 0.664686 -13.5568      200
 0.60102  1.20928 0.627626 -36.4458      200
0.602021  1.20992 0.638906  11.2757      200
0.603018 1.21057    0.65 11.1234     200
0.604007  1.21125 0.684677  35.0471      200
0.605022   1.2119 0.647212 -36.9305      200
 0.60602  1.21254 0.634421 -12.8067      200
0.607017  1.21313 0.598298 -36.2555      200
 0.60805  1.21379 0.633377  33.9646      200
0.609017  1.21443 0.668663  36.4708      200
0.610021  1.21512 0.679077  10.3773      200
0.611019  1.21571 0.594533 -84.6908      200
0.612007  1.21633 0.630309    36.21      200
0.613019  1.21691 0.570284 -59.3359      200
0.614022   1.2175 0.582654  12.3233      200
 0.61501  1.21811 0.618674   36.457      200
 0.61603   1.2187 0.582583 -35.3923      200
0.617011  1.21926 0.571242 -11.5659      200
 0.61805  1.21987 0.583134  11.4458      200
0.619012  1.22039 0.548284  -36.208      200
0.620019  1.22096 0.561057  12.6829      200
0.621019 1.22158 0.62107 60.0315     200
0.622004  1.22216 0.585256 -36.3624      200
0.623019  1.22272 0.549779 -34.9549      200
0.624003  1.22322 0.515354 -34.9773      200
0.625031  1.22383 0.599769  82.0911      200
 0.62602  1.22435 0.516793 -83.9022      200
0.627007  1.22494 0.601545  85.9055      200
 0.62805  1.22551 0.541732 -57.3298      200
0.629014  1.22604 0.555093  13.8651      200
0.630022  1.22657 0.520319 -34.5052      200
0.631005  1.22714 0.581313  62.0184      200
0.632002  1.22766  0.52242 -59.0523      200
0.633003   1.2282 0.535783  13.3611      200
0.634014  1.22872 0.525142 -10.5164      200
0.635007  1.22926 0.538439  13.3969      200
0.636021  1.22982 0.551323  12.7033      200
0.637022  1.23034  0.51669 -34.5947      200
0.638054  1.23086 0.506143 -10.2209      200
0.639016  1.23136 0.520204    14.62      200
0.640023   1.2319 0.533539  13.2382      200
0.641023  1.23242 0.522973 -10.5648      200
0.642009   1.2329 0.489051 -34.3993      200
0.643014  1.23343 0.526821   37.602      200
0.644005  1.23395  0.51639 -10.5221      200
0.645024  1.23451 0.553378  36.2982      200
0.646021  1.23498 0.471329 -82.2909      200
0.647021  1.23544 0.461996 -9.33739      200
0.648053  1.23598 0.523677  59.7479      200
0.649037  1.23646 0.489749 -34.4726      200
0.650007  1.23698 0.527698  39.1263      200
0.651021  1.23745 0.469757 -57.1677      200
0.652014  1.23788  0.43689 -33.0825      200
0.653022  1.23834 0.451806  14.8079      200
0.654025  1.23886 0.513952  61.9293      200
0.655012  1.23929 0.432757 -82.2403      200
0.656022  1.23978 0.495236  61.9074      200
0.657012  1.24029 0.509237  14.1438      200
0.658055 1.24083 0.52243 12.6484     200
0.659029 1.24131 0.48862 -34.681     200
0.660034  1.24177   0.4552 -33.2793      200
0.661031  1.24223 0.469993  14.8326      200
0.662003  1.24273 0.508286  39.3952      200
0.663018  1.24319 0.450674 -56.7902      200
 0.66402  1.24365 0.465439  14.7339      200
0.665019  1.24416 0.503638   38.238      200
 0.66602  1.24465 0.493654 -9.97258      200
0.667004   1.2451 0.460323 -33.8496      200
 0.66805   1.2456 0.474499  13.5531      200
0.669032  1.24606  0.46527 -9.40196      200
0.670033  1.24651 0.456121 -9.14118      200
0.671027  1.24698 0.470834  14.7955      200
0.672004  1.24743 0.461659 -9.38833      200
0.67301 1.24793 0.49994 38.0744     200
0.674006  1.24842 0.490013 -9.96077      200
0.675025  1.24889 0.456425 -32.9695      200
0.676025  1.24934 0.447386 -9.04427      200
0.677006  1.24979 0.462415  15.3228      200
0.678053  1.25029 0.476528  13.4742      200
 0.67903  1.25072 0.443713 -33.5856      200
0.680021 1.25118 0.45859 15.0141     200
 0.68101  1.25162 0.449671 -9.01665      200
0.682003  1.25201 0.393353 -56.6869      200
0.683012  1.25249 0.480375  86.3284      200
0.684004  1.25292 0.423458 -57.3315      200
0.685042  1.25334 0.414816 -8.32851      200
0.686042   1.2538 0.453972  39.1588      200
0.687011  1.25421 0.421537 -33.4672      200
0.688062  1.25469 0.460246  36.8333      200
0.689004  1.25514 0.475367  16.0512      200
0.690004  1.25565 0.513271  37.8979      200
0.691022  1.25609 0.431817 -80.0286      200
0.692055  1.25656 0.446705  14.4145      200
0.692986   1.2569 0.367237 -85.3327      200
0.694004  1.25734 0.430984  62.6166      200
0.695012  1.25774 0.398677 -32.0649      200
0.696021  1.25816 0.414425  15.6079      200
 0.69703  1.25861 0.453634  38.8596      200
0.698053  1.25904 0.420675 -32.2092      200
0.699021  1.25946 0.436358  16.1982      200
0.700041  1.25993 0.451214  14.5685      200
 0.70103  1.26032 0.394957 -56.8983      200
0.702024   1.2607 0.387167 -7.83223      200
0.703022  1.26113 0.426932  39.8543      200
0.704006  1.26156 0.442332  15.6508      200
0.705013  1.26202 0.457209  14.7758      200
 0.70603   1.2624 0.376968 -78.8927      200
0.707005  1.26281 0.417044  41.0881      200
0.708054  1.26329 0.455785   36.938      200
 0.70902  1.26365 0.375917 -82.7133      200
0.710021  1.26407 0.415881  39.9191      200
0.711021  1.26445 0.383939 -31.9439      200
0.712004  1.26485 0.400167  16.5041      200
 0.71302  1.26529 0.439525  38.7332      200
0.714021  1.26565 0.359691 -79.7444      200
0.715026   1.2661 0.447423   87.301      200
0.716054  1.26653 0.414558 -31.9607      200
0.716997  1.26696 0.454236  42.0788      200
0.718053  1.26735 0.373677   -76.29      200
0.719014  1.26775 0.413989  41.9445      200
0.720023  1.26818 0.429423  15.3008      200
0.721026  1.26861 0.420905 -8.49693      200
0.722007  1.26896 0.365295 -56.6671      200
0.723021  1.26933 0.357969 -7.22899      200
0.724015  1.26972 0.398399  40.6464      200
0.725023  1.27017 0.437785  39.0721      200
0.726022  1.27055 0.381718 -56.1649      200
0.727007  1.27089 0.350553 -31.6272      200
0.728053  1.27128 0.366999  15.7166      200
0.729002  1.27164 0.383812  17.7271      200
0.730022  1.27205 0.399763  15.6275      200
0.731006  1.27246 0.415683  16.1845      200
0.732005  1.27289 0.431176   15.516      200
0.733017  1.27329 0.398906 -31.8695      200
0.734005  1.27365 0.367315 -31.9668      200
0.735014  1.27404 0.383682  16.2289      200
0.736021  1.27444 0.399739  15.9401      200
0.737021  1.27481 0.368115 -31.6337      200
0.738054  1.27521 0.384303  15.6767      200
0.739017  1.27562 0.424389  41.6273      200
0.740022  1.27604 0.415942 -8.39705      200
0.741021 1.27647 0.43143 15.5146     200
0.742015  1.27684 0.375586 -56.1429      200
0.743004   1.2772 0.368163  -7.5108      200
0.744017  1.27757 0.360779 -7.28403      200
0.745024  1.27797 0.400989  39.9367      200
0.746033  1.27839 0.416691  15.5622      200
0.747036  1.27876 0.361002 -55.5075      200
0.748071  1.27922 0.448419  84.5215      200
0.748996   1.2796 0.416458 -34.5326      200
0.750004  1.28004 0.431859  15.2894      200
0.751016  1.28042 0.375862 -55.3028      200
 0.75202  1.28086 0.439435  63.3367      200
0.753006  1.28124 0.383433 -56.7921      200
0.754023 1.28167 0.42312 39.0294     200
0.755012  1.28208 0.414825 -8.38726      200
0.756022  1.28249 0.406536 -8.20752      200
0.757004  1.28288 0.398631 -8.04556      200
0.758054  1.28324 0.342971 -53.0345      200
0.759032  1.28357 0.336321 -6.79932      200
0.760046  1.28393 0.353341  16.7776      200
0.761021  1.28434 0.417572  65.9014      200
0.762021  1.28472 0.385597 -31.9698      200
 0.76302  1.28515 0.425385  39.8282      200
0.764023  1.28552 0.369531 -55.7118      200
0.765011   1.2859 0.386048  16.7096      200
0.766021  1.28626 0.354587 -31.1661      200
 0.76703  1.28661 0.347545 -6.97466      200
0.768053  1.28698 0.364165  16.2463      200
0.769017 1.28734 0.38103 17.5086     200
0.770023  1.28777 0.420733   39.443      200
0.771028  1.28811 0.341288 -79.0549      200
0.772019  1.28845  0.33455 -6.80208      200
0.773009  1.28882 0.375446  41.2829      200
0.774005  1.28918 0.368004 -7.47161      200
0.775022  1.28958 0.384298  16.0246      200
0.776021  1.28997 0.400411  16.1411      200
0.777004  1.29036 0.392608 -7.92994      200
0.778062  1.29076 0.384464 -7.69864      200
 0.77901  1.29112 0.377221 -7.64537      200
0.779978  1.29156 0.441011  65.8676      200
0.780972  1.29192 0.361197 -80.3176      200
0.781971  1.29229 0.377752  16.5686      200
0.782972  1.29264 0.346557 -31.1678      200
0.783978  1.29303 0.387087  40.3024      200
0.784989  1.29341 0.379323 -7.68011      200
0.785986  1.29378 0.371827 -7.51305      200
0.786995  1.29422 0.435579   63.199      200
0.787989  1.29458 0.355823  -80.278      200
0.788972  1.29494 0.372601  17.0632      200
 0.78997  1.29531 0.365244 -7.36939      200
0.790996  1.29567 0.357842 -7.21548      200
0.791992  1.29605 0.374484  16.7117      200
0.792972  1.29645 0.414624  40.9528      200
0.793976  1.29681 0.358991 -55.4125      200
0.794988  1.29717 0.351777  -7.1292      200
0.795992  1.29751 0.344825 -6.92115      200
0.796988  1.29788 0.361691  16.9322      200
0.797986  1.29823 0.354543 -7.16553      200
0.798977   1.2986 0.371316  16.9235      200
0.799973  1.29898 0.387679  16.4262      200
0.800972  1.29929 0.308888  -78.872      200
0.801973  1.29969 0.397599  88.6754      200
0.802987  1.30004 0.342202 -54.5938      200
0.803993  1.30037 0.335406 -6.76139      200
0.805017  1.30076 0.376031  39.6362      200
0.805995  1.30114 0.392437  16.7907      200
0.806988   1.3015 0.360989 -31.6609      200
0.807988  1.30188 0.377556  16.5678      200
0.808973   1.3022 0.322762 -55.6204      200
0.809987  1.30264 0.434809  110.501      200
0.810987  1.30299  0.35507 -79.7061      200
0.811973  1.30338 0.395557  41.0576      200
0.812971  1.30372 0.340325 -55.3686      200
0.813988  1.30408 0.357244  16.6312      200
0.814981  1.30448 0.397592  40.6516      200
0.815988  1.30485  0.36593 -31.4249      200
0.816987  1.30523 0.382399  16.4976      200
0.817987  1.30556 0.327411 -54.9523      200
0.818987  1.30593 0.368343  40.9249      200
0.819989  1.30624 0.313629 -54.6398      200
0.820991 1.30662 0.37852 64.7717     200
0.821973  1.30694 0.323735 -55.7593      200
0.822976   1.3073 0.364759  40.9002      200
0.823977  1.30769 0.381193  16.4156      200
0.824975  1.30804 0.349959 -31.3185      200
0.825992  1.30841 0.366622  16.3753      200
0.826972  1.30876 0.359493 -7.27505      200
 0.82797  1.30911 0.352388 -7.11858      200
0.828984  1.30951 0.392722  39.7767      200
0.829987  1.30992 0.408636  15.8739      200
 0.83099  1.31027 0.353138 -55.3044      200
0.831978  1.31059 0.322531 -30.9933      200
0.832988  1.31091 0.316044 -6.42322      200
0.833992  1.31127 0.357186  40.9599      200
 0.83499  1.31164 0.373828  16.6789      200
0.835985  1.31203 0.390155  16.4026      200
0.836986  1.31237 0.335009 -55.0847      200
0.837986 1.31272 0.35209  17.094     200
0.838991  1.31311 0.392524  40.1976      200
0.839987  1.31345 0.337331 -55.4219      200
0.840997  1.31381 0.354357  16.8668      200
0.841987  1.31418 0.371055  16.8598      200
0.842986  1.31452 0.340001 -31.0786      200
0.843993  1.31492 0.404368  63.9597      200
0.844975  1.31529  0.37277 -32.1602      200
0.845972  1.31568 0.389118  16.4079      200
 0.84697  1.31601 0.334012 -55.1882      200
0.847988  1.31637 0.350977  16.6598      200
0.848981  1.31668 0.320406 -30.7861      200
0.849999  1.31705 0.361368  40.2364      200
0.850991   1.3174 0.354249 -7.18002      200
0.851987  1.31773 0.323519 -30.8492      200
 0.85297  1.31809 0.364644  41.8252      200
0.853976  1.31842 0.333702 -30.7827      200
0.85499  1.3188 0.37439 40.0892     200
0.855988  1.31917 0.366991 -7.41888      200
0.856973  1.31947 0.312437 -55.3902      200
0.857988  1.31983 0.353539  40.4875      200
0.858993  1.32016 0.322839 -30.5501      200
0.859988  1.32054 0.387561  65.0376      200
0.860985  1.32092 0.379902 -7.67988      200
0.861972  1.32124 0.325062 -55.5728      200
0.862985  1.32157 0.318536 -6.44031      200
0.863991  1.32195 0.383323   64.392      200
0.864995  1.32233 0.375733 -7.56685      200
0.865987 1.32274 0.41573 40.3175     200
0.866971  1.32307 0.336489 -80.4946      200
0.867992  1.32341 0.329726 -6.62458      200
0.868987  1.32378 0.370612  41.0946      200
0.869986  1.32412 0.339573 -31.0779      200
 0.87099  1.32443 0.309143 -30.3029      200
0.871988  1.32473 0.303003 -6.15049      200
0.872986  1.32507 0.344436  41.5354      200
0.873991  1.32539 0.313883 -30.3818      200
0.874986  1.32572 0.331407  17.6181      200
0.875971  1.32604 0.324929 -6.57585      200
0.876975  1.32645 0.413338  88.0378      200
0.877985  1.32684 0.381321 -31.6943      200
0.878985  1.32721 0.373769 -7.55246      200
0.879985   1.3276 0.390076  16.3117      200
0.880971  1.32793 0.335037  -55.828      200
0.881968  1.32826 0.328424 -6.63598      200
0.882985  1.32864 0.369217  40.0793      200
0.883993  1.32897 0.338178  -30.792      200
0.884987  1.32933 0.355196  17.1212      200
0.885992   1.3297 0.371877  16.6033      200
0.886971  1.33001 0.317202 -55.8374      200
0.887987  1.33035 0.334524  17.0549      200
0.888972  1.33068 0.327999  -6.6218      200
0.889971    1.331  0.32151 -6.49488      200
0.890976  1.33134 0.338817  17.2262      200
0.891976  1.33167 0.332123 -6.69479      200
 0.89297  1.33199 0.325572 -6.58777      200
0.893974  1.33234 0.342812  17.1721      200
0.894999  1.33273 0.383316  39.5261      200
0.895988  1.33308 0.352041 -31.6386      200
0.896986  1.33342 0.345078 -6.97096      200
0.897987  1.33378 0.361944  16.8596      200
0.898971  1.33411  0.33118 -31.2658      200
0.899974  1.33448 0.372029  40.7159      200
0.900987  1.33488 0.388264  16.0337      200
0.901971  1.33525 0.380698 -7.68937      200
0.902971  1.33558 0.325746 -54.9431      200
0.903983   1.3359 0.319264 -6.40279      200
0.905002  1.33622 0.312792 -6.35437      200
0.905987  1.33657 0.354098  41.9189      200
0.906987  1.33691 0.347079 -7.01655      200
0.907986  1.33723 0.316514 -30.6113      200
0.908986  1.33759 0.357659  41.1587      200
0.909988  1.33789 0.303151 -54.3828      200
0.910986  1.33824 0.344561  41.4729      200
0.911972  1.33862 0.385262  41.2845      200
0.912993  1.33895 0.330113 -54.0195      200
0.913991  1.33932 0.370977  40.9444      200
0.914993  1.33962 0.292496  -78.356      200
0.915988  1.33995 0.334144  41.8608      200
0.916972  1.34027 0.327625 -6.62067      200
0.917987   1.3406 0.321041 -6.48644      200
0.918987  1.34091 0.314685 -6.35705      200
0.919986  1.34122  0.30846 -6.23124      200
0.920991  1.34152 0.302358 -6.07031      200
0.921978  1.34184 0.320164  18.0394      200
0.922987  1.34218 0.337428  17.1183      200
0.923977  1.34255 0.378253  41.2506      200
0.924993  1.34291  0.34694 -30.8156      200
0.925986  1.34322  0.31639 -30.7502      200
0.926971  1.34353 0.310224  -6.2629      200
0.927986  1.34391 0.375093  63.8838      200
0.928973   1.3442 0.296638 -79.5225      200
0.929985  1.34452 0.314393  17.5342      200
0.930983  1.34482 0.308253 -6.15483      200
0.931987  1.34511  0.27835 -29.7706      200
0.932989  1.34545 0.343966  65.4961      200
 0.93399  1.34574 0.289728 -54.1777      200
0.934978  1.34602 0.284064 -5.73496      200
0.935972  1.34632 0.302165  18.1975      200
0.936969  1.34669 0.367323  65.3808      200
0.937988  1.34705 0.359912  -7.2721      200
0.938992  1.34736 0.305378 -54.3311      200
0.939994  1.34771 0.346745  41.2907      200
0.940989  1.34804 0.339886 -6.88744      200
0.941987  1.34843 0.380563  40.7781      200
0.942975  1.34875 0.325726 -55.4902      200
0.943977  1.34909 0.342957  17.2036      200
0.944997  1.34948 0.383471  39.7215      200
0.945988  1.34981 0.328485 -55.4787      200
0.946975  1.35012 0.322083 -6.48662      200
0.947988  1.35047 0.339308  17.0117      200
0.948995   1.3508 0.332596 -6.66001      200
0.949993   1.3512 0.397103  64.6813      200
0.950992  1.35147 0.270723  -126.51      200
0.951972   1.3518 0.336581  67.1757      200
0.952969  1.35211 0.306222 -30.4487      200
0.953974  1.35248 0.371259  64.7491      200
0.954992   1.3528 0.316377 -53.9092      200
0.955993  1.35311 0.310101 -6.26606      200
0.956988  1.35346 0.351394   41.504      200
0.957993  1.35385 0.391865  40.2722      200
 0.95899  1.35417 0.312963 -79.1532      200
0.959986  1.35454 0.377909  65.1685      200
0.960985  1.35487 0.323017 -54.9616      200
0.961971  1.35518 0.316717 -6.39404      200
0.962968  1.35556 0.381581  65.0392      200
0.963976  1.35586 0.302855 -78.0795      200
0.964991  1.35624 0.367887   64.089      200
0.965987  1.35657 0.336909  -31.084      200
0.966979   1.3569 0.330337 -6.63051      200
0.967988  1.35725 0.347397  16.9034      200
0.968973  1.35759 0.340619  -6.8766      200
0.969987  1.35795 0.357485  16.6447      200
0.970987   1.3583 0.350406 -7.07868      200
0.971972  1.35864 0.343578  -6.9329      200
0.972986  1.35898 0.336674 -6.80549      200
0.973992  1.35936 0.377392  40.4796      200
0.974993  1.35966 0.298792 -78.4751      200
0.975999     1.36 0.340283  41.2578      200
0.976988  1.36028 0.286162 -54.7515      200
0.977987  1.36066 0.375325  89.2332      200
0.978986  1.36105 0.391608   16.292      200
0.979993  1.36136 0.312704 -78.3861      200
0.980988  1.36169 0.330232  17.6089      200
0.981971  1.36201 0.323803 -6.54331      200
0.982986  1.36228 0.269889 -53.0825      200
0.983978  1.36259 0.312016   42.505      200
0.985002  1.36293 0.329444  17.0193      200
0.985989  1.36327 0.346654  17.4229      200
0.986971  1.36358 0.316194 -31.0243      200
0.987987  1.36392 0.333544  17.0864      200
0.988986  1.36425  0.32694 -6.60776      200
0.989986  1.36457 0.320465 -6.47383      200
0.990988  1.36491 0.337821  17.3199      200
0.991972  1.36521 0.307519 -30.7958      200
0.992987  1.36554 0.325049  17.2802      200
0.993996  1.36593 0.389721  64.0659      200
0.994986  1.36626 0.334611 -55.6853      200
0.995986  1.36659 0.327979 -6.62884      200
0.996974  1.36693 0.345272  17.5069      200
0.997987   1.3672 0.267235 -77.0148      200
0.998971  1.36751 0.309455  42.9397      200
0.999974  1.36786 0.350728  41.1389      200
