          0 0.000145659   0.0124119           0           0
 0.00101614 0.000142755 -0.00290425    -15.0729         280
 0.00205684 0.000139805 -0.00284424   0.0576672         280
 0.00301623 0.000122655  -0.0178656    -15.6571         280
 0.00403643 0.000104827  -0.0175052    0.353283         280
 0.00503945 0.000117808   0.0129808      30.394         280
 0.00603938 0.000115468 -0.00234629    -15.3282         280
 0.00704837 9.79578e-05  -0.0173678    -14.8877         280
  0.0080328 8.11183e-05  -0.0170273    0.345855         280
 0.00899863 0.000108632   0.0285232     47.1618         280
  0.0100253 0.000121757   0.0128821    -15.2354         280
  0.0110257 0.000119339 -0.00244301    -15.3189         280
 0.0120707 0.00010106 -0.0174546   -14.3653        280
  0.0130205 9.91664e-05 -0.00204971     16.2181         280
  0.0140181 0.000127427   0.0281295     30.2535         280
  0.0150306 9.45351e-05   -0.032706    -60.0806         280
  0.0160086 7.78107e-05   -0.016995     16.0645         280
  0.0188446 7.35215e-05 -0.00126076     5.54806         280
  0.0200202 1.88879e-05  -0.0463629    -38.3638         280
   0.0210533 -2.75525e-05   -0.0454275     0.905374          280
   0.0220711 -4.25246e-05   -0.0143702      30.5139          280
    0.023042 -4.17126e-05  0.000979254      15.8105          280
  0.0240526 -2.5533e-05   0.0160265     14.8886         280
   0.0250447 -3.99104e-05   -0.0144301     -30.7003          280
   0.0260217 -6.87654e-05   -0.0292214     -15.1389          280
   0.0270395 -5.21414e-05    0.0165678       44.988          280
   0.0280344 -8.12531e-05   -0.0289694     -45.7696          280
   0.0290275 -6.47922e-05    0.0168118      46.1033          280
   0.0300536 -6.34963e-05    0.0014074     -15.0118          280
   0.0310271 -6.22516e-05   0.00137981   -0.0283422          280
   0.0320714 -4.51581e-05    0.0164135      14.3963          280
   0.0330417 -5.88539e-05   -0.0140502     -31.3941          280
   0.0340381 -2.74849e-05    0.0314368      45.6535          280
   0.0350256 -4.17658e-05    -0.014392     -46.4075          280
   0.0360351 -4.09273e-05  0.000964525      15.2125          280
   0.0370438 -2.49996e-05    0.0160146      14.9196          280
   0.0380609 -7.06391e-05   -0.0445753     -59.5716          280
  0.0390487 -9.8672e-05  -0.0286409     16.1317         280
   0.0400386 -0.000111839   -0.0130025      15.7978          280
   0.0410256 -0.000139241   -0.0278224     -15.0143          280
    0.042069 -0.000152149   -0.0121825      14.9905          280
   0.0430355 -0.000134725    0.0182004      31.4344          280
   0.0440409 -0.000116813    0.0178365     -0.36198          280
   0.0450401 -9.95506e-05    0.0174857    -0.351019          280
   0.0460682 -8.19559e-05    0.0171282    -0.347733          280
    0.047034 -3.68857e-05    0.0469526      30.8794          280
  0.0480452 9.41915e-06   0.0460155     -0.9268         280
  0.0490272 5.37264e-05   0.0451188   -0.913084         280
  0.0500178 8.27174e-05   0.0291579    -16.1119         280
 0.0510235 6.6011e-05 -0.0166286   -45.5292        280
  0.0520754 0.000112354    0.043964     57.6029         280
  0.0530415 0.000197042   0.0883553     45.9502         280
  0.0540235 0.000237898   0.0414108    -47.8027         280
  0.0550239 0.000308198   0.0707356     29.3129         280
  0.0560181 0.000377438    0.069335    -1.40872         280
  0.0570314 0.000460377   0.0830319     13.5174         280
  0.0580204 0.000526745    0.066315    -16.9035         280
  0.0590246 0.000651815    0.125283     58.7199         280
  0.0600209 0.000774787    0.122797    -2.49496         280
  0.0610259 0.000894951    0.120368    -2.41714         280
 0.0620542 0.00110985   0.208298    85.5109        280
 0.0630376 0.00128036    0.17411   -34.7632        280
 0.0640361 0.00148184   0.200787    26.7172        280
 0.0650411 0.00167834   0.196815    -3.9523        280
 0.0660455 0.00193195   0.253187    56.1222        280
 0.0670261 0.00217608   0.248253   -5.03131        280
 0.0680208 0.00244918   0.273482    25.3638        280
 0.0690258 0.00274698   0.298212    24.6085        280
   0.07005 0.00304813   0.292127   -5.94165        280
 0.0710413 0.00341926   0.376859     85.472        280
 0.0720663 0.00381504    0.38424    7.20179        280
 0.0730374 0.00423719   0.437187    54.5232        280
 0.0740366 0.00468331   0.443548    6.36649        280
 0.0750494 0.00514768   0.464914    21.0957        280
 0.0760365 0.00566418   0.515976    51.7318        280
 0.0770416 0.00624464   0.581118    64.8074        280
 0.0780356 0.00682867   0.584693    3.59632        280
 0.0790257 0.00745254   0.633576    49.3693        280
 0.0800185 0.00810239   0.651195    17.7471        280
 0.0810239 0.00883118   0.728717    77.1042        280
 0.0820513 0.00963014   0.774091    44.1671        280
0.0830338 0.0104173  0.804302   30.7475       280
 0.084044 0.0112862  0.863623   58.7233       280
0.0850415 0.0121485  0.861576  -2.05127       280
0.0860384 0.0130702  0.919828   58.4369       280
0.0870419 0.0140452     0.977   56.9722       280
0.0880399 0.015062  1.01795  41.0344      280
0.0890269 0.0161352    1.0885   71.4767       280
0.0900178 0.0172438   1.11223    23.943       280
0.0910225 0.0184096   1.16555   53.0719       280
 0.092068 0.0196861   1.21667   48.8948       280
0.0930445 0.0208933   1.25375   37.9771       280
0.0940373 0.0222064    1.3041   50.7156       280
0.0950277 0.0235846   1.39924   96.0553       280
0.0960529 0.0250278   1.40084   1.56249       280
0.0970309 0.0264361   1.44924   49.4884       280
0.0980377 0.0279985   1.54068    90.825       280
0.0990238 0.0295244   1.55597    15.504       280
 0.100018 0.0311383   1.61561   60.0021       280
 0.101042 0.0328115   1.64332   27.0493       280
 0.102078 0.0345512   1.68507   40.2837       280
 0.103035 0.0362584   1.77353   92.4326       280
 0.104035 0.0380642   1.79855   25.0216       280
 0.105043 0.0399231   1.85324   54.2592       280
0.106022 0.04177 1.87742 24.7128     280
 0.107041 0.0437274   1.93013    51.696       280
 0.108037 0.0456927    1.9673   37.3497       280
 0.109034 0.0476638   1.98897   21.7306       280
  0.11004 0.0497429    2.0546   65.1987       280
 0.111039 0.0518246   2.12015   65.6135       280
 0.112052 0.0540025   2.12229   2.11229       280
  0.11302 0.0561168   2.18716   67.0332       280
 0.114021 0.0583537   2.21885   31.6389       280
 0.115057 0.0606531   2.23391   14.5411       280
 0.116004 0.0628238    2.2669    34.851       280
0.117027 0.065177  2.32699  58.7534      280
 0.118021 0.0675202   2.34115   14.2328       280
 0.119429 0.0708673   2.38158    28.724       280
  0.12023 0.0727911   2.38874   8.93996       280
 0.121006 0.0747062   2.45744   88.4892       280
  0.12205 0.0773223   2.51225   52.5132       280
 0.123049 0.0798275   2.52313   10.8976       280
 0.124032 0.0823355   2.53395   11.0016       280
  0.12504 0.0849125   2.57414   39.9034       280
 0.126036 0.0875489    2.6285   54.5597       280
 0.127038 0.0901773   2.63689   8.37502       280
 0.12802 0.092818  2.67578   39.625      280
 0.129032 0.0955232   2.71337   37.1243       280
 0.130047 0.0983057    2.7033  -9.92919       280
0.131019 0.100942  2.72689  24.2772      280
0.132049 0.103782   2.7464  18.9456      280
0.133039 0.106542  2.81363  67.8979      280
0.134033 0.109374   2.8179  4.29971      280
0.135039 0.112181  2.80732 -10.5231      280
0.136033 0.115038  2.85722  50.2424      280
0.137021 0.117833  2.84687 -10.4794      280
0.138012 0.120712  2.89633   49.867      280
   0.139 0.123567   2.8694 -27.2486      280
0.139996 0.126449  2.88805   18.725      280
0.141022 0.129441  2.95061  60.9669      280
0.142065 0.132484  2.90452 -44.2052      280
0.143018 0.135273  2.94038  37.6037      280
0.144015 0.138224  2.94226  1.88634      280
0.145041 0.141272  2.98832  44.8816      280
0.146033 0.144256  2.98954  1.23251      280
0.147049 0.147301  3.03565  45.3993      280
0.148035 0.150318  3.02081 -15.0448      280
0.149042 0.153325  3.00619 -14.5244      280
0.150018 0.156311   3.0381  32.6907      280
0.151022 0.159358  3.05343  15.2558      280
0.152065 0.162537  3.03533 -17.3587      280
 0.15305 0.165557  3.08193    47.27      280
0.154035 0.168626   3.0968   15.094      280
0.155039 0.171751   3.1259  29.0072      280
0.156032 0.174797  3.07975 -46.4626      280
0.157039 0.177971  3.13864  58.4472      280
0.158034 0.181077  3.10664  -32.192      280
0.159042 0.184219  3.13541  28.5249      280
0.160034 0.187331  3.11866 -16.8918      280
0.161024 0.190414  3.13325  14.7404      280
0.162064 0.193729  3.17394    39.14      280
0.163035 0.196826  3.20359  30.5276      280
0.164036 0.200033  3.18493 -18.6337      280
0.165047 0.203194   3.1672 -17.5412      280
0.166034 0.206419  3.22503  58.6191      280
 0.16704 0.209625  3.20639 -18.5327      280
0.168019 0.212825  3.24935  43.8644      280
0.169023 0.216061  3.24548 -3.86142      280
0.170014 0.219299  3.24156 -3.95332      280
0.171038 0.222579  3.22142 -19.6562      280
0.172064 0.225955  3.27626  53.4806      280
0.173034 0.229098  3.25887 -17.9242      280
0.174044 0.232391  3.26636  7.42013      280
 0.17504 0.235644  3.25642 -9.98443      280
0.176034 0.238905  3.26025  3.86039      280
 0.17704 0.242193  3.29142  30.9962      280
0.178034 0.245446  3.25359 -38.0858      280
0.179024 0.248682  3.28579  32.5188      280
0.180016 0.251947  3.27559 -10.2744      280
0.181022 0.255213  3.26539 -10.1432      280
0.182048 0.258579  3.26712  1.68951      280
 0.18304 0.261788  3.27199  4.91302      280
0.184035 0.265073  3.26141 -10.6454      280
0.185038 0.268345  3.27895  17.4828      280
0.186034 0.271634  3.28222  3.28128      280
0.187022 0.274838  3.25933 -23.1712      280
0.188018  0.27809   3.2494 -9.97052      280
0.189044 0.281408   3.2521  2.63617      280
0.190035 0.284671  3.26983  17.8742      280
0.191041   0.2879  3.23248 -37.1567      280
0.192074 0.291184  3.19402 -37.2124      280
0.193033  0.29426  3.18764 -6.64778      280
0.194035 0.297471  3.19248  4.83321      280
0.195039 0.300682  3.21127  18.7064      280
0.196017 0.303844  3.21709  5.95582      280
0.197022 0.307063  3.22178  4.66759      280
0.198034 0.310319  3.19784 -23.6698      280
0.199026 0.313464  3.19006 -7.83673      280
0.200016 0.316646  3.19548  5.47743      280
0.201048 0.319918  3.21306   17.045      280
0.202064 0.323172  3.16127 -50.9653      280
0.203019 0.326159  3.14273 -19.4209      280
0.204035 0.329387  3.16119  18.1677      280
0.205076 0.332629  3.13753 -22.7137      280
0.206028 0.335675  3.17356  37.8816      280
0.207047 0.338896  3.16426 -9.11433      280
0.208016 0.341961  3.14416 -20.7551      280
0.209033  0.34509  3.12278 -21.0249      280
0.210035 0.348231  3.14299  20.1631      280
0.211027 0.351363  3.13548 -7.56765      280
0.212064 0.354621  3.12547 -9.66066      280
0.213048 0.357671   3.1196 -5.96067      280
0.214047 0.360802  3.11212  -7.4885      280
0.215039 0.363867  3.10597 -6.19891      280
0.216034 0.366956  3.08539 -20.6729      280
0.217041 0.370034  3.07897 -6.38728      280
0.218039 0.373133  3.08609  7.13188      280
0.219048 0.376225  3.10727  20.9956      280
0.220017 0.379287  3.11512  8.10097      280
0.221022 0.382364  3.08083 -34.0959      280
0.222064 0.385567  3.05798 -21.9327      280
0.223048 0.388563  3.06715  9.32685      280
0.224034 0.391633  3.08878  21.9351      280
0.225039 0.394699  3.06868 -19.9883      280
0.226034 0.397792  3.08984  21.2771      280
0.227039 0.400875  3.08332 -6.48244      280
0.228042 0.403922  3.04967   -33.55      280
0.229025  0.40691  3.03111 -18.8871      280
0.230015 0.409967  3.06695  36.1725      280
 0.23104 0.413069  3.04612 -20.3214      280
 0.23205 0.416155  3.03955 -6.50509      280
0.233017 0.419074  3.03633 -3.33316      280
0.234034 0.422202  3.05681  20.1471      280
0.235043 0.425249   3.0371 -19.5379      280
0.236016 0.428271  3.08756  51.8293      280
0.237047 0.431362  3.03906 -47.0755      280
0.238034 0.43444 3.07449 35.8788     280
0.239054  0.43752  3.04015 -33.6724      280
0.240034 0.440516   3.0354 -4.85137      280
0.241023 0.443497  3.03092 -4.52701      280
0.242065 0.446689  3.05013  18.4371      280
0.243019 0.449557  3.02007 -31.5183      280
0.244035 0.452634  3.01368 -6.28778      280
0.245041 0.455685  3.04966  35.7667      280
0.246047 0.458745  3.05755  7.84336      280
0.247022 0.461723   3.0392 -18.8099      280
0.248034 0.464796  3.01895 -20.0037      280
0.249042 0.467819  3.01365 -5.25497      280
0.250035 0.470822  3.00876 -4.92784      280
0.251026 0.473825  3.04568  37.2492      280
0.252064 0.476948  2.99653 -47.3565      280
0.253048 0.479928  3.04784   52.134      280
0.254048 0.482948  3.00079 -47.0668      280
0.255046 0.485929  3.02421   23.472      280
0.256033 0.488951  3.01892 -5.35303      280
0.257041 0.491995  3.04109  21.9931      280
0.258033 0.495011  3.02199 -19.2536      280
0.259028 0.498026  3.04473  22.8644      280
0.260017 0.501047  3.03947 -5.31978      280
0.261022 0.504064  3.02035 -19.0321      280
0.262067 0.507225  3.01227 -7.72791      280
0.263036 0.510131  3.00933 -3.03752      280
0.264042 0.513169  3.03161   22.153      280
0.265039 0.516181  3.01258 -19.0972      280
0.266038 0.519204  3.00729 -5.30158      280
0.267039 0.522184  2.98893  -18.337      280
0.268033 0.52519 3.01185 23.0848     280
0.269024 0.528166  3.02143  9.65767      280
0.270016 0.531163  3.00272 -18.8711      280
0.271021 0.534157  2.99799  -4.7107      280
0.272065 0.537296  2.99038 -7.28514      280
0.273041 0.540175  2.98797  -2.4734      280
0.274033 0.54319 2.99678 8.88393     280
 0.27504 0.546185  2.99204 -4.71257      280
0.276036 0.549162  2.97374 -18.3718      280
0.277042 0.552173  3.01051  36.5531      280
0.278033 0.555155  2.99208 -18.5774      280
0.279024 0.558099  2.98838 -3.73772      280
0.280048 0.561168  2.98215 -6.07894      280
0.281007 0.564041  2.99381   12.159      280
0.282058 0.567134  2.97316  -19.631      280
0.283046 0.570096  2.98303  9.99177      280
0.284034  0.57303  2.95165 -31.7624      280
0.285041 0.575998  2.96141   9.6935      280
0.286038 0.579002  2.99831   37.035      280
0.287022 0.581893  2.95385 -45.1562      280
0.288017 0.584898  3.00469  51.1019      280
 0.28904 0.587907  2.95785 -45.8057      280
0.290032 0.590871  2.96767  9.89715      280
0.291032 0.593821  2.99172  24.0599      280
0.292065 0.596927  2.97083 -20.2195      280
0.293037  0.59977  2.94126 -30.4372      280
0.294017 0.60271 2.97946 38.9492     280
0.295021 0.605639  2.93424  -45.036      280
0.296028 0.608621  2.94371  9.40497      280
 0.29702 0.611504   2.9273 -16.5494      280
0.298026 0.614479   2.9369  9.54784      280
0.299029 0.617402  2.93364 -3.25707      280
0.300025 0.620325  2.94429  10.6806      280
0.301041 0.623293  2.91222 -31.5907      280
0.302064 0.626269  2.89394 -17.8688      280
0.303033 0.62911 2.94805 55.8459     280
0.304018 0.631987  2.90387 -44.8246      280
0.305027 0.634924  2.92819  24.1043      280
0.306038 0.637871  2.89655 -31.3021      280
0.307068 0.640845   2.9062  9.36924      280
0.308005 0.64363 2.93645  32.269     280
0.309031 0.646564  2.91348 -22.3876      280
0.310016 0.649453  2.89144 -22.3926      280
0.311041 0.652504  2.99322  99.2823      280
0.312064 0.655537   2.9501 -42.1551      280
0.313036 0.658423  2.98253  33.3517      280
0.314034 0.661427  2.99447  11.9709      280
0.315038 0.664433  3.00636  11.8301      280
0.316036 0.667458  3.01788   11.548      280
 0.31707 0.670567  3.02769  9.48466      280
 0.31805 0.673488  2.98684  -41.706      280
0.319008 0.676403  3.01868  33.2493      280
0.320019 0.679487  3.04717  28.1773      280
0.321022 0.682554  3.07598  28.7091      280
0.322066 0.685734   3.0299 -44.1557      280
0.323048 0.688706  3.04246  12.7868      280
0.324039 0.691768  3.07136  29.1761      280
0.325041  0.69482  3.06418 -7.16968      280
0.326037 0.697901  3.07455  10.4106      280
0.327046 0.701009  3.12069  45.7149      280
0.328018 0.704058   3.0954 -26.0194      280
0.329041 0.707251  3.13983   43.429      280
0.330018 0.710332  3.13203 -7.97957      280
0.331037 0.713496  3.12259 -9.26795      280
 0.33207 0.716703  3.09412 -27.5773      280
0.333019 0.719621  3.08961 -4.74996      280
0.334034 0.72284 3.15168 61.1727     280
 0.33504 0.725965  3.12487 -26.6455      280
0.336041 0.729093  3.13429  9.41372      280
 0.33704 0.732246  3.14321  8.92953      280
0.338034 0.735359  3.11663 -26.7561      280
0.339073 0.73862  3.1597 41.4709     280
0.340021 0.741629   3.1352 -25.8371      280
0.341023 0.744763  3.16266  27.3882      280
0.342067 0.748048  3.13263  -28.787      280
0.343046 0.751091  3.12559 -7.17788      280
0.344047 0.754302  3.18782  62.1695      280
0.345048 0.757427  3.16098  -26.824      280
0.346018 0.760544  3.17063  9.94964      280
0.347021 0.763734  3.19694  26.2389      280
0.348033 0.766935  3.15043 -45.9535      280
0.349043 0.770093  3.14111 -9.23124      280
0.350034 0.773269  3.18587  45.1335      280
0.351026 0.776383  3.15925 -26.8558      280
0.352064 0.779686  3.16517  5.70117      280
0.353047 0.782788  3.17511   10.117      280
0.354043 0.78597 3.20159 26.5954     280
0.355042 0.789153  3.17359 -28.0276      280
0.356034  0.79229  3.14654 -27.2715      280
0.357039 0.795424  3.13768 -8.81637      280
0.358032 0.798554  3.12892 -8.81385      280
0.35904 0.80173 3.17367 44.4269     280
0.360033 0.804913  3.18199  8.37705      280
0.361023 0.808017  3.15558 -26.6756      280
0.362066 0.81131 3.14355 -11.536     280
0.363027 0.814303  3.15565  12.5882      280
0.364035 0.817554  3.18077   24.912      280
0.365039 0.820645  3.10017 -80.3136      280
0.366034 0.823811  3.16329  63.4226      280
0.367039 0.826998  3.18968  26.2612      280
0.368033 0.830143  3.14431 -45.6518      280
0.369025 0.833234  3.13631 -8.06828      280
0.370016 0.836371  3.14556  9.33832      280
0.371022 0.839511  3.13659 -8.92152      280
0.372073 0.842759  3.10729 -27.8686      280
0.373032 0.845819   3.1725  68.0068      280
0.374033 0.848984  3.14488 -27.5906      280
 0.37504 0.852158  3.17153  26.4608      280
0.376033 0.855299  3.14438 -27.3328      280
0.377039 0.858417  3.11771 -26.5143      280
0.378033 0.861547  3.12708  9.42425      280
0.379023 0.864634  3.13733  10.3602      280
0.380016 0.867739  3.11092 -26.5987      280
 0.38103 0.870859   3.1205  9.45004      280
0.382048 0.874046  3.09244 -27.5627      280
0.383033 0.877089  3.10355  11.2836      280
0.384034 0.880225  3.11284  9.27745      280
 0.38504 0.883311  3.08679 -25.8935      280
0.386035 0.886447  3.13237  45.7939      280
0.387022  0.88948  3.08926 -43.6865      280
0.388036 0.892616  3.08036 -8.76912      280
0.389043 0.895713  3.09042  9.98087      280
0.390041 0.898798  3.10071  10.3157      280
0.391023  0.90181  3.05801 -43.4686      280
0.392063 0.904997  3.04812 -9.50594      280
0.393032 0.907981  3.09672  50.1724      280
0.394034 0.911058  3.05271 -43.9337      280
0.395038 0.914136  3.08129  28.4779      280
0.396016 0.917123   3.0391 -43.1075      280
0.397021 0.92017 3.05016 11.0104     280
0.398039 0.923286   3.0417 -8.31527      280
0.399036 0.926284  3.05373  12.0651      280
0.400033 0.929349  3.02814 -25.6564      280
 0.40104 0.932374  3.02149 -6.60423      280
0.402064 0.935475  3.01331 -7.98378      280
0.403019 0.938354  3.02774  15.1146      280
0.404021 0.941395  3.02076 -6.97169      280
0.405035 0.944419    2.996 -24.4208      280
0.406033 0.947382  2.95429 -41.7719      280
0.407072 0.95048 3.00066 44.6399     280
0.408011 0.953305  2.99802 -2.81753      280
0.409022 0.956324   2.9915 -6.44553      280
0.410017 0.959327  3.00344  12.0083      280
0.411042 0.962366  2.97836 -24.4637      280
0.412064 0.965452  3.00682  27.8562      280
0.413049 0.968335  2.94858 -59.1484      280
0.414035 0.971261  2.94393 -4.71641      280
 0.41504 0.974235  2.97461  30.5152      280
0.416034 0.977167  2.93355 -41.3302      280
0.417032 0.980084  2.96537  31.8896      280
0.418036 0.983093  2.95904 -6.29989      280
0.419039 0.986026   2.9361 -22.8542      280
0.420035 0.988961  2.93128 -4.84175      280
 0.42104 0.991885  2.92667 -4.58132      280
0.422066 0.994878  2.90253 -23.5332      280
0.423051 0.997699  2.88183 -21.0059      280
0.424037 1.00061 2.93193 50.8327     280
0.425041  1.00352  2.90952 -22.3042      280
0.426046  1.00639  2.86966 -39.7014      280
 0.42704  1.00925  2.86633 -3.34726      280
0.428036 1.01213 2.88068 14.4145     280
0.429028  1.01495  2.86003 -20.8201      280
0.430019  1.01777  2.82136 -39.0111      280
0.431042 1.02063 2.81793 -3.3494     280
0.432055 1.02352  2.8323 14.1825     280
0.433022 1.02626 2.84948 17.7524     280
0.434036  1.02912  2.80978 -39.1831      280
0.435034 1.03194 2.86174 52.0636     280
0.436034  1.03476  2.78655 -75.1591      280
0.437043 1.03758 2.80233 15.6302     280
0.438037 1.04038 2.80619 3.88755     280
0.439073  1.04326  2.79648 -9.37391      280
0.440019 1.04596 2.81451 19.0579     280
0.441025  1.04875  2.80648 -7.98324      280
0.442065  1.0517 2.81952 12.5393     280
0.443053  1.05441  2.76469 -55.5436      280
0.444047 1.05724 2.85257 88.3572     280
0.445028  1.05999  2.79704 -56.6454      280
0.446022 1.06287  2.8839 87.3894     280
0.447042  1.06579  2.87335 -10.3401      280
0.448038 1.06868 2.88758 14.2989     280
0.449039 1.07157 2.90176 14.1678     280
 0.45004  1.07443  2.84389 -57.7966      280
0.451042 1.07731 2.88258 38.6022     280
0.452067 1.08024 2.84756 -34.141     280
0.453062 1.08304 2.86343 15.9614     280
0.454038  1.08588   2.8546 -9.05452      280
0.455043 1.08874 2.86925 14.5761     280
0.456018  1.09155  2.86092 -8.54028      280
0.457041  1.09445  2.85073 -9.96152      280
0.458047  1.0974 2.91213 61.0242     280
0.459054 1.10026 2.85435 -57.417     280
0.460046 1.10312 2.86913 14.8998     280
0.461039 1.10599 2.90789 39.0107     280
0.462095  1.10898   2.8474 -57.2779      280
0.463035 1.11171 2.88892 44.1453     280
0.464036 1.11463 2.90248 13.5508     280
0.465042 1.11753 2.89237  -10.05     280
0.466035 1.12043 2.90634 14.0675     280
0.467046  1.12325  2.82508 -80.3577      280
0.468035 1.12612 2.86391 39.2399     280
0.469042  1.12897  2.85462 -9.22972      280
0.470019 1.13184  2.9176 64.4625     280
0.471031  1.13472  2.88365 -33.5539      280
0.472069 1.13781  2.9422 56.4174     280
0.473052  1.14063  2.88527 -57.9335      280
0.474049 1.14356 2.92273 37.5691     280
0.475042  1.14642   2.8892 -33.7594      280
0.476036   1.1493  2.87946 -9.79377      280
0.477041 1.15219 2.89363 14.0902     280
0.478021  1.15498  2.83712 -57.6681      280
0.479025 1.15788 2.89959 62.2221     280
0.480027  1.16074  2.86594 -33.5963      280
0.481024  1.1636 2.85661 -9.3628     280
0.482058  1.16653  2.82156 -33.8903      280
0.483021 1.16925 2.83911 18.2284     280
0.484022 1.17208 2.80626 -32.801     280
0.485042 1.17489 2.77362 -31.995     280
0.486035  1.1777 2.81359  40.255     280
0.487042 1.18053 2.82893  15.242     280
0.488036 1.18333 2.79668 -32.448     280
0.489051  1.18612  2.78867 -7.89432      280
0.490035  1.18887  2.75721 -31.9688      280
0.491042 1.19163 2.74987  -7.292     280
 0.49207  1.19445   2.7412 -8.43514      280
0.493038  1.19705  2.68885 -54.0715      280
0.494036  1.19969  2.63539 -53.5714      280
0.495043 1.20235 2.65429 18.7583     280
 0.49602  1.20493  2.62632 -28.6056      280
0.497024 1.20752 2.59813  -28.09     280
 0.49803   1.2101  2.57019 -27.7661      280
0.499042  1.21266  2.51854 -51.0414      280
