         0 0.00532967 -0.0154099          0          0
0.00101066 0.00534478  0.0150347    30.1235        220
  0.00204611   0.00534443 -0.000337619      -14.846          220
0.00301147 0.00532954  -0.015406   -15.6091        220
0.00401998 0.00531429 -0.0150982   0.305175        220
 0.00502038  0.00531454 0.000269915     15.3619         220
  0.0060432   0.0053148 0.000264469 -0.00532372         220
0.00707006 0.00533054  0.0153246    14.6661        220
0.00805902 0.00533048 -4.781e-05    -15.544        220
  0.00901818   0.00533042 -4.69065e-05  0.000941956          220
 0.0100677 0.00531448 -0.0151075     -14.35        220
 0.0110028 0.00532884  0.0153313    32.5522        220
  0.0120652  0.00532881 -5.1141e-05     -14.479         220
 0.0130231 0.00531446 -0.0151274   -15.7378        220
    0.01405  0.00531472 0.000246983     14.9721         220
  0.0150356  0.00531497 0.000242223 -0.00482919         220
  0.0186601  0.00531583 0.000225239 -0.00468608         220
  0.0190685  0.00531592 0.000223425 -0.00443947         220
  0.0200341  0.00531614 0.000219124 -0.00445486         220
 0.0210233 0.00530153 -0.0148573    -15.241        220
0.0220678 0.0053337 0.0306381   43.5565       220
   0.0230198   0.00533358 -9.23651e-05     -32.2797          220
   0.0240507   0.00533345 -9.04728e-05    0.0018355          220
  0.025023 0.00531865 -0.0151623   -15.5017        220
 0.0260425 0.00534927  0.0303454    44.6383        220
 0.0270393 0.00531875 -0.0305343   -61.0734        220
 0.0280383 0.00530378 -0.0148577    15.6926        220
  0.0290251  0.00530424 0.000504347     15.5673         220
  0.0299981  0.00530469 0.000494549  -0.0100694         220
 0.0310037 0.00527496 -0.0296543   -29.9795        220
 0.0320277 0.00526056 -0.0139858    15.3011        220
 0.0330281 0.00526187 0.00136043    15.3401        220
 0.0340157 0.00529306  0.0314755    30.4953        220
0.0350068 0.0053233  0.030864 -0.616927       220
 0.0360107 0.00530808 -0.0149585   -45.6409        220
 0.0370293 0.00527791 -0.0297258   -14.4987        220
 0.0380127 0.00529373    0.01607    46.5652        220
 0.0390165  0.0052944 0.00068191   -15.3307        220
 0.0400128 0.00532522  0.0308075    30.2359        220
0.0409968 0.0053548 0.0302095 -0.607785       220
0.0420244 0.0053853  0.029593 -0.599946       220
  0.0430267  0.00538416 -0.00113182     -30.654         220
 0.0440176 0.00542772  0.0441048    45.6536        220
 0.0450158 0.00545589  0.0281612   -15.9715        220
 0.0460107 0.00549856  0.0426731     14.586        220
 0.0470142 0.00552531  0.0267585   -15.8591        220
 0.0480108 0.00553646   0.011159   -15.6529        220
 0.0490129 0.00559249  0.0561484    44.8964        220
 0.0499935 0.00566154  0.0701252    14.2531        220
 0.0509973 0.00573028  0.0687364   -1.38362        220
 0.0520265 0.00583086  0.0974622    27.9094        220
 0.0530257 0.00591028  0.0804854   -16.9902        220
 0.0540125 0.00597408  0.0638221    -16.886        220
 0.0550125 0.00611157   0.137913     74.096        220
 0.0559945 0.00621505   0.105078   -33.4348        220
 0.0569971 0.00634804   0.133139    27.9897        220
 0.0579994 0.00652442     0.1757    42.4624        220
 0.0589983 0.00671111   0.187302    11.6139        220
 0.0600064 0.00692738   0.213684    26.1723        220
 0.0610025 0.00719471   0.269775     56.309        220
 0.0620177 0.00746248   0.264365   -5.32867        220
  0.063015 0.00775178   0.289269     24.971        220
 0.0640161 0.00806639   0.313662    24.3661        220
 0.0650129 0.00837228   0.307482   -6.19935        220
0.0660121 0.0087199  0.346583   39.1317       220
 0.0670121 0.00907289   0.354825    8.24276        220
 0.0679979 0.00950682   0.438295    84.6667        220
0.0690157 0.010004 0.489758  50.5621      220
0.0700114 0.0105287  0.525279   35.6772       220
0.0710185 0.0110731  0.545028   19.6102       220
 0.072026 0.0116764  0.594346   48.9479       220
0.0730102 0.0122634  0.597859    3.5692       220
0.0740104 0.0129268  0.661331   63.4618       220
0.0750148 0.0136057  0.678364   16.9569       220
0.0759962 0.0143202  0.725416   47.9479       220
0.0769975 0.0151051   0.78643   60.9312       220
0.0780146 0.0159518  0.830832   43.6559       220
0.0790126 0.0168229  0.874729    43.984       220
0.0800166 0.0176971  0.872442   -2.2779       220
0.0810137 0.0185966  0.900394   28.0338       220
 0.082026 0.0195849  0.972688    71.414       220
0.0830119 0.0206101    1.0442   72.5419       220
0.0840092 0.0216951   1.08378   39.6855       220
0.0850103 0.0228155   1.12264   38.8182       220
0.0860102 0.0240262   1.20581   83.1723       220
0.0870128 0.0252659   1.24226   36.3574       220
0.0880232 0.0265295   1.24749   5.17152       220
0.0890162 0.0278085   1.29851   51.3801       220
0.0899942 0.0291555   1.36353   66.4853       220
0.0909979 0.0305961   1.44205    78.224       220
0.0920246 0.0321291   1.48797   44.7333       220
0.0930023 0.0336105   1.51953   32.2734       220
0.0940127 0.0351951    1.5644   44.4063       220
0.0950003 0.0367638   1.59419   30.1723       220
0.0960112 0.038426  1.63749  42.8364      220
0.0970168 0.0401198   1.69552   57.7015       220
0.0980327 0.0418981   1.75186   55.4526       220
0.0990286 0.043687  1.79259  40.8976      220
 0.100009 0.0454811   1.81783   25.7576       220
 0.100999 0.0473105   1.85773   40.3088       220
 0.102026 0.0492808    1.9102   51.0497       220
 0.103012 0.0512124   1.96341   53.9852       220
 0.103995 0.0531675    1.9854   22.3764       220
 0.105014 0.0552366   2.03587    49.521       220
 0.105999 0.0572972   2.08647   51.3925       220
  0.10701 0.0594311   2.13561   48.5952       220
 0.108012 0.0616013   2.15327   17.6192       220
 0.109016 0.0637939   2.20121   47.7695       220
 0.110024 0.0660752   2.24739   45.8048       220
 0.111008 0.0683086   2.27912   32.2315       220
 0.112015 0.0707002   2.35382   74.1733       220
0.113019 0.073033  2.33745 -16.3125      220
 0.114013 0.0754317   2.39661   59.5497       220
 0.115028 0.0778287   2.39431  -2.26562       220
 0.116013 0.0802496   2.45301   59.6127       220
 0.117016 0.0827292   2.47979   26.6984       220
    0.118 0.0852176   2.49101   11.4066       220
 0.119388 0.0887271   2.52814   26.7417       220
 0.120292 0.0910275   2.52774 -0.438378       220
 0.120964 0.0910275   2.52774         0       220
 0.122015 0.0953765   2.51728    -9.957       220
0.122996 0.097967  2.63402  118.932      220
0.124006 0.100627  2.62639 -7.55564      220
 0.12501 0.103322  2.69493   68.271      220
0.126016 0.106007  2.68678  -8.1007      220
0.127015 0.108729  2.70867   21.895      220
0.128006 0.111475  2.76078  52.5825      220
0.129001 0.114228  2.78202  21.3484      220
0.130002 0.117026  2.78699   4.9673      220
0.130998 0.119785  2.77734 -9.68458      220
0.132025 0.122696  2.82617  47.5524      220
0.133017 0.125505  2.84629    20.26      220
0.134022 0.128382  2.84965  3.34141      220
0.135017 0.131181  2.83921  -10.493      220
0.136006 0.134069  2.88848  49.7859      220
0.137019 0.136986  2.90641  17.7061      220
0.138019 0.139912  2.90878  2.37495      220
0.138997 0.142783    2.943  34.9898      220
0.139994 0.145761  2.97508  32.1793      220
0.140996 0.148701  2.94642  -28.589      220
0.142026 0.151775  2.97657  29.2658      220
0.143011 0.154673  2.94877 -28.2363      220
0.144001 0.157585  2.95142  2.67055      220
0.145018 0.160618  2.98239  30.4657      220
0.146011 0.163616  2.99869  16.4122      220
0.147028 0.166697  3.04407   44.624      220
0.148015 0.169668  2.99941 -45.2355      220
0.149027 0.17268 3.01543 15.8334     220
0.150012 0.17569 3.01612 0.69805     220
0.150996 0.178679  3.04795  32.3494      220
0.152025 0.181839    3.061  12.6788      220
0.153035 0.184896  3.06073 -0.26821      220
0.153995 0.187885  3.07717  17.1289      220
0.155014 0.191004  3.07566 -1.47872      220
0.155998 0.194075  3.10586  30.6617      220
0.157018 0.197225  3.10372 -2.09888      220
0.158013 0.200351   3.1328  29.2382      220
0.159015 0.203481  3.13105 -1.74667      220
0.159994 0.20657 3.14551 14.7764     220
0.160998   0.2097  3.12838 -17.0509      220
0.162018 0.212935  3.18604  56.5603      220
0.162997 0.216094  3.21445  29.0256      220
 0.16401 0.219312  3.16481 -48.9831      220
0.165015 0.222476  3.19312  28.1783      220
0.165998 0.225675  3.20536  12.4517      220
0.167006 0.228897  3.21712  11.6704      220
0.168018 0.232144  3.19767 -19.2309      220
   0.169 0.235273   3.1945  -3.2273      220
0.170011 0.238544  3.22601  31.1997      220
0.171006  0.24169  3.19035 -35.8378      220
0.172025 0.244987  3.20741  16.7425      220
  0.173 0.24815 3.25502 48.8327     220
0.174011 0.251456  3.25793   2.8805      220
0.175014 0.254677  3.22074 -37.0777      220
 0.17601 0.257926  3.25269    32.07      220
0.176999 0.261121  3.24392 -8.87283      220
0.178015 0.264412  3.23319 -10.5617      220
0.179016 0.267646  3.23757  4.36633      220
0.180016 0.270868  3.22825 -9.32464      220
0.180997 0.274035  3.22001 -8.38973      220
0.182025 0.277345  3.20893 -10.7799      220
0.183028 0.280528  3.18646 -22.3996      220
0.184023 0.283757  3.23275  46.5448      220
0.185014 0.286915  3.19684 -36.2396      220
0.186011 0.290106  3.18814 -8.72297      220
0.187014 0.293296  3.19341  5.24833      220
0.187998 0.296436  3.18572 -7.81715      220
0.189005 0.299597   3.1637  -21.864      220
0.189994 0.302746  3.15584 -7.94709      220
0.190995 0.305945  3.20274  46.8393      220
0.192024 0.309222  3.17837 -23.6922      220
0.193012 0.312329  3.15742 -21.2056      220
0.193993 0.315448  3.16412  6.82122      220
0.194996 0.318573  3.12886  -35.143      220
0.196014 0.321746   3.1066 -21.8837      220
0.197011 0.324877  3.14094  34.4364      220
 0.19803 0.328061  3.14632  5.28379      220
0.199028   0.3312  3.13869 -7.64609      220
0.200007 0.334285  3.13213 -6.70181      220
0.200997 0.337376  3.13937  7.32613      220
0.202024 0.340586  3.11635 -22.4142      220
0.203012 0.343663  3.12389  7.63333      220
0.204009 0.346769  3.10298  -20.965      220
0.205014 0.349871  3.09607 -6.87396      220
0.206009 0.352971  3.10316  7.12293      220
0.207017 0.356078   3.1101  6.88632      220
0.208012 0.359184  3.10311 -7.02973      220
0.208998 0.362231  3.09732 -5.87838      220
0.210008 0.365365  3.08979 -7.44836      220
0.210995 0.368409  3.09798  8.29898      220
0.212023 0.371598  3.08935 -8.39324      220
0.212997 0.374592  3.08461 -4.86703      220
 0.21401 0.377719  3.07722 -7.29547      220
0.215013 0.380818  3.09828  20.9893      220
0.216014 0.383876  3.06438 -33.8673      220
0.217029 0.387013  3.08467  19.9782      220
0.218027 0.390064  3.05091 -33.8499      220
0.219015 0.393093  3.07335  22.7083      220
0.219994 0.396109  3.06819 -5.27095      220
0.220995 0.399178  3.07589  7.68758      220
0.222024 0.402346   3.0677 -7.96121      220
0.222996 0.405313   3.0635 -4.31733      220
0.224008 0.408416   3.0566   -6.819      220
0.225017 0.411439  3.02341 -32.9082      220
0.226009 0.414501  3.05914  35.9958      220
0.227013 0.417584   3.0805  21.2879      220
0.228012 0.420604   3.0195 -61.0708      220
0.228995 0.423615  3.07019  51.5442      220
0.229993 0.426716  3.09121  21.0644      220
0.230995  0.42977  3.05739 -33.7455      220
0.232024 0.432915  3.04963 -7.54156      220
0.232998 0.435895  3.07307  24.0737      220
0.234015 0.438983  3.03857 -33.8917      220
0.235013 0.442013  3.03313 -5.45797      220
0.236009 0.445084  3.06868   35.662      220
0.237026 0.448169  3.04818 -20.1533      220
0.238024 0.451184  3.01516 -33.1188      220
0.238997 0.45414 3.03907 24.5571     220
0.239994 0.457171  3.03362  -5.4718      220
0.240996 0.460193  3.02833 -5.27581      220
0.242025 0.463315  3.02105  -7.0728      220
0.243017 0.466323  3.05786  37.1107      220
0.243994  0.46932  3.03914 -19.1429      220
0.245011 0.472378  3.01919 -19.6228      220
0.246009 0.475439  3.05495  35.8157      220
0.247027 0.478544  3.06194  6.86662      220
 0.24801 0.481515  3.01587 -46.8901      220
0.249012 0.484523  3.03875  22.8352      220
 0.25001 0.487616  3.05992   21.214      220
0.250998 0.490598  3.02755  -32.756      220
0.252031 0.493679  2.99321 -33.2476      220
0.253019 0.496666  3.03044  37.6697      220
0.254025 0.499719   3.0106 -19.7436      220
0.255012 0.502694   3.0202  9.72683      220
 0.25601 0.505698  3.00134 -18.9004      220
0.257013 0.508723   3.0239  22.4715      220
0.258013 0.511722  2.99119 -32.7214      220
0.258998 0.514666  3.00141  10.3766      220
0.259992 0.517684  3.02409  22.8255      220
0.261001 0.520689  3.00521 -18.7105      220
0.262009 0.523738  2.99941 -5.75776      220
0.263011 0.526746  3.00835  8.92572      220
 0.26401 0.529755  3.00332 -5.03266      220
0.265013 0.53274 2.98486 -18.403     220
 0.26601 0.535761  3.02142  36.6874      220
0.267018 0.538748  2.97502 -46.0286      220
 0.26801 0.541705  2.97106 -3.99295      220
0.268999 0.544643  2.98139  10.4402      220
0.269998 0.547615  2.97714 -4.26004      220
0.270996 0.550574  2.95919 -17.9932      220
0.272025 0.553648  2.98076  20.9595      220
0.273027 0.556605  2.96285 -17.8628      220
0.274009 0.559539  2.97327  10.6184      220
0.274998 0.56248 2.98356 10.3991     220
0.275992 0.565437  2.96565 -18.0206      220
0.276995 0.568412  2.97526  9.57694      220
0.278014 0.571453  2.98356  8.14217      220
0.279074  0.57438  2.93837 -42.6457      220
0.280035 0.577417  2.97463  37.7044      220
0.281026 0.580357  2.98495  10.4142      220
0.282065 0.583439  2.95058 -33.0632      220
0.283018 0.586246  2.96354  13.6018      220
0.284015 0.589242  2.98667  23.1872      220
0.285023 0.592203  2.95474  -31.683      220
0.286014 0.595132   2.9374 -17.4942      220
 0.28702 0.598055  2.92019 -17.1127      220
0.288024 0.601002  2.94429  24.0119      220
0.289029 0.603963  2.94026 -4.01851      220
0.290016 0.606906  2.96444  24.4889      220
0.291021 0.609823  2.91947 -44.7533      220
0.292048 0.612846  2.92813  8.43093      220
0.293019 0.615672  2.92678 -1.39131      220
 0.29402 0.618602  2.90943 -17.3361      220
0.295019 0.621508  2.92043   11.005      220
0.296034 0.624494  2.92983  9.26054      220
0.297034 0.627339  2.88629 -43.5686      220
0.298034 0.630263  2.88301 -3.28562      220
 0.29907 0.633226  2.87893 -3.93792      220
0.300019 0.636014  2.92016  43.4644      220
0.301025 0.638893  2.87595 -43.9384      220
0.302064 0.641891  2.87116 -4.60721      220
0.303046 0.644721  2.89634  25.6324      220
0.304034 0.647613  2.91051  14.3538      220
0.305038 0.650478  2.87078  -39.539      220
0.306042 0.653405  2.92058  49.6257      220
 0.30704 0.656321  2.91614 -4.45096      220
0.308018 0.659204   2.9305  14.6953      220
0.309024 0.662184  2.97923  48.4411      220
0.310016 0.665186  3.00933  30.3424      220
0.311025 0.668148   2.9495 -59.2907      220
0.312052 0.67122 2.97825 27.9923     220
0.313034 0.674101  2.95634 -22.3216      220
0.314036 0.677118  2.98617  29.7627      220
0.315048 0.680095  2.98048 -5.62098      220
0.316033 0.683135  3.04614  66.6807      220
0.317038 0.686189  3.05706  10.8666      220
0.318036 0.689233  3.03187 -25.2178      220
0.319029 0.692255  3.06159  29.9465      220
0.320017 0.695273  3.03692 -24.9708      220
 0.32102 0.698329  3.06594  28.9183      220
0.322065 0.701574  3.09122   24.199      220
0.323027 0.704558  3.10351  12.7806      220
0.324045 0.707694  3.09464 -8.71264      220
0.325041 0.710771  3.08692 -7.74663      220
 0.32602 0.713805   3.0801 -6.97013      220
0.327023 0.716904  3.10826  28.0812      220
0.328027 0.720034  3.09948  -8.7378      220
0.329033 0.7232 3.1626 62.745    220
0.330024 0.726305  3.11802 -44.9623      220
0.331025 0.729435  3.14557  27.5196      220
0.332066 0.732733  3.15158  5.77389      220
0.333031 0.735747  3.16329  12.1318      220
0.334037 0.738939  3.13511 -28.0298      220
0.335042 0.742029  3.09083 -44.0636      220
0.336035 0.74518 3.15425 63.8035     220
0.33704 0.74834 3.16303 8.74061     220
0.338038 0.751488  3.13574 -27.3402      220
0.339043 0.754648  3.16268  26.8288      220
 0.34002 0.757731  3.13671 -26.5747      220
0.341024 0.76087 3.14589 9.15598     220
0.342078 0.764197   3.1695  22.3947      220
0.343039 0.767237  3.14439 -26.1286      220
0.344021 0.770364  3.17197  28.0938      220
0.345025 0.773523  3.16261 -9.32141      220
 0.34604 0.776721  3.13433 -27.8765      220
0.347026 0.779822  3.16243  28.4957      220
0.348021 0.782979  3.15312 -9.35363      220
0.349043 0.786208  3.17866  24.9907      220
0.350039 0.789399  3.18682  8.19753      220
0.351049 0.792555  3.15937  -27.155      220
0.352068 0.795817  3.16611  6.61525      220
0.353037 0.798861  3.15906 -7.27831      220
0.354036 0.802024  3.14962 -9.44931      220
0.355042 0.805203  3.17617  26.3676      220
0.356019 0.808299  3.14993 -26.8563      220
0.357028 0.811503  3.19413  43.8383      220
 0.35802 0.814642  3.14886 -45.6431      220
0.359044 0.817823  3.12092  -27.288      220
0.360044 0.820932  3.11256 -8.34769      220
0.361027 0.82404 3.15869 46.9364     220
0.362052 0.827264  3.12987 -28.1156      220
 0.36304  0.83033  3.12238 -7.57673      220
0.364035 0.833468   3.1316  9.26277      220
0.365045 0.836621  3.14052  8.83304      220
0.366022 0.839718  3.15057  10.2793      220
0.367073 0.843014  3.15663  5.76189      220
0.368017 0.846008  3.13245 -25.6187      220
0.369049 0.849193  3.14073  8.02805      220
0.370037  0.85231  3.11405 -26.9762      220
0.371027 0.855437  3.17795  64.5461      220
0.372068 0.858709  3.13001 -46.0789      220
0.373023 0.86171  3.1601 31.5221     220
0.374039 0.864914   3.1317 -27.9563      220
0.375045 0.868094  3.17638    44.41      220
0.376022 0.871169   3.1324 -44.9928      220
0.377054  0.87437  3.12221 -9.87241      220
0.378067 0.877479  3.07757 -44.0966      220
0.379027 0.88046 3.08993 12.8733     220
0.380037 0.883603  3.09907  9.05006      220
0.381044 0.886753  3.14435  44.9451      220
0.382068 0.889921  3.08036 -62.5059      220
0.383051 0.892947  3.09183  11.6598      220
0.384051 0.896065  3.10146  9.64167      220
0.385045 0.899124  3.09411 -7.39513      220
0.386024 0.902217  3.14054  47.4265      220
0.387033 0.905262  3.06087  -78.978      220
0.388024 0.908349  3.07112  10.3445      220
 0.38904 0.911479  3.09867  27.1127      220
0.390035 0.914552  3.07291 -25.9094      220
0.391026 0.917575  3.06629 -6.68185      220
0.392068 0.920776  3.05611 -9.76583      220
0.393021 0.923651  3.03432 -22.8585      220
0.394037 0.926797  3.07972  44.6895      220
0.395001 0.929751  3.05633 -24.2489      220
0.396044 0.932918    3.065  8.31269      220
0.397043 0.935979  3.05762 -7.38453      220
0.398038 0.938961  2.97923  -78.754      220
0.399025 0.941917  3.01027  31.4719      220
0.400028 0.944942  3.00362  -6.6285      220
0.401048 0.947984  2.99664 -6.84201      220
0.402067 0.951045  2.98926 -7.23908      220
0.403035 0.953919  2.98564 -3.73789      220
0.404036 0.956938  2.99728  11.6293      220
0.405046 0.959885   2.9559 -40.9856      220
0.406034 0.962856  2.96849  12.7433      220
 0.40704 0.965805  2.94523 -23.1106      220
0.408035 0.968745   2.9403 -4.95857      220
0.409025 0.971651  2.95419  14.0321      220
0.410018 0.974544  2.89575 -58.8345      220
0.411028 0.977525  2.98075  84.2054      220
0.412068 0.980588  2.91888  -59.481      220
0.413025 0.983378   2.9351   16.952      220
 0.41406 0.986384  2.91071 -23.5653      220
0.415042 0.989252  2.90721 -3.55662      220
0.416036 0.992135  2.88528  -22.072      220
0.417042 0.995016  2.88153 -3.72526      220
0.418036 0.99793 2.91345 32.0788     220
0.419028  1.00075  2.85655 -57.3928      220
0.420018 1.00361  2.8714  14.994     220
0.421024  1.00647  2.86798 -3.39809      220
0.422068  1.00946  2.84395 -23.0052      220
 0.423043    1.0122   2.84309 -0.883305       220
0.424035 1.01509 2.87548 32.6292     220
0.425042  1.01792  2.83629 -38.9279      220
0.426037  1.02071  2.78007 -56.4981      220
0.427073  1.0236 2.81238 31.1863     220
0.428024  1.02628  2.77653 -37.7005      220
0.429027  1.02903  2.77537 -1.15747      220
0.430018 1.03178 2.75618 -19.362     220
0.431024   1.0345  2.71939 -36.6017      220
0.432078 1.03731 2.68066 -36.724     220
0.433053  1.03992  2.66433 -16.7446      220
0.434036  1.04252   2.6299 -35.0217      220
0.435044  1.04512  2.59551 -34.1308      220
0.436038  1.04768  2.56191 -33.8008      220
0.437044 1.05027 2.58236 20.3258     220
0.438037 1.05279 2.53128 -51.454     220
0.439026  1.05526  2.50571 -25.8594      220
0.440018  1.05775  2.50366 -2.07301      220
0.441031  1.06016  2.40661 -95.7953      220
0.44207 1.06276 2.47503 65.8341     220
0.443036  1.06505  2.38048 -97.8725      220
0.444019 1.06745  2.4287 49.0398     220
 0.445024   1.06988   2.42807 -0.624893       220
0.446039  1.07233   2.4027 -24.9864      220
0.447041   1.0747  2.37901 -23.6533      220
0.448036  1.07706  2.35557 -23.5388      220
0.449043  1.07939  2.33258 -22.8428      220
0.450044 1.08173 2.33386 1.27216     220
0.451025  1.08397  2.28842 -46.3224      220
0.452069  1.08632  2.24095 -45.4679      220
0.453022 1.08845 2.24626  5.5727     220
0.454036  1.09072  2.22461 -21.3461      220
0.455041  1.09293  2.20427 -20.2351      220
0.456035  1.09511  2.18436 -20.0412      220
0.457041  1.09728  2.16482 -19.4239      220
 0.45804  1.09938  2.09804 -66.8184      220
0.459034  1.1015 2.15212  54.435     220
0.460018 1.10357 2.08593 -67.252     220
0.461025  1.10565  2.06828 -17.5231      220
0.462053 1.10783 2.12084 51.1056     220
0.463038  1.10985  2.05584 -65.9638      220
0.464034  1.11187  2.01512 -40.8837      220
0.465043  1.11385   1.9751 -39.6839      220
0.466039  1.11581  1.95963 -15.5343      220
0.467043 1.11778 1.96835 8.69276     220
0.468081  1.11977  1.92803 -38.8461      220
 0.46903   1.1216  1.91538 -13.3215      220
0.470017  1.12344  1.85397 -62.1847      220
0.471023 1.12531 1.86464 10.6047     220
0.472069  1.12715  1.75483 -105.002      220
0.473037 1.12892 1.83991 87.8213     220
0.474037  1.13071  1.77956 -60.3551      220
0.475042  1.13245  1.74435 -35.0206      220
0.476018  1.13411  1.68672 -59.0645      220
0.477062  1.13583  1.67606 -10.2108      220
0.478002 1.13748 1.71536 41.8312     220
0.479023  1.13918    1.681 -33.6532      220
0.480033  1.14088  1.67092 -9.97097      220
0.481038  1.14249  1.61416 -56.5028      220
0.482066  1.14415  1.60488 -9.01803      220
 0.48307  1.14574  1.59688 -7.97901      220
 0.48405  1.14721  1.49453 -104.445      220
0.485057 1.14875 1.53603    41.2     220
0.486044  1.15024  1.50601 -30.4047      220
 0.48704  1.15171  1.47627 -29.8789      220
0.488036 1.15325 1.54181 65.7504     220
0.489026  1.15472  1.48805 -54.3239      220
0.490018  1.15615  1.43493 -53.5275      220
0.491024 1.15763 1.47764 42.4903     220
0.492068  1.15915    1.447 -29.3522      220
0.493023  1.16047  1.39602 -53.3652      220
0.494071 1.16196 1.41434 17.4879     220
0.495011  1.16328   1.4118 -2.69629      220
0.496037  1.16473  1.40669 -4.98212      220
0.497042  1.16614  1.40257 -4.09645      220
0.498038  1.16751  1.37477 -27.9322      220
0.499027 1.16888  1.3954 20.8576     220
