          0 -0.00717985  -0.0240822           0           0
 0.00101638 -0.00717323    0.006536     30.1248         150
 0.00202394 -0.00716674  0.00640491   -0.130109         150
 0.00301576 -0.00716052  0.00627947   -0.126474         150
 0.00403571 -0.00715425  0.00615291   -0.124087         150
 0.00500941 -0.00716304 -0.00903942    -15.6027         150
 0.00600553 -0.00715682  0.00620932     15.3082         150
 0.00706768 -0.00711905   0.0362076     28.2428         150
 0.00805354 -0.00711371  0.00535126    -31.2989         150
 0.00901818 -0.00707977   0.0354012     31.1515         150
  0.0100353 -0.00704435   0.0346857   -0.703474         150
  0.0110188 -0.00704056  0.00386671    -31.3368         150
  0.0120599 -0.00703661  0.00378673   -0.076812         150
  0.0130298 -0.00703303  0.00371436  -0.0746214         150
  0.0140307 -0.00705972   -0.026497    -30.1847         150
  0.0150244 -0.00702582   0.0343075     61.1882         150
   0.018661 -0.00706677  -0.0121397    -12.7721         150
  0.0190389 -0.00707686  -0.0272078    -39.8739         150
  0.0200133 -0.00707247  0.00346472     31.4778         150
  0.0210228 -0.00708316  -0.0116733     -14.996         150
  0.0220623 -0.00709405  -0.0114323    0.231842         150
  0.0230339 -0.00708936  0.00386131     15.7413         150
    0.02402 -0.00709961  -0.0112854    -15.3602         150
  0.025038 -0.0070946 0.00400857    15.0228        150
  0.0260324 -0.00710484  -0.0111404    -15.2336         150
  0.0270264 -0.00709988  0.00414864     15.3818         150
  0.0280454 -0.00709477  0.00406406   -0.083008         150
  0.0290263 -0.00711962  -0.0261596    -30.8136         150
  0.0300312 -0.00714453   -0.025639    0.517968         150
  0.0310242 -0.00715363  -0.0100666      15.682         150
  0.0320604 -0.00717875  -0.0249224    -14.3373         150
  0.0330639 -0.00717224  0.00570997     30.5254         150
  0.0340471 -0.00716592  0.00559814   -0.113736         150
  0.0350504 -0.00717471 -0.00958248    -15.1312         150
  0.0360217 -0.00716846  0.00567582     15.7089         150
  0.0370169 -0.00719223  -0.0245763    -30.3993         150
   0.038012 -0.00720052 -0.00901962     15.6324         150
  0.0390251 -0.00720869 -0.00883998    0.177329         150
   0.040031 -0.00721674 -0.00866284    0.176101         150
  0.0410209 -0.00720958  0.00657807     15.3962         150
   0.042062 -0.00720212   0.0064419   -0.130791         150
  0.0430462 -0.00719528    0.006317   -0.126905         150
  0.0440326 -0.00718848  0.00619278    -0.12594         150
  0.0450435 -0.00719683 -0.00899957    -15.0286         150
  0.0460312 -0.00720502 -0.00882134     0.18044         150
  0.0470381 -0.00721306 -0.00864651    0.173639         150
   0.048032 -0.00722092 -0.00847547    0.172077         150
  0.0490375 -0.00722863 -0.00830762     0.16695         150
  0.0500157 -0.00722124  0.00692637      15.573         150
  0.0510228 -0.00719879   0.0218587     14.8273         150
  0.0520649 -0.00719155  0.00634303    -14.8884         150
  0.0530319 -0.00718502  0.00622203    -0.12512         150
  0.0540395 -0.00717834  0.00609823   -0.122878         150
 0.0550354 -0.0071568  0.0210477    15.0114        150
  0.0560336 -0.00715069  0.00556019    -15.5145         150
  0.0570211 -0.00713003   0.0205244     15.1532         150
  0.0580299 -0.00709384     0.03518     14.5284         150
  0.0590365 -0.00708899  0.00434356    -30.6342         150
  0.0600302 -0.00706918   0.0193273     15.0783         150
  0.0610218 -0.00705003   0.0189499   -0.380551         150
  0.0620625 -0.00704588  0.00349504    -14.8505         150
  0.0630271 -0.00701347   0.0335829     31.1908         150
  0.0640347 -0.00697938    0.032904   -0.673814         150
   0.065037 -0.00693174   0.0473245     14.3872         150
  0.0660315 -0.00693011  0.00117837     -46.404         150
  0.0670316 -0.00692851  0.00115504  -0.0233278         150
  0.0680332 -0.00691184   0.0162015     15.0225         150
  0.0690365 -0.00691061  0.00081133    -15.3401         150
  0.0700152 -0.00689458   0.0158676     15.3838         150
  0.0710192 -0.00684857    0.045694     29.7081         150
   0.0720553  -0.00684859 -0.000434047      -44.518          150
   0.0730479   -0.0068486 -0.000425493   0.00861782          150
   0.0740304  -0.00684862 -0.000417152   0.00848956          150
  0.0750372 -0.00683355   0.0146606     14.9753         150
  0.0760305 -0.00683386 -0.00069921    -15.4642         150
  0.0770211 -0.00678963   0.0445303     45.6574         150
  0.0780149 -0.00677576   0.0135098    -31.2163         150
  0.0790377 -0.00676192   0.0132377   -0.265969         150
  0.0800319 -0.00673351   0.0280453     14.8939         150
  0.0810277 -0.00669128   0.0425709     14.5858         150
  0.0820234 -0.00664904   0.0417246   -0.849992         150
  0.0830569 -0.00660656   0.0408737   -0.823287         150
  0.0840254 -0.00658186    0.025011    -16.3794         150
  0.0850236 -0.00655717   0.0245187   -0.493152         150
  0.0860145 -0.00654792  0.00896482    -15.6973         150
  0.0870204 -0.00652375    0.023857      14.805         150
  0.0880165 -0.00648491    0.038453      14.653         150
  0.0890205 -0.00646203   0.0226231    -15.7672         150
  0.0900221 -0.00643959   0.0221756   -0.446799         150
  0.0910194 -0.00635737   0.0820163     60.0024         150
  0.0920508 -0.00632061   0.0351406    -45.4487         150
  0.0930309 -0.00633084  -0.0107589    -46.8295         150
  0.0940158 -0.00629628   0.0346659     46.1209         150
  0.0950201 -0.00627713   0.0189108    -15.6889         150
  0.0960338 -0.00625795    0.018529   -0.376674         150
  0.0970392 -0.00623952    0.018162   -0.364983         150
   0.098016 -0.00617738   0.0630259     45.9295         150
   0.099026 -0.00613055   0.0467117    -16.1537         150
   0.100015 -0.00611461   0.0156461    -31.4124         150
   0.101016 -0.00608408   0.0304078     14.7488         150
  0.102063 -0.0060525  0.0297752     -0.604        150
   0.103019 -0.00602451   0.0292144   -0.586788         150
 0.104034 -0.005995 0.0286232 -0.582158       150
   0.105023 -0.00595237   0.0431382      14.677         150
   0.106064 -0.00590796    0.042246   -0.857725         150
   0.107029 -0.00586806   0.0414443    -0.83047         150
   0.108031 -0.00582729   0.0406253   -0.817738         150
   0.109029 -0.00578713   0.0398184   -0.808445         150
   0.110035 -0.00576267   0.0239526    -15.7654         150
   0.111024 -0.00572456   0.0385586      14.769         150
   0.112066 -0.00565338    0.067887     28.1428         150
   0.113033 -0.00561802   0.0364385    -32.5128         150
   0.114032 -0.00555173   0.0658524     29.4581         150
   0.115054 -0.00550133   0.0494614    -16.0328         150
   0.115999 -0.00544032   0.0635998     14.9599         150
   0.117033 -0.00537701   0.0623245    -1.23364         150
   0.118019 -0.00531568    0.061089    -1.25289         150
   0.119439 -0.00516735    0.104407     30.5001         150
   0.120039 -0.00511366   0.0880069    -27.3399         150
   0.121022 -0.00504473   0.0712435    -17.0657         150
   0.122062 -0.00494027   0.0998938     27.5426         150
   0.123047 -0.00484449    0.097957    -1.96552         150
    0.12401 -0.00476564   0.0809921     -17.626         150
   0.125033 -0.00462413    0.139637     57.2828         150
   0.126024 -0.00450411    0.121838    -17.9714         150
   0.127033 -0.00436797    0.134462     12.5027         150
   0.128061 -0.00421657     0.14678     11.9877         150
 0.129058 -0.004089  0.128828  -18.0004       150
   0.130015 -0.00393735    0.156502     28.9238         150
    0.13102 -0.00375499    0.183563     26.9215         150
   0.132061 -0.00351992    0.224955     39.7735         150
   0.133029 -0.00329281    0.235734     11.1408         150
   0.134031 -0.00310558    0.185823    -49.7835         150
  0.135047 -0.0028928   0.212272    26.0287        150
   0.136015 -0.00267414    0.223224     11.3172         150
   0.137034 -0.00242207    0.248882     25.1857         150
   0.138008 -0.00215326    0.274193     25.9876         150
   0.139004 -0.00185678    0.298948     24.8517         150
   0.139986 -0.00153623    0.323217     24.7184         150
   0.141035 -0.00120793    0.316583    -6.32217         150
    0.142061 -0.000888484     0.310128     -6.29165          150
   0.143022 -0.00055282    0.349451     40.9155         150
    0.144041 -0.000190993     0.357516      7.91325          150
   0.145035 0.000202986    0.395677     38.4106         150
   0.146013 0.000629618    0.433173     38.3025         150
  0.147018 0.00106838   0.439682    6.48206        150
  0.148012 0.00156002   0.491247    51.8773        150
  0.149033 0.00204919   0.481364   -9.67582        150
  0.150029 0.00258123   0.532112    50.9581        150
 0.151035 0.0031183  0.536636   4.49631       150
  0.152043 0.00368107   0.556018    19.2371        150
  0.153031 0.00425838   0.590467     34.842        150
  0.154015 0.00487994   0.624031    34.1194        150
  0.155018 0.00550409   0.626795     2.7558        150
  0.156012 0.00616361   0.659594    33.0135        150
  0.157017 0.00687118   0.706797    46.9265        150
  0.158013 0.00762418   0.753081    46.4983        150
  0.159019 0.00837823   0.753222   0.140073        150
  0.160011 0.00920432   0.828775    76.2127        150
 0.161017 0.0100327  0.827415  -1.35059       150
 0.162054 0.0109159  0.855709   27.2875       150
 0.163028 0.0117503  0.854224   -1.5259       150
 0.164024 0.0126656  0.912604   58.5946       150
 0.165016 0.0136297  0.969995   57.8913       150
 0.166032 0.0145918  0.950558  -19.1193       150
 0.167015 0.0155987   1.02245   73.1873       150
0.168013 0.016644  1.04745  25.0534      150
 0.169034 0.0177165   1.05654   8.90096       150
  0.17003 0.0187995   1.08078   24.3389       150
 0.171075 0.0199679   1.13407   50.9844       150
 0.172054 0.0211466   1.18713   54.2071       150
 0.173043 0.0223065   1.17907  -8.14713       150
 0.174029 0.0235141   1.21616   37.6113       150
0.175018 0.024775  1.28292   67.535      150
 0.176014 0.0260791    1.3027   19.8588       150
 0.177034 0.0274208   1.32172   18.6402       150
 0.178015 0.0287741   1.37124   50.4762       150
 0.179037 0.0301687   1.37383   2.52605       150
 0.180035 0.0315414   1.37684    3.0217       150
0.181019 0.032963  1.44036  64.5363      150
 0.182059 0.0345303   1.50098    58.291       150
 0.183031 0.0359798   1.50243   1.49823       150
 0.184033 0.0375278   1.53266   30.1458       150
 0.185035 0.0390844   1.56271   29.9941       150
0.186029 0.040616  1.53177 -31.1219      150
 0.187019 0.0422107   1.62253   91.7264       150
 0.188014 0.0438326   1.62051  -2.02791       150
 0.189027 0.0455133    1.6788   57.5023       150
 0.190031 0.0472154   1.67517  -3.61939       150
 0.191034 0.0489143   1.70235    27.073       150
  0.19206 0.0506635   1.69777  -4.46254       150
  0.19303 0.0523445   1.74066   44.2061       150
0.194027 0.054086  1.73622  -4.4462      150
 0.195018 0.0558515   1.79279   57.0874       150
 0.196028 0.0576505   1.77182  -20.7644       150
 0.197019 0.0594373   1.81259   41.1218       150
 0.198021 0.0612875   1.85208    39.403       150
 0.199036 0.0631643   1.84492  -7.05951       150
 0.200014 0.0649736   1.83912  -5.93504       150
 0.201034 0.0668489   1.84736   8.08522       150
 0.202059 0.0687892   1.88506    36.778       150
 0.203029 0.0706313   1.90932   25.0159       150
0.204028 0.072544  1.90143 -7.89418      150
  0.20504 0.0744968   1.93886   36.9814       150
0.206015 0.076389  1.93138 -7.67701      150
  0.20703 0.0783518    1.9686    36.687       150
 0.208012 0.0803095   1.95979  -8.95588       150
 0.209035 0.0823262   1.98056   20.3049       150
 0.210028 0.0843108   1.98659   6.07407       150
 0.211019 0.0863012   2.02324    37.004       150
 0.212059 0.0884042   2.01152  -11.2648       150
 0.213043 0.0903962   2.03276   21.5793       150
 0.214027 0.0924136   2.03813   5.45165       150
 0.215034 0.0944739     2.058     19.75       150
0.216021 0.096474  2.03297 -25.3538      150
 0.217035 0.0985459   2.03725   4.21431       150
0.218013 0.100571  2.05783  21.0426      150
0.219035 0.102666  2.06164  3.73126      150
0.220029 0.104745  2.08114  19.6254      150
0.221052 0.106834   2.0543 -26.2163      150
0.222054 0.10891  2.0585 4.19543     150
0.223016 0.110897  2.07983  22.1865      150
0.224032 0.113042  2.09801  17.8924      150
0.225041 0.115152  2.11687  18.6854      150
0.226014 0.117226  2.10572 -11.4587      150
0.227035 0.119353   2.0935 -11.9648      150
0.228062 0.121531  2.11103  17.0688      150
0.229032 0.123573  2.11587  4.98912      150
 0.23003 0.125699  2.11905  3.19146      150
0.231019 0.127758  2.09282 -26.5049      150
0.232059 0.129977   2.1249  30.8668      150
0.233044 0.132076  2.14399  19.3657      150
0.234051 0.134171  2.08629 -57.3117      150
0.235034 0.136293  2.15102  65.8332      150
0.236013 0.138386  2.12413 -27.4731      150
0.237017 0.140511  2.12732  3.17903      150
0.238013  0.14263  2.11525 -12.1128      150
 0.23902 0.144781  2.14868  33.2072      150
0.240027 0.146912  2.10562  -42.753      150
0.241036 0.149028  2.10901   3.3593      150
0.242059  0.15117  2.08111 -27.2475      150
 0.24305 0.153207  2.08607   5.0031      150
0.244028 0.155268  2.07519 -11.1246      150
0.245034 0.157317  2.04916 -25.8824      150
0.246012 0.159353  2.06952    20.81      150
0.247017 0.161395  2.04365 -25.7408      150
0.248012 0.163431  2.03328 -10.4258      150
0.249036 0.165518  2.05262   18.882      150
0.250029 0.167485  1.96676  -86.434      150
0.251034 0.169441  1.95799 -8.73353      150
0.252068 0.171495   1.9934  34.2324      150
0.253027 0.173379  1.95533 -39.7021      150
0.254029 0.175322  1.93146 -23.8313      150
0.255035 0.177247  1.92331 -8.09724      150
0.256013 0.179132  1.91597 -7.50162      150
0.257018 0.181067  1.93839  22.3107      150
0.258013 0.182939  1.86983 -68.9143      150
0.259035 0.184833  1.86232 -7.34096      150
0.260029 0.186671  1.84055 -21.9117      150
0.261041 0.188478  1.80406  -36.033      150
 0.26206 0.190266  1.73718 -65.6784      150
0.263051 0.192002  1.76359  26.6339      150
0.264054 0.193809  1.78859  24.9264      150
0.265016   0.1955  1.75444 -35.5258      150
0.266014 0.197169  1.67459 -79.9808      150
0.267035 0.198864  1.67111 -3.41279      150
0.268028 0.200562  1.69829  27.3546      150
0.269035 0.202213  1.64957 -48.4077      150
0.270038 0.203862  1.64701 -2.55362      150
0.271053 0.205501  1.61391 -32.6157      150
0.272053 0.207077   1.5667 -47.2048      150
0.273043 0.208633  1.58138  14.8287      150
0.274029 0.210217  1.59549  14.3145      150
0.275035 0.211796  1.57897 -16.4242      150
0.276012 0.213275  1.50299  -77.714      150
  0.277033   0.214802    1.50289 -0.0930274        150
 0.27803 0.216323  1.51828  15.4294      150
0.279029 0.217819   1.5188 0.523034      150
 0.28003 0.219328  1.48831 -30.4495      150
0.281019 0.220794  1.48945  1.15471      150
0.282059 0.222286  1.42855 -58.5496      150
0.283029 0.223725  1.49169  65.1232      150
 0.28403 0.225212  1.47702 -14.6595      150
0.285033 0.226629  1.41766 -59.1637      150
0.286026 0.228076  1.44992  32.4826      150
0.287035 0.229516   1.4362 -13.6114      150
0.288056 0.230992  1.45251  15.9815      150
0.289019 0.232407  1.45467  2.23868      150
0.290031 0.233867  1.44056 -13.9334      150
0.291034 0.235275  1.41212 -28.3496      150
0.292068 0.236737  1.41334  1.18582      150
0.293097 0.238071  1.38638 -26.1935      150
 0.29403 0.239511  1.43417  51.2203      150
0.295018 0.240923  1.43639   2.2511      150
0.296013 0.242346  1.42302 -13.4487      150
0.297025 0.243739  1.39487 -27.7998      150
0.298012 0.245199  1.45764  63.5895      150
0.299018 0.246611  1.41374 -43.6467      150
 0.30001  0.24801  1.40084 -12.9956      150
0.301018 0.249401  1.38811 -12.6366      150
0.302045 0.25085 1.40498 16.4147     150
0.303015 0.252194   1.3932 -12.1465      150
0.304033 0.253608  1.38003 -12.9431      150
0.305065  0.25501  1.36708 -12.5393      150
 0.30602 0.256332  1.38648  20.3021      150
0.307019 0.257707  1.37407 -12.4213      150
0.308028 0.259075  1.34643 -27.3904      150
0.309036 0.260458  1.37999  33.3258      150
0.310015 0.261791  1.35307 -27.4694      150
0.311035 0.263119  1.31087 -41.4095      150
0.312063 0.264492  1.32926  17.8878      150
 0.31303 0.265761  1.31901 -10.6105      150
0.314029 0.267046  1.27766 -41.3482      150
0.315043 0.268345  1.29755  19.6266      150
0.316013 0.26961 1.28736 -10.497     150
0.317065 0.270928  1.26073 -25.3068      150
0.318016 0.272118  1.23671  -25.268      150
0.319045 0.273351  1.21178 -24.2343      150
0.320028 0.274541  1.20312 -8.81317      150
0.321055 0.275775  1.20895  5.67586      150
0.322055 0.276982  1.19994 -9.01672      150
0.323031 0.278126  1.17684 -23.6511      150
0.324038   0.2793  1.16849 -8.29511      150
0.325035  0.28046  1.16043 -8.08623      150
0.326014 0.281593  1.15291 -7.68627      150
0.327017 0.282705  1.11508 -37.7098      150
0.328049 0.283886  1.13736  21.5768      150
0.329013 0.284941  1.10068 -38.0534      150
0.330029 0.286058  1.09349 -7.07537      150
0.331021 0.28716 1.11736 24.0513     150
 0.33206 0.288287   1.0792 -36.7193      150
0.333052 0.289353  1.08841  9.27696      150
0.334022 0.290446  1.11243  24.7676      150
0.335022 0.291531  1.09053 -21.9081      150
0.336013 0.292612  1.08406  -6.5315      150
0.337017 0.293658  1.04756  -36.349      150
0.338013 0.294777  1.11719  69.9023      150
0.339036 0.295906  1.10976 -7.26335      150
 0.34003 0.296964  1.05765 -52.4289      150
0.341034 0.298014   1.0518 -5.82717      150
0.342067 0.299059  1.01533 -35.3198      150
0.343037 0.300101  1.07113  57.5343      150
0.344032 0.301151   1.0499 -21.3367      150
0.345034 0.302208  1.05931  9.38951      150
0.346014 0.303246  1.05372 -5.71011      150
0.347019 0.304307  1.06301  9.25245      150
0.348012 0.30538  1.0721 9.15143     150
0.349034 0.306448  1.05052 -21.1264      150
0.350029 0.307493  1.04479 -5.75968      150
0.351043 0.308547  1.05424  9.32448      150
0.352059 0.309594  1.01772 -35.9321      150
0.353029 0.310629  1.07364  57.6599      150
0.354029 0.31172 1.08237 8.72727     150
0.355035 0.312796  1.07601  -6.3224      150
0.356013 0.313849  1.07011 -6.03509      150
0.357034 0.314914  1.04859 -21.0774      150
0.358028 0.316016  1.10319  54.9384      150
0.359021 0.317053   1.0515 -52.0762      150
0.360038 0.318114  1.04544 -5.96135      150
0.361035 0.319199  1.08502  39.6766      150
0.362062 0.320311  1.07794 -6.89875      150
0.363064 0.321333  1.02654 -51.2673      150
0.364053 0.322396  1.06657  40.4793      150
0.365022 0.323391  1.03109 -36.6174      150
0.366015 0.324383 0.995686 -35.6664      150
0.367036 0.325451    1.051  54.1649      150
 0.36803 0.326465  1.01514 -36.0948      150
0.369031 0.327449 0.995255 -19.8591      150
0.370032 0.328453 0.990361 -4.88972      150
0.371022 0.329439  1.00118  10.9216      150
 0.37203 0.330403 0.950966 -49.8631      150
0.373048 0.331376 0.962051  10.8881      150
0.374047 0.332324 0.942908  -19.158      150
0.375037 0.333264 0.954656  11.8616      150
0.376017 0.334171 0.920963 -34.4008      150
0.377021 0.335117 0.947972  26.9023      150
0.378025 0.336019 0.899006 -48.7485      150
0.379042 0.336947 0.911004   11.793      150
0.380032 0.337821 0.877985 -33.3794      150
 0.38102 0.338697 0.891037  13.2103      150
0.382064 0.339612 0.872554 -17.6916      150
0.383016 0.340451 0.886338  14.4869      150
0.384034 0.341341 0.868354 -17.6613      150
0.385038  0.34216 0.821069 -47.0974      150
0.386016 0.342981 0.835213  14.4696      150
0.387027 0.343813 0.833777 -1.42045      150
0.388011 0.344658 0.847456   13.898      150
0.389039 0.345509 0.830276 -16.7028      150
0.390035 0.346339 0.828891 -1.39076      150
0.391022 0.347151 0.827858 -1.04711      150
0.392067 0.348065 0.870919  41.2167      150
0.393016 0.348829 0.809382 -64.8181      150
0.394033 0.349671 0.823137  13.5337      150
0.395038 0.350507 0.836994  13.7857      150
0.396041 0.351371 0.862787  25.7032      150
0.397022 0.352161 0.803581  -60.376      150
 0.398015  0.352962  0.802771 -0.816698       150
0.399029 0.353798 0.827712  24.6032      150
0.400019 0.354619 0.825072 -2.66565      150
0.401037 0.355423  0.79489  -29.654      150
0.402066  0.35627 0.819608  24.0156      150
0.403032 0.357043 0.804004 -16.1595      150
0.404033 0.357892 0.842617  38.5604      150
0.405046 0.358718 0.825933 -16.4767      150
0.406015 0.359513 0.809869 -16.5666      150
0.407022 0.360307 0.793834 -15.9339      150
0.408032 0.361167 0.846183  51.8337      150
0.409028 0.361949 0.788558   -57.85      150
0.410033 0.362742 0.786469 -2.07886      150
0.411037 0.363539 0.798259  11.7404      150
0.412066 0.364376 0.809247  10.6779      150
0.413031 0.365125 0.780169 -30.1285      150
0.414038 0.365907 0.778311 -1.84501      150
0.415038 0.366685 0.776533 -1.77719      150
0.416015 0.367461 0.788753  12.5093      150
0.417035 0.368189 0.718261 -69.1282      150
0.418036  0.36898 0.785944  67.5905      150
0.419024 0.369737 0.770643 -15.4865      150
0.420034 0.370532 0.782471  11.7086      150
0.421038 0.371298 0.766992 -15.4205      150
0.422035 0.372048 0.751849 -15.1952      150
0.423025 0.372798 0.764563  12.8343      150
0.424035 0.373564 0.749096 -15.3183      150
 0.42504 0.374284 0.720612 -28.3578      150
0.426033  0.37499 0.706341  -14.358      150
  0.427021   0.375683   0.706288 -0.0533806        150
0.428056 0.376445 0.732731  25.5258      150
0.429028 0.377141 0.718665 -14.4743      150
 0.430032  0.377865  0.717986 -0.676077       150
0.431022 0.378598 0.744999  27.3018      150
0.432073 0.379348 0.715903 -27.6668      150
0.433048 0.380035 0.702023 -14.2412      150
0.434045 0.380724 0.688093 -13.9772      150
0.435042 0.381408 0.688229  0.13636      150
0.436015 0.382054  0.66123 -27.7699      150
0.437019 0.382743 0.689148  27.7947      150
0.438014 0.383405 0.661821   -27.46      150
0.439038 0.384078 0.662161 0.332395      150
0.440032 0.384728 0.649047 -13.1871      150
0.441028 0.385367 0.650068  1.02415      150
0.442064 0.386048 0.650258 0.183476      150
0.443049  0.38666 0.623966 -26.6879      150
0.444034 0.387307 0.652712  29.1866      150
0.445038 0.387932 0.626135 -26.4722      150
 0.44602 0.388551 0.627575  1.46766      150
0.447021 0.389163 0.615211 -12.3476      150
0.448014 0.389793 0.630371  15.2628      150
0.449042 0.390411 0.603944 -25.7056      150
0.450045 0.391016 0.605649  1.70081      150
0.451038 0.391621 0.607383  1.74615      150
0.452064 0.392234 0.594988  -12.082      150
 0.45303 0.392822 0.610981  16.5502      150
0.454036   0.3934 0.571431 -39.3459      150
0.455029 0.394008  0.61491  43.7426      150
 0.45602 0.394567 0.561795 -53.6432      150
0.457025 0.395145  0.57799  16.1079      150
0.458029 0.395731 0.580108   2.1096      150
0.459043 0.396313 0.582277  2.14004      150
 0.46003 0.396897 0.584425  2.17619      150
 0.46102 0.397449 0.559344 -25.3122      150
0.462059  0.39802 0.547809 -11.1042      150
0.463017 0.398545  0.55114  3.47837      150
0.464021 0.399105 0.553771  2.61925      150
0.465019 0.399642 0.542904  -10.893      150
0.466038 0.400202 0.545549  2.59491      150
0.467034 0.400749 0.548446   2.9084      150
0.468037 0.401284 0.537638 -10.7727      150
0.469033  0.40181 0.527003 -10.6843      150
0.470029 0.402367 0.557567  30.6827      150
 0.47102 0.402893  0.53301 -24.7709      150
0.472045 0.403402 0.494829 -37.2603      150
0.473032 0.403932 0.539881  45.6652      150
0.474028 0.404422 0.488171 -51.8865      150
0.475039 0.404944 0.519442  30.9189      150
 0.47603 0.405465 0.522865    3.457      150
0.477025 0.405982 0.526354  3.50533      150
0.478015 0.406472 0.488579 -38.1694      150
0.479034 0.406957  0.47877 -9.62113      150
0.480027 0.407453 0.496641  18.0053      150
0.481019 0.407961 0.514269  17.7558      150
0.482061 0.408502 0.517282  2.89376      150
0.483027 0.408977 0.493753 -24.3671      150
0.484029  0.40945 0.470245 -23.4596      150
0.485038  0.40994 0.488228  17.8226      150
0.486021  0.41041  0.47875 -9.63899      150
0.487017 0.410892 0.482946  4.21227      150
0.488012 0.411352 0.459718 -23.3469      150
0.489035 0.411824 0.464116  4.29781      150
0.490029 0.412306 0.482259  18.2483      150
0.491018 0.412758 0.459202 -23.3143      150
0.492061 0.413244 0.463336  3.96324      150
0.493012 0.413674 0.454643 -9.14039      150
 0.49403 0.414129 0.445443 -9.04485      150
0.495046 0.414595 0.463919  18.1738      150
0.496032 0.415036 0.441076 -23.1594      150
0.497019   0.4155 0.473522  32.8797      150
0.498015 0.415965 0.464126 -9.43905      150
0.499037 0.416455 0.482119  17.6078      150
0.500016 0.416893 0.445377 -37.5233      150
0.501035 0.417336 0.436436 -8.77245      150
 0.50206 0.417804  0.45487  17.9892      150
0.503016  0.41819 0.405273 -51.8631      150
0.504048 0.418669  0.46532  58.1784      150
0.505041 0.419109 0.442486  -22.995      150
0.506017 0.419535 0.433888  -8.8084      150
0.507021 0.419959 0.425313 -8.54274      150
0.508031 0.420369 0.403087 -21.9968      150
0.509037 0.420791 0.422436  19.2403      150
0.510032 0.421246  0.45507  32.8083      150
0.511037 0.421651  0.40507 -49.7548      150
 0.51205 0.422069 0.410561  5.41714      150
0.513043 0.422478 0.416252  5.73256      150
0.514033 0.422873 0.394329 -22.1518      150
0.515039 0.423314 0.441184  46.5802      150
 0.51605 0.423725 0.404983 -35.8111      150
0.517021 0.424152 0.438187  34.1765      150
0.518032 0.424571  0.41576 -22.1955      150
0.519032 0.424963  0.39391 -21.8466      150
0.520031 0.425351 0.386063 -7.85343      150
0.521023 0.425738 0.392193  6.17799      150
0.522056 0.426161 0.411536  18.7279      150
0.523033 0.426557  0.40354  -8.1883      150
0.524031 0.426968 0.409175  5.64283      150
0.525039 0.427357 0.387383 -21.6184      150
0.526033 0.427776 0.420726  33.5536      150
 0.52702 0.428181 0.412551 -8.28419      150
 0.52805 0.428571 0.376777 -34.7415      150
 0.52904 0.428962 0.396757  20.1686      150
 0.53003 0.429336 0.375271 -21.7199      150
0.531028 0.429725  0.39528  20.0344      150
0.532063 0.430145 0.400748  5.28268      150
0.533048 0.430517 0.379302 -21.7695      150
0.534031 0.430911 0.399208  20.2507      150
0.535038 0.431289 0.377638 -21.4288      150
0.536014 0.431653 0.370293 -7.52842      150
0.537019  0.43207 0.417624  47.0534      150
0.538014  0.43248 0.409347 -8.31897      150
0.539034 0.432873 0.387465 -21.4589      150
 0.54004 0.433254 0.379769 -7.65389      150
0.541021 0.433634 0.386037  6.38854      150
0.542067 0.434059 0.405333  18.4486      150
0.543018 0.434423 0.384055 -22.3563      150
0.544017 0.434815 0.390086  6.04122      150
0.545019 0.435196 0.382384  -7.6822      150
0.546013 0.435584 0.388479  6.13184      150
0.547019 0.435965 0.380786 -7.64501      150
0.548016 0.436366 0.400563   19.855      150
0.549029 0.436732 0.365291 -34.8182      150
0.550013 0.437143 0.412754   48.225      150
 0.55102 0.437534 0.390906 -21.6995      150
0.552048 0.437916  0.36925 -21.0593      150
0.553034 0.438271 0.362071 -7.27939      150
0.554033 0.438655 0.382204  20.1587      150
0.555037 0.439043 0.388308   6.0768      150
0.556015 0.439417 0.380748 -7.73156      150
0.557036 0.439796  0.37309 -7.50466      150
0.558038 0.440162 0.365703 -7.36661      150
0.559039 0.440535 0.372112   6.4084      150
0.560033 0.440927 0.392077  20.0758      150
0.561038 0.441324 0.397987  5.88418      150
0.562063 0.441741 0.403525  5.39817      150
0.563016  0.44209   0.3686 -36.6578      150
0.564014 0.442439 0.347607 -21.0347      150
0.565037 0.442841 0.395256   46.607      150
0.566029   0.4432 0.360121 -35.3991      150
0.567044 0.443568 0.366634  6.41442      150
0.568032 0.443955 0.386705  20.3195      150
0.569046 0.444295 0.338001 -48.0548      150
0.570032 0.444665 0.372355  34.8218      150
0.571023 0.445037 0.378767  6.47444      150
0.572048 0.445405 0.357381 -20.8605      150
0.573031 0.445735 0.336777 -20.9659      150
0.574031  0.44608 0.343747  6.97108      150
0.575037 0.446431 0.350607   6.8181      150
0.576023 0.446796 0.371109  20.7915      150
0.577019 0.447132 0.336443 -34.8102      150
0.578032  0.44751 0.370639  33.7323      150
0.579023 0.447867 0.363417  -7.2891      150
0.580033 0.448243 0.369771  6.29487      150
0.581037 0.448605 0.362457 -7.28379      150
0.582065 0.448972 0.355051 -7.20311      150
0.583023 0.449304 0.348342 -7.00221      150
0.584041 0.449682 0.368584  19.8924      150
0.585035 0.450022 0.347782 -20.9279      150
0.586015 0.450375 0.354603  6.95627      150
0.587037 0.450727 0.347485 -6.97146      150
 0.58801 0.451062 0.340713 -6.95933      150
0.588995 0.451391 0.334074 -6.73623      150
0.590014 0.451738 0.341011  6.80571      150
0.591019 0.452112 0.375263  34.0847      150
0.592051 0.452465 0.340246 -33.9355      150
0.593034 0.452792 0.333648 -6.71257      150
0.594039 0.453147 0.354354  20.5998      150
0.595037 0.453494 0.347336 -7.03176      150
0.596016 0.453856 0.367904  21.0257      150
0.597071 0.454206 0.332947 -33.1272      150
0.598055 0.454528 0.326426 -6.62868      150
0.599002 0.454858 0.347642  22.4032      150
0.600032 0.455237 0.367878  19.6471      150
 0.60102 0.455578 0.347055 -21.0762      150
0.602063 0.455934 0.339849  -6.9033      150
0.603038 0.456268 0.347037  7.37892      150
 0.60403 0.456624 0.353797  6.81081      150
0.605037 0.456957 0.333118 -20.5436      150
0.606015 0.457306 0.353963  21.3037      150
 0.60707  0.45764  0.31931 -32.8394      150
0.608041 0.457986 0.354138  35.8833      150
0.609013 0.458323 0.347341 -6.99049      150
0.610032 0.458671 0.340307 -6.90682      150
0.611021 0.459013 0.347343  7.11187      150
0.612058  0.45935 0.326585 -20.0197      150
0.613045 0.459708 0.361171  35.0305      150
0.614031 0.460032 0.326749 -34.9321      150
0.615033 0.460378 0.347631  20.8284      150
 0.61603 0.460706 0.327067 -20.6338      150
0.617034  0.46104 0.334264  7.16443      150
0.618039 0.461371 0.327573 -6.66214      150
0.619035 0.461716 0.348493  21.0012      150
0.620042 0.462034 0.314175  -34.085      150
0.621053 0.462342 0.307966 -6.14197      150
0.622075 0.462682 0.328985  20.5552      150
0.623019 0.463011 0.350206  22.4762      150
0.624017 0.463343 0.329551 -20.6956      150
0.625036 0.463656 0.309303 -19.8662      150
0.626029 0.463958 0.303184 -6.16143      150
0.627034 0.464283 0.324519  21.2352      150
0.628032 0.464602 0.318068 -6.46403      150
0.629037 0.464941 0.339109  20.9323      150
0.630027 0.465242 0.305144 -34.3103      150
 0.63102  0.46558 0.340133  35.2598      150
0.632065 0.465916 0.319405 -19.8216      150
0.633048 0.466249 0.340563  21.5286      150
0.634046 0.466598 0.347451  6.90083      150
0.635038 0.466907  0.31333 -34.4108      150
 0.63603 0.467227 0.320798  7.52607      150
0.637035 0.467569 0.341779  20.8723      150
0.638015 0.467886 0.321442 -20.7584      150
0.639044  0.46822 0.328641  6.99408      150
0.640033 0.468556 0.335792  7.23618      150
0.641021 0.468879 0.329263 -6.60702      150
0.642064 0.469232 0.336092  6.54731      150
0.643031 0.469536  0.31601 -20.7566      150
0.644032 0.469875 0.337039  21.0103      150
0.645037 0.470206 0.330372 -6.63745      150
0.646033 0.470516 0.310151 -20.2902      150
0.647039 0.470861 0.345014  34.6674      150
0.648043 0.471172 0.310839 -34.0483      150
0.649024 0.471499 0.332116  21.6772      150
0.650014 0.471823 0.325573 -6.61313      150
0.651019 0.472142 0.319127 -6.41162      150
0.652063 0.472499 0.339826  19.8261      150
0.653031  0.47278 0.292324 -49.0969      150
0.654027 0.473095 0.313856  21.5997      150
0.655035 0.473458 0.362291  48.0608      150
0.656029 0.473744 0.286794  -75.992      150
0.657044 0.474095 0.349426  61.6952      150
 0.65803 0.474451  0.35618  6.84764      150
0.659019  0.47474  0.29458 -62.3024      150
0.660012 0.475042 0.302412  7.88328      150
0.661017 0.475379 0.337428  34.8693      150
 0.66206 0.475769 0.371407  32.5532      150
0.663018 0.476064 0.309706 -64.4088      150
0.664019 0.476384 0.317178   7.4687      150
0.665024 0.476694 0.310923 -6.22122      150
0.666042 0.477031 0.332002   20.705      150
0.667037 0.477356 0.325434  -6.6025      150
0.668041 0.477705 0.346262  20.7407      150
0.669038 0.478001 0.298459 -47.9789      150
0.670016 0.478328 0.333661  35.9942      150
0.671018 0.478641 0.313406 -20.2122      150
0.672066 0.479007 0.347857  32.8626      150
0.673032 0.479322 0.327559 -21.0114      150
0.674031 0.479631 0.307374 -20.2005      150
0.675048 0.479974  0.34226  34.2997      150
0.676033 0.480309 0.335502 -6.86606      150
 0.67702 0.480618  0.31531 -20.4521      150
0.678014 0.480913   0.2954 -20.0218      150
0.679025 0.481246 0.330518  34.7479      150
0.680032  0.48156  0.31023 -20.1543      150
0.681021 0.481899  0.34519  35.3154      150
0.682064 0.482253 0.338037 -6.86171      150
0.683032 0.482598 0.358931  21.5905      150
0.684041 0.482926 0.324438 -34.1703      150
0.685034 0.483269 0.345371  21.0808      150
0.686032 0.483622 0.352186  6.82969      150
0.687039 0.483941 0.317866 -34.0702      150
0.688032 0.484279 0.338917  21.2039      150
0.689021 0.484632 0.359656  20.9651      150
0.690013 0.484971 0.338882 -20.9453      150
0.691036 0.485295 0.318388 -20.0319      150
0.692049 0.485626 0.325642  7.16065      150
0.693037 0.485938  0.31934 -6.37648      150
0.694029 0.486252 0.312986 -6.40819      150
0.695019 0.486567 0.320561  7.65414      150
0.696012 0.486909 0.341551  21.1323      150
0.697022 0.487245 0.334761 -6.72298      150
0.698029 0.487591 0.341713  6.90432      150
 0.69902 0.487881 0.294036 -48.0817      150
0.700029 0.488215 0.329119  34.7628      150
0.701042 0.488526 0.308891 -19.9767      150
0.702068 0.488877 0.343632  33.8627      150
0.703019 0.489172 0.309792 -35.5905      150
0.704017 0.489464 0.289944 -19.8874      150
0.705039 0.489793 0.325128  34.4238      150
0.706017 0.490094 0.305123 -20.4505      150
0.707037 0.490425  0.32632  20.7723      150
0.708032 0.490745 0.319853 -6.50022      150
0.709053 0.491063 0.313418 -6.30438      150
0.710031 0.491352 0.293655 -20.2124      150
0.711028 0.491662 0.315268  21.6814      150
0.712047 0.491966 0.295172  -19.707      150
0.713032 0.492277 0.316774  21.9382      150
0.714032 0.492616 0.337795  21.0128      150
0.715038 0.492947 0.331113 -6.64604      150
0.716032 0.493272 0.324557 -6.59739      150
0.717022 0.493585 0.318219 -6.39662      150
0.718014 0.493883  0.29827 -20.1138      150
0.719024 0.494203 0.319677  21.2067      150
0.720026 0.494531 0.327007  7.30996      150
0.721037 0.494841  0.30679 -20.0133      150
0.722063 0.495165 0.314191  7.21073      150
 0.72303 0.495475 0.321875  7.94974      150
0.724032 0.495806 0.329116  7.22569      150
0.725037 0.496129 0.322599 -6.48293      150
 0.72603 0.496445 0.316218 -6.42322      150
 0.72704 0.496742 0.296266   -19.76      150
0.728031 0.497045 0.304083  7.88524      150
0.729032 0.497312 0.270821 -33.2327      150
0.730014 0.497604 0.292802  22.3986      150
0.731019 0.497905 0.300669  7.82483      150
0.732064 0.498228 0.308087  7.10046      150
0.733044 0.498509 0.288462 -20.0133      150
0.734042  0.49882 0.310064   21.645      150
0.735035 0.499093 0.276662 -33.6371      150
 0.73603 0.499406 0.312182  35.7187      150
0.737035 0.499684 0.278675  -33.351      150
0.738037 0.499984 0.300487  21.7678      150
 0.73902 0.500288 0.308294  7.94003      150
0.740011  0.50059 0.302202 -6.14439      150
0.741034 0.500877 0.282454 -19.3206      150
 0.74206  0.50119 0.304012  20.9989      150
 0.74302 0.501475 0.298262 -5.98965      150
 0.74402 0.501784 0.305961  7.69786      150
0.745039   0.5021 0.313513   7.4151      150
0.746031 0.502393 0.293658 -20.0138      150
0.747048 0.502696 0.301479  7.69288      150
0.748034 0.502991 0.295521 -6.03905      150
0.749025 0.503276 0.289751 -5.82156      150
0.750015 0.503559 0.284036   -5.775      150
0.751019 0.503851 0.292089   8.0211      150
0.752064 0.504194 0.327004  33.4119      150
0.753032  0.50449 0.307088 -20.5649      150
0.754035  0.50478 0.287288 -19.7399      150
0.755041 0.505088 0.308932  21.5171      150
 0.75604  0.50539 0.302832 -6.11013      150
0.757035   0.5057 0.310514  7.71338      150
 0.75803 0.506004 0.304372  -6.1737      150
 0.75903 0.506301 0.298375 -5.99709      150
0.760015 0.506591 0.292519 -5.94593      150
0.761019 0.506904  0.31407  21.4662      150
0.762064 0.507227 0.307551 -6.24152      150
0.763029 0.507503  0.28803 -20.2313      150
0.764032 0.507802 0.295935  7.87755      150
 0.76503 0.508074 0.276494 -19.4896      150
0.766032 0.508363 0.284607  8.09654      150
0.767033 0.508615 0.251635 -32.9433      150
0.768032 0.508916 0.301316  49.7091      150
0.769023  0.50922 0.309111  7.86883      150
0.770014 0.509522 0.303003 -6.16068      150
0.771036 0.509838 0.310572  7.40588      150
0.772065 0.510124 0.276898 -32.7473      150
 0.77303 0.510425 0.312635  37.0102      150
0.774038 0.510733 0.306414 -6.17563      150
0.775038 0.511006  0.27301 -33.4069      150
0.776031 0.511328 0.322272  49.6094      150
 0.77702 0.511611 0.288662 -33.9777      150
0.778011 0.511921 0.310291  21.8181      150
0.779023 0.512227 0.304115 -6.10476      150
 0.78003 0.512515 0.284352 -19.6203      150
0.781021  0.51279   0.2788 -5.60423      150
 0.78206 0.513089 0.286704  7.60728      150
0.783025 0.513383 0.308636  22.7193      150
0.784019 0.513633 0.247801 -61.2341      150
0.785037 0.513961 0.324839  75.6372      150
0.786031 0.514225 0.263742 -61.4681      150
 0.78704 0.514484  0.25851 -5.18778      150
0.788032 0.514764 0.280734  22.3909      150
0.789026  0.51505 0.288902  8.21761      150
0.790013 0.515317  0.26956 -19.5999      150
0.791036   0.5156 0.277796  8.05013      150
 0.79206 0.515891  0.28585  7.86326      150
0.793048 0.516183 0.293901  8.14912      150
0.794049 0.516459 0.274377 -19.5023      150
0.795022 0.516719 0.269122  -5.4055      150
0.796013 0.516982 0.263803 -5.36238      150
0.797036 0.517259  0.27215   8.1585      150
0.798031  0.51754 0.280432  8.33098      150
0.799024 0.517838 0.302286  22.0076      150
 0.80003 0.518138 0.296223 -6.02174      150
0.801047 0.518402 0.263009 -32.6868      150
0.802063 0.518695 0.284982   21.614      150
0.803047 0.518982 0.293124  8.27292      150
0.804031 0.519266 0.287372  -5.8484      150
0.805038 0.519535  0.26801 -19.2218      150
0.806016 0.519806 0.276461  8.64509      150
0.807036 0.520067 0.257241 -18.8345      150
0.808034 0.520348 0.279458  22.2665      150
0.809023 0.520631 0.287686  8.31567      150
0.810041 0.520903 0.268236 -19.1098      150
0.811021 0.521188 0.290361    22.59      150
0.812047 0.521453 0.257112 -32.4092      150
0.813032 0.521741 0.293117  36.5476      150
0.814028 0.522015 0.273641 -19.5431      150
0.815036 0.522298 0.281878  8.17569      150
0.816029 0.522601 0.303635   21.899      150
0.817021 0.522894 0.297705 -5.97707      150
0.818012 0.523172 0.278161 -19.7291      150
0.819031 0.523487 0.313616  34.7863      150
0.820017  0.52378 0.293752 -20.1539      150
0.821034 0.524072  0.28786 -5.79139      150
0.822061 0.524377 0.295653  7.59247      150
 0.82302 0.524614 0.249048 -48.5898      150
0.824017 0.524929 0.312403  63.5113      150
0.825038 0.525211  0.27882 -32.8954      150
0.826016 0.525493  0.28706   8.4298      150
0.827036 0.525765 0.267628 -19.0432      150
0.828039 0.526055 0.289654  21.9704      150
0.829022 0.526361 0.311341   22.056      150
0.830032 0.526644 0.277751 -33.2434      150
0.831038 0.526957 0.313248  35.2895      150
0.832066 0.527259 0.293188 -19.5216      150
0.833034  0.52751 0.260253 -34.0242      150
0.834033 0.527835 0.323395  63.1911      150
0.835037 0.528111 0.276005 -47.1796      150
0.836033 0.528382 0.270535 -5.49664      150
0.837043 0.528674 0.292516  21.7542      150
0.838035 0.528948 0.273035 -19.6364      150
0.839027 0.529212 0.267708 -5.36957      150
0.840015   0.5295 0.289767  22.3215      150
0.841019 0.529811 0.311373  21.5204      150
0.842064 0.530145 0.318568  6.88793      150
0.843019 0.530429 0.298893 -20.5946      150
0.844032 0.530714   0.2792 -19.4443      150
0.845038 0.531015 0.301004  21.6814      150
0.846039 0.531296 0.281383 -19.5938      150
0.847037 0.531585 0.289478  8.11266      150
0.848031 0.531855 0.270079  -19.512      150
0.849025 0.532144  0.29213  22.1741      150
0.850014 0.532401 0.259041 -33.4663      150
0.851019 0.532682 0.281254  22.1094      150
0.852064 0.532957  0.26175 -18.6643      150
0.853031 0.533218 0.270423  8.96442      150
0.854029 0.533497 0.278723  8.32243      150
0.855042 0.533784 0.286865  8.03907      150
 0.85603 0.534093 0.308516  21.9083      150
0.857018 0.534403 0.316186  7.76262      150
0.858011 0.534699 0.296258 -20.0585      150
0.859017 0.534962 0.263065 -33.0062      150
0.860031 0.535253 0.285075  21.6955      150
0.861034 0.535532 0.279441 -5.61812      150
0.862061 0.535856 0.314729   34.373      150
0.863021 0.536138 0.295102 -20.4476      150
0.864012 0.536425 0.289299 -5.85647      150
0.865021 0.536711 0.283532 -5.71323      150
0.866032 0.537021 0.305144  21.3745      150
0.867032 0.537321 0.299101 -6.04225      150
0.868016 0.537609 0.293273 -5.92354      150
0.869038 0.537901 0.287374 -5.77374      150
0.870031 0.538237  0.33636  49.3306      150
0.871037 0.538539  0.30236 -33.7925      150
0.872065 0.538873 0.323508  20.5749      150
0.873055 0.539156 0.289909 -33.9327      150
0.874046 0.539456 0.297806  7.96566      150
0.875037 0.539757 0.305664  7.93406      150
0.876016 0.540039 0.286028 -20.0434      150
0.877017 0.540358 0.321391  35.3323      150
0.878015 0.540661 0.301337 -20.0943      150
0.879017 0.540982 0.322728  21.3464      150
0.880033 0.541291  0.30254 -19.8853      150
0.881032 0.541558 0.269258 -33.2922      150
0.882068 0.541859 0.291081  21.0702      150
0.883032 0.542122 0.271824 -19.9724      150
0.884032 0.542404 0.280079  8.25981      150
0.885041 0.542721 0.315502  35.0743      150
0.886015  0.54301 0.295722 -20.3244      150
0.887037 0.543304 0.289774 -5.82061      150
0.888032 0.543602 0.297696  7.95822      150
0.889028 0.543905 0.305514  7.84731      150
0.890031 0.544221 0.313089  7.55525      150
0.891028 0.544522 0.306988 -6.11902      150
0.892046 0.544833 0.300722 -6.15227      150
0.893032 0.545122 0.294873 -5.93414      150
0.894029 0.545411 0.289029 -5.86396      150
0.895022 0.545691 0.283379 -5.68817      150
0.896012 0.545995 0.305117  21.9488      150
0.897035 0.546299 0.298974  -6.0083      150
0.898031 0.546593 0.293048  -5.9512      150
0.899019 0.546862 0.273674 -19.5991      150
0.900037 0.547175 0.309167  34.8798      150
0.901036 0.547452 0.275701 -33.4923      150
0.902064 0.547758 0.297393  21.0998      150
0.903021 0.548036 0.291784 -5.86223      150
0.904019 0.548338  0.29962  7.84747      150
0.905038 0.548662 0.320964  20.9459      150
0.906066 0.548959 0.287083  -32.956      150
0.907038  0.54927 0.322595  36.5433      150
0.908013 0.549554 0.288986 -34.4669      150
0.909045 0.549871 0.310475   20.826      150
0.910031 0.550161  0.29068 -20.0789      150
0.911022 0.550441 0.285009 -5.72347      150
0.912048 0.550729 0.279193 -5.66672      150
 0.91303 0.550997 0.273785 -5.50678      150
0.914031 0.551308 0.309321  35.5046      150
0.915036 0.551611 0.303202 -6.08581      150
0.916014 0.55193 0.32463 21.9102     150
0.917018 0.552207 0.277216 -47.2488      150
0.918056  0.55253 0.312531  34.0203      150
0.919008 0.552851 0.333918  22.4536      150
0.920028 0.553185 0.327169 -6.61992      150
0.921023 0.553502 0.320762 -6.44183      150
 0.92205 0.553813 0.300547 -19.6678      150
0.923048 0.554132 0.321978  21.4737      150
0.924047 0.554463 0.329235  7.26453      150
0.925037 0.554767 0.309145 -20.3044      150
0.926017 0.555079 0.316783  7.79474      150
0.927027 0.555389 0.310523 -6.19734      150
0.928015 0.555693 0.304373 -6.22442      150
0.929015 0.556004 0.312043  7.67241      150
0.930032 0.556316 0.305729 -6.20937      150
0.931041 0.556617 0.299651 -6.01787      150
0.932062 0.556932 0.307234  7.43071      150
0.933015 0.557205 0.287785 -20.4037      150
0.934028 0.557534  0.32297  34.7398      150
0.935039 0.557838 0.302884 -19.8694      150
0.936037 0.558107 0.269571  -33.371      150
0.937066 0.558435 0.318728    47.76      150
0.938054 0.558718 0.285121 -34.0316      150
0.939015 0.559001 0.293353  8.56372      150
0.940013 0.559329 0.328554  35.2629      150
0.941015 0.559622 0.294735 -33.7498      150
 0.94206 0.559939 0.302282  7.22705      150
0.943021 0.560223 0.296551 -5.95993      150
0.944004 0.560538 0.318059  21.8802      150
0.945027 0.560838 0.298065 -19.5435      150
0.946002 0.561128 0.292197 -6.02082      150
0.947053 0.56144 0.29985 7.28009     150
 0.94804 0.561759 0.321287   21.724      150
0.949007 0.562051 0.301449 -20.5093      150
0.950012 0.562348 0.295451 -5.96739      150
0.951016  0.56265 0.303279  7.79639      150
0.952063 0.562934 0.269652 -32.1273      150
0.953047 0.563206 0.278098   8.5878      150
0.954039  0.56349 0.286307  8.27073      150
 0.95504 0.563771 0.280621 -5.67989      150
 0.95603 0.564072  0.30242  22.0213      150
0.957036 0.564383 0.310091   7.6242      150
 0.95803   0.5647 0.317623  7.58335      150
0.959035 0.564997 0.297674 -19.8371      150
0.960014 0.565311 0.319204  21.9929      150
0.961018 0.565583 0.271897 -47.1308      150
 0.96206  0.56589 0.293581  20.8123      150
0.963022 0.566189 0.315408   22.683      150
0.964021 0.566461 0.268084 -47.3616      150
0.965039 0.566769 0.303705  35.0061      150
0.966031 0.567065  0.29771 -6.04431      150
0.967036 0.567343 0.278155 -19.4546      150
0.968031 0.567616 0.272641 -5.53943      150
0.969021 0.567893 0.280996  8.44453      150
0.970011 0.568181 0.289115   8.1933      150
0.971018 0.568492 0.310722   21.471      150
 0.97206 0.568835 0.331673  20.1038      150
0.973029 0.569113 0.284253 -48.9282      150
0.974014 0.569375 0.265007 -19.5459      150
0.975017 0.569661 0.287114  22.0351      150
0.976012 0.569957 0.295083  8.00759      150
0.977037 0.570293 0.330126  34.1978      150
0.978029 0.570575 0.282603 -47.9033      150
0.979036 0.570839 0.263336 -19.1267      150
 0.98003 0.571152  0.31278  49.7553      150
0.981042 0.571431  0.27926 -33.1192      150
0.982061 0.571741  0.30089  21.2367      150
0.983043 0.572029 0.295062 -5.93042      150
0.984016 0.572313 0.289323 -5.90242      150
0.985036 0.572627 0.310867  21.1077      150
0.986029 0.572931 0.304718 -6.19706      150
0.987036 0.573217 0.285013 -19.5711      150
0.988033 0.573469 0.252021  -33.073      150
0.989019 0.573739 0.274461  22.7621      150
 0.99002 0.574048 0.310036  35.5435      150
0.991017 0.574338 0.290237 -19.8526      150
0.992044 0.574645 0.297969  7.52609      150
0.993014 0.574927 0.292274 -5.87322      150
0.994011 0.575215 0.286469 -5.82184      150
0.995035   0.5755 0.280696 -5.63844      150
0.996016 0.575785 0.288878  8.34398      150
0.997035 0.576086 0.296741  7.71309      150
0.998028 0.576363 0.277205 -19.6782      150
0.999044 0.576635 0.271706 -5.41166      150
