          0 -0.00110031   0.0222105           0           0
 0.00102162 -0.00110877 -0.00837047    -29.9337         180
  0.0019927  -0.0011168 -0.00820787    0.167447         180
 0.00297594 -0.00113962  -0.0231188    -15.1651         180
 0.00399303 -0.00116262  -0.0226537    0.457279         180
 0.00497007 -0.00116959 -0.00714159     15.8766         180
 0.00598478 -0.00117668 -0.00699809    0.141425         180
   0.006984 -0.00116845  0.00821018     15.2203         180
 0.00798345 -0.00117545 -0.00702209    -15.2406         180
0.00899386 -0.0011672 0.00818659    15.0519        180
    0.01003 -0.00115899  0.00802094   -0.159869         180
  0.0110199 -0.00116616 -0.00720756    -15.3837         180
  0.0120199 -0.00117321 -0.00706482    0.142753         180
  0.0130181 -0.00119514  -0.0219952    -14.9564         180
  0.0140176 -0.00123175  -0.0366294    -14.6422         180
  0.0150046 -0.00122256  0.00930128     46.5331         180
  0.0160055 -0.00121341  0.00911677    -0.18435         180
  0.0170038 -0.00121951  -0.0061334    -15.2768         180
  0.0180514 -0.00124153  -0.0210692     -14.257         180
   0.019022 -0.00124688 -0.00559175     15.9463         180
    0.02002 -0.00125237 -0.00548038     0.11159         180
   0.021008 -0.00124275  0.00969834      15.363         180
  0.0246358 -0.00131553  -0.0203442    -8.28127         180
  0.0249984 -0.00131706 -0.00502929     42.2325         180
  0.0260215 -0.00130588   0.0101392     14.8266         180
  0.0270076  -0.0013101 -0.00513062     -15.485         180
0.0280533 -0.001283 0.0251014   28.9107       180
  0.0289989 -0.00125893   0.0246304   -0.498056         180
  0.0300126 -0.00126417 -0.00599757    -30.2124         180
  0.0310035 -0.00125421  0.00919091     15.3285         180
  0.0320206 -0.00125961 -0.00606131    -14.9959         180
   0.033021 -0.00126481  -0.0059413    0.119965         180
 0.0340037  -0.001255 0.00924661    15.4543        180
  0.0350146 -0.00119941   0.0542656     44.5338         180
  0.0360239 -0.00119066  0.00797703    -45.8654         180
  0.0370071 -0.00122678  -0.0373947    -46.1452         180
  0.0380545 -0.00123289 -0.00649501     29.5021         180
  0.0390227 -0.00123839 -0.00637148    0.127584         180
  0.0400069 -0.00119904   0.0389657     46.0654         180
  0.0410211 -0.00120552 -0.00701931    -45.3397         180
  0.0420077 -0.00118196   0.0232612     30.6925         180
  0.0430305 -0.00117345  0.00772449    -15.1901         180
  0.0440035 -0.00116546  0.00757487   -0.153776         180
  0.0449781 -0.00115763  0.00742814   -0.150539         180
 0.0460212 -0.0011495 0.00727583  -0.146026        180
 0.0470209 -0.0011418 0.00713173   -0.14414        180
  0.0480592 -0.00118055  -0.0382096    -43.6682         180
  0.0489981 -0.00117267  0.00774087     48.9411         180
  0.0500252 -0.00117976 -0.00748215    -14.8213         180
  0.0510225 -0.00114141   0.0378757     45.4804         180
  0.0520222 -0.00110378   0.0371265    -0.74946         180
  0.0530546 -0.00109678  0.00623861    -29.9199         180
  0.0540442 -0.00106036   0.0362587     30.3333         180
 0.0549877 -0.0010404  0.0204991   -16.7048        180
   0.0560052 -0.000958572    0.0803601      58.8274          180
    0.057013 -0.000924556    0.0335609     -46.4372          180
   0.0580549 -0.000889528    0.0328635    -0.669387          180
   0.0590458 -0.000797384    0.0925026      60.1888          180
   0.0600188 -0.000709136     0.090729     -1.82283          180
   0.0610051 -0.000605498     0.104017      13.4725          180
   0.0620067 -0.000487807     0.117023      12.9853          180
   0.0630383 -0.000369217     0.114637     -2.31331          180
   0.0640335 -0.000257651     0.112392     -2.25607          180
   0.0649967 -9.18785e-05      0.17053      60.3583          180
  0.0660188 7.71985e-05    0.167123    -3.33309         180
  0.0670047 0.000271378    0.193957     27.2187         180
  0.0680432 0.000499272     0.22012      25.192         180
  0.0690145 0.000740203    0.246002     26.6466         180
 0.0700176 0.00104291   0.301393     55.224        180
 0.0710227 0.00130963   0.265264   -35.9438        180
 0.0720258 0.00161464   0.305231    39.8471        180
  0.073019 0.00195906   0.344403    39.4378        180
 0.0740094 0.00232347   0.367794    23.6178        180
0.0750177 0.0027426  0.420828   52.5987       180
 0.0760095 0.00320107   0.457696    37.1725        180
 0.0770192 0.00365627   0.448508   -9.10024        180
 0.0780509 0.00418687   0.514689    64.1519        180
 0.0790515 0.00472292   0.534615    19.9135        180
 0.0800054 0.00524102   0.539523    5.14493        180
  0.081022 0.00585204   0.604065    63.4869        180
  0.082022 0.00651974   0.667453    63.3927        180
0.0830235 0.0072058  0.684348   16.8683       180
 0.0840681 0.00797666   0.745677    58.7156        180
 0.0850132 0.00870393   0.761725      16.98        180
 0.0860043 0.00950477   0.807044    45.7256        180
0.0870044 0.0103422  0.836254   29.2055       180
0.0880539 0.0112791   0.89424     55.25       180
0.0890028 0.0121707    0.9377   45.7997       180
0.0900216 0.0131371  0.948934   11.0277       180
0.0910213 0.0141428   1.00549   56.5773       180
0.0920219 0.0152049   1.06091   55.3847       180
0.0930452 0.0163042   1.08484   23.3799       180
0.0940051 0.0174094   1.13936   56.8046       180
0.0950069 0.0185889   1.17704   37.6068       180
0.0960033 0.0197384   1.15382  -23.3023       180
0.0970049 0.0210078   1.26655   112.551       180
0.0980544 0.0223872    1.3156   46.7315       180
0.0990181 0.0236893   1.35077   36.4997       180
 0.100025 0.0250983   1.39919   48.0975       180
 0.101022 0.0265425   1.44689   47.8274       180
 0.102031 0.0279913   1.44837   1.47184       180
 0.103024 0.0295194   1.52513   77.2571       180
 0.104025 0.0310313   1.50996  -15.1501       180
 0.105011 0.0325799   1.57091   61.8095       180
 0.106011 0.0341955   1.61515   44.2192       180
  0.10701 0.0358189   1.62848   13.3521       180
 0.108042 0.0375749   1.70066   69.8888       180
 0.109008 0.0392459   1.72838   28.7037       180
 0.110003 0.0409783   1.73951   11.1913       180
 0.111021 0.0428134   1.82544   84.3478       180
  0.11201 0.0446648   1.84954   24.3755       180
 0.113008 0.0465194    1.8582   8.67972       180
 0.114008 0.0484481   1.92686   68.5996       180
  0.11501 0.0504012    1.9489   22.0045       180
0.116009  0.0524 2.00077 51.9207     180
 0.117008 0.0543744   1.97626  -24.5272       180
 0.118039 0.0564758   2.04147   63.2599       180
0.119018 0.058543  2.10731  67.2732      180
 0.120033 0.0606602   2.11066   3.30659       180
 0.121021 0.0627893   2.12915   18.7078       180
 0.122022 0.0649239   2.13215    2.9978       180
 0.123021 0.0670721   2.15025   18.1215       180
 0.124019 0.0693111   2.24339   93.3426       180
 0.125004 0.0715345   2.25996   16.8302       180
 0.126002 0.0738078   2.27554   15.5981       180
  0.12702 0.0761549   2.30501   28.9557       180
0.128051 0.078559  2.33334  27.4802      180
 0.129016 0.0808209   2.36448   32.2625       180
 0.129992 0.0831432   2.34832  -16.5736       180
 0.131008 0.0855641   2.39167   42.6425       180
 0.132026 0.0880419   2.43388   41.4608       180
 0.133024 0.0904681   2.43099  -2.89598       180
 0.134006 0.0928678     2.444   13.2464       180
 0.135026 0.0953569   2.43985  -4.06991       180
 0.136026 0.0978695   2.51208   72.2425       180
0.137024 0.100357  2.49258 -19.5298      180
0.138064 0.102932  2.50208   9.1405      180
   0.139 0.105373   2.5757   78.589      180
 0.14001 0.107936  2.53931 -36.0379      180
0.141009 0.110482  2.54936  10.0591      180
0.142009 0.113102  2.61944  70.1191      180
0.143024 0.115723  2.58187 -36.9977      180
0.143993 0.118259  2.60748  26.4267      180
0.145007 0.120963  2.67587  67.4496      180
0.146013 0.123598  2.63801 -37.6495      180
0.147014 0.126284  2.69137  53.2965      180
0.148055 0.129084  2.66556   -24.79      180
0.149037 0.13171 2.67401 8.59856     180
0.150005 0.134354  2.71282  40.0921      180
0.151024 0.137109  2.71868   5.7495      180
0.152024 0.139864  2.75527     36.6      180
0.153023 0.142607  2.74597 -9.29807      180
0.154029 0.14536 2.75187 5.86409     180
0.155015  0.14808  2.74303 -8.96338      180
0.156014 0.150835  2.77962  36.6264      180
0.157004 0.153599   2.7699 -9.81903      180
0.158042 0.156506  2.81883  47.1237      180
0.159015 0.159244  2.79427 -25.2544      180
0.160029 0.162081  2.81384  19.3021      180
0.161022 0.164911  2.83353  19.8266      180
0.162022 0.167734  2.82262 -10.9008      180
 0.16302 0.170571  2.84219  19.6114      180
0.164004 0.173387  2.86216  20.3014      180
0.165014 0.176217  2.83574 -26.1635      180
0.166009 0.17909 2.86996 34.3752     180
0.167001 0.181927  2.84338 -26.7903      180
0.168003 0.184826  2.89245  48.9776      180
0.169002 0.187719  2.89551  3.06789      180
0.169991 0.190597  2.89886  3.38197      180
0.170999 0.19351  2.9015 2.62726     180
0.171999 0.196429   2.9194   17.896      180
0.173007 0.199387  2.93653  17.0055      180
0.174016 0.202298  2.90847 -27.7958      180
0.174997 0.205211  2.94187  34.0488      180
0.176005 0.208209  2.97357  31.4347      180
0.177007 0.211162  2.94465 -28.8518      180
0.178039 0.214227    2.975  29.4161      180
0.179045 0.217218  2.97608  1.07327      180
0.180014 0.220113  2.96371 -12.7677      180
0.181022 0.223085  2.96518  1.45928      180
0.182009 0.226013  2.96752  2.36885      180
0.183029 0.229015  2.96838 0.846759      180
0.184025 0.231996  2.96965  1.27298      180
0.185015 0.234956  2.98673  17.2498      180
0.186058 0.238049  2.97037 -15.6884      180
 0.18699 0.240844  2.97538  5.36353      180
0.188037 0.243954  2.98945  13.4406      180
0.189034 0.246935  2.98644 -3.01972      180
0.190039 0.249929  2.98173 -4.68568      180
0.191008 0.252805  2.96545  -16.799      180
0.192033 0.255843  2.98773  21.7402      180
0.193025   0.2588  2.95589 -32.0936      180
0.194008 0.261756  3.00769  52.6973      180
0.195006 0.264725  2.97558 -32.1707      180
0.196006 0.267694  2.97139 -4.19834      180
0.197004  0.27059  2.89894 -72.5529      180
0.198056 0.273661   2.9206  20.5889      180
0.199003 0.276428  2.92044 -0.16667      180
0.200004 0.279348  2.91721 -3.22647      180
0.201029 0.282325   2.9268  9.35003      180
0.202077 0.285339  2.85197 -71.4019      180
0.203007 0.288041  2.89492  46.1807      180
 0.20402 0.290945  2.87808 -16.6261      180
0.205022 0.293799  2.84831 -29.7279      180
0.206018 0.296662  2.87414  25.9242      180
0.207004 0.299467  2.84534 -29.2196      180
0.208051  0.30244  2.84108 -4.06931      180
0.209013 0.305191  2.85519  14.6644      180
0.210047 0.308093   2.8384 -16.2395      180
0.211021 0.310874  2.82404 -14.7442      180
0.212022 0.313714  2.83639  12.3396      180
0.213022  0.31651  2.79384 -42.5099      180
0.214021 0.319271  2.76596 -27.9228      180
0.215004 0.322017  2.79412  28.6493      180
 0.216002  0.324805   2.79357 -0.555008       180
0.217036 0.327647  2.75011 -42.0255      180
0.218044 0.330447  2.77721  26.8784      180
0.219044 0.333166  2.75015 -27.0582      180
0.220021 0.335873  2.73729 -13.1706      180
0.221022 0.338628  2.75136  14.0515      180
 0.22202  0.34136  2.73798 -13.3982      180
0.223021 0.34406 2.69739 -40.542     180
0.224019  0.34674  2.68508 -12.3386      180
0.225005 0.34943 2.72832  43.838     180
0.226002 0.352096  2.67446  -54.026      180
0.227019 0.354806  2.66155 -12.6933      180
0.228064 0.357546  2.66198 0.413978      180
0.228997 0.360086  2.68035  19.6931      180
0.230009 0.362782  2.68167  1.30011      180
0.231002 0.365437   2.6559 -25.9398      180
0.232026 0.368159  2.65671 0.791852      180
0.233023 0.370782  2.63159 -25.2008      180
 0.23402 0.373436  2.66165  30.1345      180
0.235019 0.376042    2.609 -52.7047      180
0.236018 0.378695  2.65299  44.0265      180
0.237017 0.381254  2.58736 -65.7091      180
0.238057 0.38395  2.5887 1.28209     180
0.239016 0.386444  2.58012 -8.94145      180
0.240027 0.389054  2.59711  16.7924      180
0.241023 0.39166 2.60024  3.1449     180
0.242033  0.39426  2.58955 -10.5894      180
0.243007 0.396774  2.56663 -23.5201      180
 0.24401 0.399326   2.5569 -9.69941      180
0.245006 0.401876  2.54721 -9.72874      180
0.246049 0.404494  2.53617 -10.5858      180
 0.24702 0.406976  2.52785 -8.56917      180
0.248037 0.409535  2.51799 -9.70179      180
0.249001 0.411983  2.52429  6.54238      180
0.250014 0.414521  2.51486 -9.31544      180
0.251025 0.417065  2.51923  4.32088      180
0.252057 0.419665   2.5225  3.17254      180
0.253006 0.422055  2.50208 -21.5078      180
0.254028 0.424577  2.47903 -22.5517      180
0.255032 0.427036  2.47119 -7.80996      180
0.256005 0.429482  2.49147  20.8578      180
0.257005 0.431938   2.4558 -35.6503      180
0.258053 0.434529   2.4732  16.5995      180
0.259016 0.436932  2.49433  21.9496      180
0.260059 0.439467  2.44313 -49.0795      180
0.261009 0.441806  2.43769 -5.73158      180
0.262022 0.444258  2.42998 -7.60001      180
0.263021 0.446665  2.40925 -20.7521      180
 0.26403  0.44907  2.40249 -6.70138      180
0.265008 0.451419  2.38292 -20.0255      180
0.266004  0.4538 2.39058 7.69093     180
0.267004 0.456171  2.37058 -20.0122      180
0.268054 0.458636  2.34868 -20.8429      180
0.269016  0.46088  2.33122 -18.1621      180
0.270024 0.463238  2.33935  8.06654      180
0.271021  0.46555  2.32054 -18.8572      180
 0.27202 0.467851  2.30192  -18.638      180
0.273018  0.47011  2.28418 -17.7831      180
0.274035 0.472449  2.27877 -5.31163      180
0.275015  0.47465  2.24825 -31.1424      180
0.276027 0.476935  2.25787  9.50226      180
0.277001 0.479147    2.255 -2.94262      180
0.278052 0.481482  2.23572 -18.3432      180
0.279047 0.483649  2.17801 -58.0229      180
0.279999 0.485762  2.20499  28.3458      180
 0.28102 0.487998  2.20167 -3.25821      180
 0.28203 0.490185  2.18537 -16.1303      180
0.283018 0.492348  2.16955 -16.0105      180
0.284018 0.494502  2.15393 -15.6223      180
0.285007 0.496622  2.15292 -1.02026      180
0.286019 0.498752  2.09594 -56.3216      180
0.287005 0.500832  2.10969  13.9442      180
0.288051 0.503021  2.09337 -15.6076      180
0.289032 0.505061  2.08004 -13.5786      180
0.290012 0.507061  2.03962 -41.2555      180
0.291037 0.50916 2.06696 26.6756     180
0.292003 0.511145  2.02684 -41.5124      180
0.292987 0.513132   2.0146 -12.4487      180
0.293985 0.515157  2.02945  14.8846      180
0.295001 0.517194  2.00226 -26.7669      180
0.295998 0.519193  2.00369  1.43239      180
 0.29698 0.521147  1.99209 -11.8134      180
 0.29801 0.523158  1.95148 -39.4251      180
0.298997 0.525098  1.96804  16.7871      180
0.299989 0.526987  1.91594 -52.4712      180
0.301003 0.52894 1.91832 2.34357     180
0.301981 0.530799  1.89471  -24.119      180
0.302979 0.532666  1.87094 -23.8423      180
0.303981 0.534544  1.87482  3.87588      180
0.304999 0.536486  1.90531  29.9404      180
0.305985  0.53829  1.84099 -65.2142      180
0.306979 0.540149   1.8592  18.3232      180
0.307993 0.542023  1.84924 -9.83091      180
0.309001 0.543865  1.83992 -9.24334      180
0.310006 0.545691  1.81697 -22.8307      180
0.310999 0.547513  1.82199  5.05879      180
 0.31198 0.549267  1.78656 -36.1106      180
0.312979 0.551057  1.79221  5.66404      180
0.313998 0.552859  1.76976 -22.0502      180
0.314995 0.554604  1.74845  -21.361      180
0.316001 0.556349  1.74109 -7.30816      180
0.317039 0.558154  1.74647  5.18411      180
0.318033 0.559835  1.69857 -48.2184      180
0.319012 0.561524  1.70627  7.85586      180
0.320003 0.563173  1.67295 -33.6203      180
0.320999 0.564873  1.69439  21.5253      180
0.321978 0.566528  1.68884 -5.67191      180
0.322994 0.568208   1.6549 -33.4048      180
0.323999 0.569862  1.64936 -5.51032      180
0.325001 0.571511  1.64394  -5.4163      180
0.325996 0.573128  1.62521 -18.8173      180
0.327028 0.574788  1.63352  8.04522      180
 0.32805 0.576408  1.57289 -59.3181      180
0.329006 0.577943  1.59763  25.8846      180
0.329988 0.579476  1.56665  -31.519      180
0.330996 0.581061  1.56253 -4.09341      180
0.332021 0.582662  1.57203  9.26861      180
 0.33302 0.584201  1.54093 -31.1212      180
0.334022 0.585721  1.52418 -16.7188      180
0.335008 0.587242  1.53526  11.2458      180
0.336031 0.588795  1.53177 -3.41441      180
 0.33702 0.590321  1.52883 -2.97255      180
0.338049 0.591875  1.51139 -16.9406      180
0.339031 0.593317  1.46832 -43.8938      180
0.340027 0.594813  1.50781  39.6245      180
0.341022 0.596304  1.49162 -16.2711      180
0.342025 0.597769  1.46203 -29.5214      180
0.343004 0.599202  1.46096 -1.08577      180
0.344005 0.600648  1.44569 -15.2543      180
0.345013 0.602063   1.4171 -28.3831      180
0.346021 0.603518  1.42955  12.3595      180
0.347023 0.604949  1.42853 -1.02455      180
 0.34805 0.606357  1.37218 -54.8441      180
0.349047 0.607766  1.41343  41.3778      180
0.350001 0.609111  1.40019 -13.8802      180
0.351021 0.610503  1.37208 -27.5598      180
0.352003 0.611849  1.37276 0.689372      180
0.353002 0.613209  1.35924 -13.5219      180
0.354014  0.6146 1.38691 27.3494     180
 0.35502 0.615979  1.35904 -27.7059      180
0.356023 0.617343  1.35938 0.338552      180
 0.35702 0.618685  1.34621 -13.2149      180
 0.358051  0.620072   1.34608 -0.119737       180
0.359013 0.621354  1.33413 -12.4364      180
0.360019 0.622699  1.33484 0.703858      180
 0.36102 0.624023  1.32204 -12.7837      180
0.362008 0.625317  1.30984 -12.3478      180
0.363011 0.626593  1.28406 -25.7039      180
0.364002 0.627894  1.29961  15.6851      180
0.365021 0.629204  1.28708 -12.2994      180
0.366021 0.630521  1.31625   29.169      180
0.367022 0.631771  1.24917 -67.0569      180
 0.36805 0.633112  1.30575  55.0053      180
0.369015 0.634308  1.23978 -68.4205      180
0.370022 0.635588  1.26969  29.7049      180
0.371054  0.63687  1.24381 -25.0818      180
0.371999 0.63806 1.26156 18.7863     180
0.373022 0.639328  1.23594 -25.0498      180
0.374021 0.640579  1.25249  16.5592      180
0.375039 0.641814   1.2136  -38.186      180
0.375989 0.642992  1.23161  18.9679      180
0.377025 0.644248  1.22019 -11.0296      180
0.378056 0.645523  1.23627   15.595      180
0.379052 0.646729  1.21191 -24.4635      180
0.380027 0.647889  1.18849  -24.015      180
0.381046 0.649079  1.17838  -9.9145      180
0.382008 0.650242  1.19671  19.0502      180
 0.38302 0.651456  1.20006  3.30962      180
 0.38402 0.652646  1.18996 -10.0885      180
0.385007 0.653811  1.18037 -9.72583      180
0.386022 0.654971  1.14299 -36.8062      180
0.387023 0.656134  1.16133  18.3379      180
0.388053 0.657319  1.15134 -9.69891      180
0.389018 0.658423  1.14297  -8.6635      180
0.390014 0.659556  1.14797  5.01637      180
 0.39101 0.660728  1.16612  18.2245      180
0.392021 0.661869  1.12912 -36.5969      180
0.393007 0.662988   1.1344  5.36134      180
0.394006 0.664126   1.1393  4.89747      180
0.395008 0.665272  1.14402  4.71358      180
0.396021 0.666393  1.10743 -36.1431      180
0.397021 0.667493  1.09915  -8.2805      180
0.398058 0.668623  1.09027 -8.56165      180
0.399025 0.669675   1.0969   6.8536      180
0.400006 0.670793  1.13007  33.7891      180
0.401022 0.671905  1.09367 -35.8233      180
0.402029 0.672978  1.07199 -21.5329      180
0.403005 0.674065   1.1058  34.6235      180
0.404016 0.675154  1.08379 -21.7764      180
0.405023 0.676257  1.08941  5.57326      180
0.406022 0.677337  1.08152 -7.88607      180
0.407021 0.678437  1.10113  19.6248      180
0.408063 0.679537  1.06497 -34.7047      180
0.409011 0.680564  1.07208  7.50401      180
 0.41003   0.6816  1.02327 -47.9012      180
0.411021 0.682682  1.08507  62.3848      180
0.412011 0.683716  1.05023 -35.1843      180
0.413004 0.684771  1.05681  6.62042      180
0.414005 0.685849  1.07686  20.0451      180
0.415023 0.686923  1.05516 -21.3145      180
0.416022 0.687957  1.03429 -20.9037      180
0.417031 0.689038  1.08216  47.4449      180
0.418021 0.690085  1.04707 -35.4161      180
0.419031  0.69112  1.02615 -20.7119      180
0.420023 0.692187   1.0743  48.5768      180
0.421022 0.693198  1.01205 -62.3134      180
0.422006 0.694215  1.03333  21.6199      180
0.423022 0.695272  1.03988  6.44334      180
0.424021  0.69629  1.01931 -20.5862      180
0.425024 0.69732 1.02639 7.06234     180
0.426032 0.698325  1.00609 -20.1558      180
0.427006 0.699335  1.02751  21.9915      180
0.428038 0.700387   1.0202 -7.08261      180
0.429033 0.701395  1.01376 -6.46426      180
0.430022 0.702366 0.980224  -33.907      180
0.431022 0.703368  1.00181  21.5866      180
0.432023 0.704364  0.99562 -6.18311      180
0.433023 0.705368  1.00324  7.62123      180
0.434022 0.706377  1.01073  7.49472      180
0.435035 0.707358 0.976963 -33.3203      180
0.436021 0.708352 0.998716  22.0642      180
0.437009 0.709319 0.979175 -19.7783      180
0.438055  0.71035 0.986242  6.75872      180
0.439017 0.711308 0.994772  8.86393      180
0.440023 0.712289 0.974959 -19.6873      180
0.441022 0.713257 0.969335 -5.63008      180
0.442009 0.714206 0.964114 -5.28814      180
0.443012 0.715168 0.958631 -5.46969      180
0.444016 0.716145 0.980708  21.9945      180
0.445006 0.717107 0.961286 -19.6015      180
0.446022 0.718064 0.941951 -19.0317      180
0.447021 0.719068  1.00532  63.4442      180
0.448055 0.720072 0.971096 -33.1013      180
0.449052 0.721034 0.965589 -5.52424      180
0.450009 0.721956   0.9609 -4.89553      180
0.451022 0.722923 0.955328 -5.50057      180
0.452005  0.72387 0.964066  8.89161      180
0.453013 0.724814 0.944996 -18.9274      180
0.454005 0.725769 0.953599  8.67007      180
0.455023 0.726748 0.961707  7.96541      180
0.456023 0.727704 0.956331 -5.37606      180
0.457022 0.728642 0.937391 -18.9456      180
0.458055 0.729631 0.959247  21.1708      180
0.458997 0.730506 0.927635 -33.5337      180
0.460022 0.731452 0.922471  -5.0382      180
 0.46102 0.732382 0.931577  9.12468      180
 0.46205 0.733325 0.926465 -4.96713      180
0.462992 0.734235 0.949898  24.8705      180
0.464005 0.735173  0.93094 -18.7148      180
0.465008 0.736129 0.953447  22.4505      180
0.466022 0.737104 0.961653    8.092      180
0.467006 0.738032 0.942895 -19.0541      180
0.468056 0.738987 0.909659 -31.6391      180
0.469018 0.739907 0.955251  47.4147      180
0.470023 0.740848 0.936238 -18.9187      180
0.471048  0.74176 0.899651  -35.696      180
0.472005 0.742653 0.917911  19.0847      180
0.473021 0.743617 0.952915  34.4321      180
0.474021 0.744568 0.951842 -1.07373      180
0.475055 0.745569 0.967953  15.5779      180
0.475987 0.746461 0.949924   -19.35      180
0.477022 0.747455  0.96617  15.6932      180
0.478057 0.748451 0.964205 -1.89982      180
   0.479 0.749346 0.946133 -19.1511      180
0.480047 0.750343 0.962307  15.4463      180
0.481037 0.751285 0.943272 -19.2342      180
0.482023 0.752268 0.996018  53.4771      180
0.483022 0.753244 0.976316 -19.7274      180
0.484007 0.754169 0.939471 -37.4092      180
0.485008 0.755074 0.903041 -36.3808      180
0.486022 0.756097  1.00945  104.943      180
0.487009 0.757056 0.971942 -38.0202      180
0.488058 0.758085 0.987467  14.7957      180
0.489031 0.759041 0.986315 -1.18466      180
0.490014 0.760012 0.984831 -1.50937      180
0.491008 0.76105 1.03649 51.9833     180
 0.49202 0.762078  1.01572 -20.5069      180
0.493005 0.763094   1.0315  16.0309      180
0.494007 0.764089  0.99324 -38.1814      180
0.495008 0.765081 0.991349  -1.8887      180
 0.49603 0.766103  1.00701  15.3306      180
0.497023 0.767126  1.02266  15.7507      180
0.498068 0.768181  1.01951 -3.00712      180
0.499017 0.769123 0.982325 -39.2085      180
0.500011 0.770111 0.998679  16.4445      180
0.501008 0.771145  1.03224  33.6799      180
0.502023  0.77219  1.02929 -2.90814      180
0.503007 0.773236  1.06262  33.8469      180
0.504007 0.774295  1.05937 -3.24527      180
0.505023  0.77535  1.03807 -20.9836      180
0.506022 0.776384  1.03533 -2.74225      180
0.507031 0.777434  1.05041  14.9458      180
 0.50806 0.778477  1.01119 -38.1097      180
0.509021 0.779471   1.0274  16.8724      180
0.510023 0.780497  1.02483 -2.56914      180
0.511021 0.781572  1.07573  51.0053      180
0.512007 0.782629  1.07252 -3.25217      180
0.513021 0.783695  1.05099 -21.2344      180
0.514022 0.78478 1.08354 32.4876     180
0.515022 0.785824  1.04429 -39.2602      180
 0.51603 0.786865  1.04141 -2.85924      180
0.517007 0.787889  1.03889 -2.58187      180
0.518035 0.789007  1.08893  48.6839      180
0.519032 0.790071  1.06743 -21.5628      180
0.520021 0.791072  1.01091 -57.1202      180
0.521022 0.792189  1.11543  104.425      180
0.522006 0.793212   1.0403 -76.3331      180
0.523021 0.794301  1.07277  32.0067      180
0.524026 0.795371  1.06932 -3.43242      180
0.525038 0.796409  1.03019 -38.6808      180
0.526007 0.79743 1.04585 16.1629     180
0.527004 0.79856 1.13195 86.3506     180
0.528054 0.799686  1.07287 -56.2596      180
0.529016 0.800716  1.07021 -2.76992      180
0.530023  0.80179  1.06668 -3.50406      180
0.531021 0.802887  1.09896  32.3385      180
0.532009 0.803969  1.09526 -3.75142      180
0.533025 0.805078  1.09102 -4.17144      180
0.534026 0.806157  1.08738 -3.63435      180
0.535015 0.807256  1.10148  14.2498      180
0.536019 0.808358  1.09738 -4.08816      180
0.537021 0.809453   1.0934 -3.97134      180
0.538054 0.810559  1.07106 -21.6288      180
0.539016 0.811605  1.08623  15.7693      180
 0.54002 0.812692  1.08241 -3.80387      180
0.541022 0.813755  1.06096 -21.4279      180
0.542006 0.814848  1.11147  51.3365      180
 0.54303 0.816006  1.14255  30.3607      180
0.544036 0.817143  1.11957 -22.8348      180
0.544986 0.818228  1.13395  15.1257      180
0.546021 0.819391  1.12862 -5.15087      180
 0.54702 0.820495  1.10631 -22.3326      180
0.548054 0.821633  1.10148 -4.67836      180
0.549052 0.822728  1.09752 -3.96167      180
 0.55001 0.823796  1.11223   15.345      180
0.551022 0.824916  1.10776 -4.41475      180
0.552032 0.826057  1.13918  31.1346      180
0.553053 0.827205  1.11598 -22.7035      180
0.554045 0.828326  1.12965  13.7792      180
0.555002 0.829428  1.14368  14.6596      180
0.556006 0.830529  1.10329 -40.2213      180
0.557005 0.831645  1.11704  13.7761      180
0.558053  0.83279  1.09392 -22.0736      180
0.558999 0.833824  1.09118 -2.89672      180
0.560023 0.834955  1.10464  13.1436      180
 0.56103 0.836089  1.13619  31.3381      180
0.562023 0.837205  1.11365 -22.7029      180
0.563053  0.83831  1.07318 -39.2638      180
0.564046 0.839407  1.10546   32.525      180
 0.56501 0.840506  1.13771  33.4444      180
0.566005 0.841597  1.09752 -40.3937      180
0.567004  0.84269   1.0936 -3.91917      180
0.568053 0.84385 1.10649 12.2888     180
0.569016 0.844947  1.13876  33.5066      180
 0.57003  0.84607  1.11608 -22.3727      180
0.571052 0.847214  1.11113 -4.83753      180
0.572012 0.848278  1.10778 -3.48897      180
0.573056 0.849446  1.12051  12.1891      180
0.573994 0.850484  1.09955 -22.3183      180
0.575005 0.851622  1.13103  31.1569      180
 0.57601 0.852774  1.14406  12.9709      180
0.577009 0.853893  1.12145 -22.6274      180
0.578054  0.85504  1.09828 -22.1712      180
0.579025 0.856147  1.14851  51.7216      180
 0.58003 0.857242  1.09009 -58.1312      180
0.581036 0.858362  1.10377  13.5948      180
0.582022 0.859463  1.11783  14.2656      180
0.583004 0.860593  1.14946  32.2073      180
0.584012 0.861739  1.14447 -4.95599      180
0.585008 0.862899  1.15732  12.9041      180
0.586028 0.864014  1.09851 -57.6528      180
0.587023 0.865145  1.13012  31.7643      180
0.588066 0.866306  1.12482 -5.08418      180
0.589018 0.867403  1.13896  14.8618      180
0.590024 0.86856 1.15188 12.8474     180
0.591009 0.869656  1.11159 -40.8791      180
 0.59202 0.870777  1.10712 -4.42801      180
0.593039 0.871917   1.1204  13.0438      180
0.593993 0.873005   1.1347  14.9817      180
0.595025 0.874184  1.14721  12.1261      180
0.596023 0.875306  1.12454 -22.7113      180
0.597032 0.876462  1.15565  30.8536      180
0.598055 0.877648  1.14985 -5.66873      180
0.599016  0.87875  1.14575 -4.27129      180
0.600026 0.879901  1.14065   -5.049      180
0.601022 0.881016  1.11813 -22.5979      180
0.602007 0.882113  1.11411 -4.08174      180
 0.60301 0.883226  1.10978  -4.3132      180
0.604027 0.884362  1.12315  13.1451      180
0.605023 0.885501  1.13645  13.3568      180
0.606036 0.886615  1.11395 -22.2015      180
0.607008 0.887725  1.12781  14.2642      180
0.608054  0.88886  1.08672 -39.3135      180
0.609016 0.889956  1.13717  52.4306      180
0.610028 0.891096  1.13231 -4.80434      180
0.611024 0.892208  1.10985 -22.5604      180
0.61201 0.89331 1.12388 14.2225     180
0.613022 0.894467  1.13683  12.8084      180
0.614022 0.895545  1.07874 -58.0875      180
 0.61503 0.896673  1.12857  49.4407      180
0.616021 0.897797  1.12402 -4.59676      180
0.617006 0.898865  1.08429 -40.3493      180
0.618053 0.900051  1.13299   46.473      180
0.619022 0.901098  1.07554 -59.3389      180
0.620023 0.902202  1.10769  32.1199      180
0.621022 0.903287  1.08578 -21.9234      180
0.622008 0.904389  1.11796  32.6549      180
0.623005 0.905482  1.09589 -22.1272      180
0.624016 0.906594  1.10974  13.7018      180
0.625009 0.907701  1.10551 -4.25548      180
0.626007 0.908783  1.08366 -21.8962      180
0.627022 0.909843   1.0441  -38.984      180
0.628054 0.910936  1.05834  13.7922      180
0.629016 0.911968  1.07377  16.0544      180
 0.63002 0.913061  1.08801   14.174      180
0.631006 0.91413 1.08457 -3.4963     180
0.632005 0.915174  1.04532 -39.2792      180
0.633015 0.916253  1.07798  32.3534      180
0.634007 0.917293  1.03882 -39.4618      180
0.635022 0.918328  1.01792 -20.5861      180
 0.63602 0.919393  1.06901  51.1865      180
0.637022 0.920461  1.06559   -3.413      180
0.638056 0.921521  1.02601 -38.2501      180
0.639032 0.922555  1.05957  34.4068      180
0.640036 0.923562  1.00292 -56.3853      180
0.641023 0.924551  1.00109 -1.85211      180
0.642015 0.925551   1.0172  16.2258      180
0.643003 0.926563  1.01491 -2.31239      180
 0.64402 0.927556 0.976687 -37.6028      180
0.645008  0.92852 0.975373 -1.33021      180
0.646021 0.929452 0.920227 -54.4108      180
0.647023 0.930463  1.00873  88.3449      180
0.648053 0.931479 0.988205 -19.9317      180
0.649054  0.93245 0.968597 -19.5813      180
 0.650012  0.933378  0.967999 -0.624578       180
0.651031 0.934354 0.966435 -1.53421      180
0.652005 0.935286  0.94762 -19.3133      180
0.653021 0.936265 0.964139  16.2597      180
0.654022 0.937158 0.891649 -72.4255      180
0.655022 0.938103 0.945166  53.5081      180
0.656025 0.939068 0.961981  16.7725      180
0.657009 0.939996 0.943236 -19.0423      180
0.658053 0.940923 0.888194 -52.7324      180
0.659001 0.941767 0.889295  1.16142      180
0.660032 0.942694 0.906885  17.0741      180
 0.661024  0.943601  0.906701 -0.185004       180
 0.66201 0.944495 0.906795 0.095287      180
 0.663022  0.945412  0.906434 -0.357585       180
0.664027 0.946301 0.888486 -17.8422      180
0.665018 0.947169 0.870944 -17.7166      180
0.666026 0.948065 0.889146  18.0527      180
0.667007 0.948938 0.889671 0.535121      180
0.668055 0.949851 0.871233 -17.5844      180
0.669025 0.950674 0.854598 -17.1475      180
0.670022 0.951551 0.873195  18.6568      180
  0.671055   0.952452    0.87316 -0.0341225        180
0.672007 0.953234 0.821071 -54.7148      180
0.673004 0.954091 0.858212  37.2232      180
0.674009 0.954953 0.858945 0.728956      180
 0.67504  0.95582 0.841432 -16.9835      180
0.676012 0.956659 0.860798  19.9278      180
0.677022 0.957474 0.808016 -52.2495      180
0.678064 0.958327   0.8271  18.3206      180
0.679016 0.959107 0.811338 -16.5562      180
0.680003 0.959929  0.83104  19.9555      180
0.681025 0.960742 0.796454 -33.8545      180
0.682025 0.961523 0.780684 -15.7633      180
0.683006 0.962309 0.801109  20.8394      180
0.684008 0.963078  0.76742 -33.5955      180
0.685008 0.963866 0.787813  20.4043      180
0.686028 0.964684 0.807596  19.3997      180
0.687034 0.965479 0.791541 -15.9454      180
0.688056 0.966241 0.739825 -50.5975      180
0.689032 0.967002 0.778903  40.0449      180
 0.69004 0.967807 0.798957  19.9083      180
0.691007 0.968513 0.730239 -71.0083      180
0.692023 0.969277 0.751134  20.5776      180
0.693005 0.970017 0.754322  3.24561      180
0.694012 0.970739 0.721593 -32.5148      180
0.695022 0.971494 0.742645  20.8346      180
0.696035 0.972222  0.72794 -14.5116      180
0.697023 0.972936  0.71351 -14.6124      180
0.698055 0.973712 0.752315  37.5885      180
0.699018 0.974388 0.702363 -51.8851      180
 0.70001 0.975121 0.742022  39.9864      180
0.701023 0.975844 0.709262 -32.3383      180
0.702029 0.976592 0.748601  39.0991      180
0.703022 0.977271 0.680424 -68.6899      180
0.704021 0.977974  0.70254  22.1331      180
0.705034 0.978647  0.67078 -31.3505      180
0.706022  0.97932 0.675331  4.60485      180
 0.70701 0.979992 0.679913  4.63807      180
 0.70806 0.980686 0.665889 -13.3628      180
0.709032 0.981343 0.670776  5.02772      180
0.710024 0.982049 0.710971  40.4878      180
0.711022 0.982691 0.643538 -67.5996      180
0.712006 0.983329 0.648794  5.34211      180
0.713021 0.984011  0.67134  22.2083      180
 0.71403 0.984651 0.640253 -30.8168      180
0.715007 0.985252 0.609953 -31.0194      180
0.716022 0.985913 0.651071  40.4928      180
 0.71701 0.986579 0.673924  23.1362      180
0.718054 0.987231 0.624438 -47.3881      180
0.719021 0.987843 0.630215  5.97366      180
0.720022 0.988459 0.617775  -12.423      180
0.721022 0.989065  0.60554 -12.2415      180
0.722009 0.989633  0.57591 -30.0189      180
0.723015  0.99025 0.617911  41.7359      180
0.724009 0.990857 0.605651  -12.338      180
0.725024 0.991495 0.629063  23.0785      180
0.726006 0.992101 0.616828 -12.4494      180
0.727022 0.992733  0.62221  5.29646      180
0.728055 0.993343 0.591724 -29.5376      180
0.729019 0.993921 0.598201  6.71417      180
0.730023 0.994492 0.568516 -29.5815      180
0.731012 0.995078 0.592973  24.7246      180
0.732012  0.99569 0.616929  23.9574      180
0.733029 0.996219  0.51545 -99.7968      180
0.734025 0.996793 0.576464  61.2227      180
0.735035 0.997381  0.58274  6.21429      180
0.736004 0.997921 0.553676 -29.9885      180
0.737006 0.998497 0.578347  24.6313      180
0.738055 0.999091  0.56635 -11.4335      180
0.739018 0.999644 0.573336  7.25878      180
0.740023  1.00019 0.544132 -29.0468      180
0.741037  1.00073 0.533305 -10.6803      180
0.742006  1.00127 0.558571  26.0694      180
0.743004  1.00182 0.547532 -11.0607      180
0.744039  1.00237 0.536315 -10.8381      180
0.745043  1.00292 0.543457  7.11354      180
0.746049  1.00349 0.568219   24.617      180
0.747013  1.00403 0.557289 -11.3326      180
0.748076  1.00462 0.563494  5.83581      180
0.749046  1.00518 0.570411  7.13796      180
0.750034  1.00573 0.559317 -11.2288      180
0.751022  1.00626  0.53049 -29.1772      180
0.752061  1.00683 0.555241  23.8214      180
0.753002  1.00737 0.562538  7.75151      180
0.754027  1.00793 0.551268 -10.9977      180
0.755007  1.00844 0.522696 -29.1582      180
0.756005  1.00894 0.494572 -28.1597      180
0.757004  1.00944 0.502583  8.01724      180
0.758053  1.00997 0.509943  7.02078      180
0.759009   1.0105 0.553775  45.8587      180
0.760055  1.01105 0.524439 -28.0286      180
0.761019  1.01153 0.496565 -28.9102      180
0.762022  1.01202 0.486742 -9.79301      180
0.763022  1.01255 0.530496  43.7677      180
0.764027  1.01309 0.537731  7.20262      180
0.765016  1.01359 0.509404 -28.6228      180
 0.76602  1.01406  0.46369 -45.5427      180
0.767005  1.01458 0.525833  63.0944      180
0.768064  1.01512 0.514925 -10.2948      180
0.769017  1.01555 0.451692 -66.3876      180
0.770023  1.01605 0.496072  44.1205      180
0.771022  1.01654  0.48625 -9.82993      180
0.772025  1.01701  0.47664 -9.57825      180
0.773083  1.01755 0.502199  24.1718      180
0.773998  1.01797 0.457436 -48.9322      180
0.774991  1.01845 0.484022   26.767      180
0.776047  1.01896 0.491739   7.3085      180
0.777012  1.01945 0.500151  8.71299      180
0.778053   1.0199 0.436483 -61.1774      180
0.779015 1.02038 0.49936 65.3423     180
0.780003  1.02083 0.453988 -45.9447      180
0.781024   1.0213 0.462602  8.43428      180
 0.78202  1.02175 0.453478 -9.16488      180
0.783021  1.02223 0.480078  26.5706      180
0.784006  1.02272 0.488508  8.55736      180
0.785006 1.02321 0.49663 8.11828     180
 0.78606  1.02368 0.450804 -43.5055      180
0.787006  1.02412 0.460059  9.77806      180
0.788046  1.02463 0.486171  25.1028      180
0.789015  1.02506 0.441242 -46.3702      180
0.790003  1.02554 0.485988  45.3111      180
0.791006    1.026 0.458542 -27.3496      180
 0.79201  1.02645 0.449436 -9.07301      180
0.793018 1.02693 0.47605 26.4153     180
0.794008  1.02739 0.466654 -9.48343      180
0.795007  1.02783  0.43969 -26.9908      180
0.795982  1.02829 0.466725  27.7506      180
0.796979  1.02876 0.475304   8.6048      180
0.798051  1.02924 0.447513 -25.9144      180
0.798988  1.02967 0.456948  10.0721      180
0.799984  1.03015 0.483515  26.6644      180
 0.80102  1.03062 0.455877 -26.6733      180
0.802038  1.03113 0.500073   43.422      180
0.803024  1.03156 0.436909 -64.0853      180
0.804025  1.03198 0.428317 -8.57988      180
0.804984  1.03239 0.420063 -8.61012      180
0.806003  1.03283 0.429429  9.19397      180
0.807002   1.0333 0.474317  44.9339      180
0.808051  1.03379 0.464478 -9.37268      180
0.809025  1.03423 0.455518 -9.20192      180
0.810002  1.03467 0.446642 -9.08958      180
0.810997  1.03507 0.402252  -44.616      180
 0.81202  1.03556 0.483107  79.0327      180
0.813028  1.03598 0.420168 -62.4225      180
0.814022  1.03647 0.482997  63.1951      180
0.815004  1.03693 0.473603 -9.56802      180
0.816003  1.03736 0.428646 -44.9922      180
0.817003   1.0378 0.437953  9.31194      180
0.818049  1.03827 0.446681  8.33879      180
 0.81901  1.03865 0.402559  -45.909      180
 0.82002  1.03909 0.430102  27.2844      180
0.821025  1.03951 0.421542 -8.51413      180
0.822026   1.0399 0.395457 -26.0554      180
0.823019  1.04035 0.441001  45.8645      180
0.824004  1.04079 0.450194  9.33802      180
0.825004  1.04123  0.44128 -8.91444      180
0.826002  1.04164 0.414765  -26.555      180
0.827018  1.04208 0.424214  9.30107      180
0.828049  1.04252 0.433354  8.86332      180
0.828998  1.04293 0.425197 -8.59819      180
0.830003  1.04334 0.416736 -8.41904      180
0.831018 1.04379 0.44402 26.8693     180
0.832004  1.04419 0.399682 -44.9954      180
0.833021  1.04464 0.445007  44.5525      180
0.834023  1.04506 0.418385   -26.56      180
0.835052  1.04548 0.409871 -8.27268      180
0.836004   1.0459 0.437688  29.2191      180
0.837004  1.04636 0.464663  26.9963      180
0.838051  1.04678 0.401684 -60.1576      180
0.839029   1.0472 0.429499  28.4411      180
0.840028  1.04762 0.421071 -8.43238      180
0.841021  1.04807 0.448304  27.4371      180
 0.84201  1.04847  0.40399 -44.8082      180
0.843001  1.04888 0.413801  9.89611      180
0.844006  1.0493 0.42336 9.51007     180
0.845007  1.04972 0.414969 -8.38102      180
 0.84602  1.05011 0.388855 -25.7846      180
0.847022  1.05057 0.452314  63.3124      180
0.848064  1.05101 0.425268 -25.9645      180
0.849056  1.05142 0.416939  -8.3975      180
0.850011 1.05185 0.44456 28.9126     180
0.851022  1.05227  0.41787 -26.4022      180
0.852022  1.05272 0.445182  27.3206      180
0.853021  1.05317 0.454162   8.9822      180
0.854026  1.05358 0.409598 -44.3452      180
0.855009  1.05399 0.419372  9.94544      180
0.856019  1.05445 0.446562    26.91      180
0.857004  1.05488 0.437858 -8.84178      180
0.858062  1.05533 0.428786 -8.57628      180
0.859003  1.05573 0.420707 -8.58723      180
0.860023  1.05615 0.412204 -8.33271      180
0.861024 1.05659 0.43962 27.3791     180
0.862022    1.057 0.413138 -26.5412      180
 0.86302  1.05739 0.387181 -26.0148      180
0.864022   1.0578 0.415085  27.8537      180
0.865023  1.05824 0.442445  27.3221      180
0.866006  1.05871 0.469425  27.4604      180
0.867013  1.05915 0.442354  -26.881      180
0.868054  1.05962 0.450957  8.25911      180
0.869015  1.06005 0.442353 -8.95276      180
0.870023  1.06047 0.415741 -26.4054      180
0.871004  1.06085 0.389866 -26.3805      180
0.872005   1.0613 0.453315  63.4079      180
0.873024   1.0617 0.390798 -61.3081      180
0.874023 1.06214 0.43644 45.6891     180
0.875007  1.06254 0.410138 -26.7305      180
0.876033  1.06293 0.384121 -25.3723      180
0.877023  1.06331 0.376508 -7.69215      180
0.878056 1.06374 0.42218 44.2106     180
0.879016  1.06412 0.396344 -26.8897      180
 0.88002  1.06453 0.406258  9.87958      180
0.881023  1.06493  0.39818 -8.05559      180
0.882021  1.06534 0.408107  9.94212      180
0.883022  1.06577 0.435605  27.4798      180
0.884007  1.06621 0.444905  9.44251      180
0.885019  1.06661 0.400482 -43.8924      180
0.886023  1.06703 0.410241  9.72052      180
0.887023  1.06741 0.384332 -25.9111      180
0.888054  1.06786 0.429854  44.1262      180
0.889019  1.06823 0.386036 -45.4128      180
0.890054  1.06866 0.413711  26.7577      180
   0.891  1.06904 0.405893 -8.26186      180
0.892023  1.06943 0.379929 -25.3731      180
0.893022  1.06982 0.390207  10.2893      180
0.894029  1.07024 0.418077  27.6736      180
0.895023  1.07059 0.356401 -62.0357      180
0.896005  1.07101 0.420657  65.4634      180
0.897004  1.07142 0.412336 -8.33165      180
0.898055  1.07186 0.421553  8.76559      180
0.899018  1.07224 0.395703   -26.85      180
0.900005  1.07264 0.405764  10.1883      180
0.901021  1.07307 0.415394  9.48594      180
 0.90202  1.07347 0.407177  -8.2176      180
0.903031  1.07389 0.416884    9.602      180
0.904007  1.07428 0.390964 -26.5685      180
0.905023   1.0747 0.418688   27.297      180
0.906007  1.07507 0.374928 -44.4413      180
0.907004  1.07547 0.403115  28.2897      180
0.908055   1.0759 0.412523  8.95191      180
0.909018  1.07624 0.351245 -63.6025      180
0.910006  1.07667 0.433353  83.1247      180
0.911004  1.07708 0.406994 -26.4107      180
0.912022   1.0775 0.416664  9.49356      180
0.913023  1.07795 0.443908  27.2336      180
0.914024  1.07836 0.417323 -26.5619      180
0.915023  1.07879 0.426854  9.53399      180
0.916023  1.07919 0.400608 -26.2663      180
0.917006  1.07959 0.410606  10.1659      180
0.918053  1.08005 0.437678  25.8529      180
0.919015  1.08047 0.429327 -8.68052      180
0.920021  1.08091 0.438569  9.18803      180
0.921031  1.08132 0.412073 -26.2287      180
0.922022 1.08176 0.43951 27.6965     180
0.923022  1.08221 0.448602  9.09454      180
0.924022  1.08261 0.404132 -44.4311      180
0.925007    1.083 0.396247 -8.00935      180
0.926005  1.08348 0.477388  81.2629      180
0.927004  1.08384  0.36118 -116.328      180
0.928041  1.08428 0.424924  61.4768      180
0.929017  1.08463 0.363307 -63.1573      180
0.930015    1.085 0.373988  10.6967      180
0.931004   1.0854 0.402185  28.5262      180
0.932021  1.08584 0.429669  27.0088      180
0.933022  1.08624 0.403359 -26.2861      180
0.934028  1.08668 0.430961  27.4529      180
0.935054  1.08711 0.422164 -8.56859      180
0.936003  1.08749 0.396367 -27.1864      180
0.937007 1.08789 0.40633 9.92586     180
0.938062  1.08833 0.415694  8.87825      180
0.939041  1.08869 0.372054  -44.557      180
0.940027  1.08907 0.382556  10.6528      180
0.941022  1.08948 0.410553   28.126      180
0.942005  1.08991 0.438162  28.1004      180
0.943021  1.09031 0.393767 -43.6899      180
0.944026  1.09074 0.421518  27.6016      180
0.945007  1.09113  0.39553 -26.5078      180
 0.94602  1.09154 0.405389  9.73391      180
0.947021   1.0919 0.361767 -43.5627      180
0.948064  1.09232 0.407741  44.0749      180
0.949017  1.09272 0.417756  10.5146      180
0.950026  1.09311  0.39165 -25.8609      180
0.951037  1.09352 0.401579  9.82417      180
0.952024  1.09389 0.375926 -25.9962      180
0.953021   1.0943 0.404092  28.2361      180
0.954023  1.09469 0.396082 -7.99766      180
0.955006  1.09511 0.423957  28.3368      180
0.956003  1.09551 0.397794 -26.2463      180
0.957013   1.0959 0.389908 -7.80612      180
0.958054   1.0963 0.381813 -7.78059      180
0.959009 1.09669 0.41017 29.6753     180
0.960022  1.09708 0.384169 -25.6729      180
0.961021  1.09747 0.394354  10.1937      180
0.962022  1.09788 0.404348  9.99168      180
0.963009  1.09825 0.378647 -26.0373      180
0.964005  1.09866 0.406762  28.2178      180
0.965008  1.09905 0.398684 -8.05228      180
0.966032  1.09945  0.39068 -7.82164      180
0.967007  1.09985 0.400854  10.4313      180
0.968054  1.10026 0.392556 -7.92298      180
0.969031  1.10063  0.38496 -7.77871      180
0.970027  1.10101 0.377368  -7.6212      180
0.971005  1.10135 0.352254 -25.6669      180
0.972008  1.10174 0.380845  28.5181      180
0.973022 1.10213 0.39099 10.0034     180
0.974023  1.10248 0.347652 -43.3001      180
0.975016  1.10287 0.394268  46.9326      180
0.976006  1.10327 0.404271  10.1118      180
0.977009  1.10365 0.378441  -25.752      180
0.978053 1.10407  0.4062 26.5826     180
0.979003  1.10444 0.380746  -26.791      180
0.980009  1.10479 0.355368 -25.2293      180
0.981024   1.1052 0.401601  45.5522      180
0.982022  1.10561 0.411459  9.87958      180
0.983023  1.10602 0.403303 -8.14734      180
0.984017  1.10639 0.377647 -25.8116      180
0.985008  1.10678 0.387956  10.4019      180
0.986024  1.10714 0.362369 -25.1865      180
0.987022  1.10753 0.390787  28.4748      180
0.988054  1.10793 0.382813 -7.72322      180
0.989051   1.1083 0.375263 -7.57688      180
0.990046  1.10869 0.385656  10.4381      180
0.991009  1.10905 0.378285  -7.6562      180
0.992023  1.10946 0.406281  27.6097      180
0.993032  1.10988 0.416029  9.66317      180
0.994008  1.11026 0.390117 -26.5398      180
0.995004  1.11064 0.382424 -7.72701      180
0.996024 1.11104 0.39249 9.86266     180
0.997021  1.11143 0.384743 -7.77208      180
0.998055  1.11182 0.376875 -7.60889      180
0.999019 1.11219 0.38748 11.0012     180
