         0   0.782163 0.00961898          0          0
 0.00104046    0.782159 -0.00423933    -13.3194         160
0.00202417   0.782141 -0.0178243   -13.8099        160
0.00301909   0.782124 -0.0174751   0.350953        160
0.0040257  0.782148 0.0238682   41.0721       160
0.00500941   0.782158 0.00973486   -14.3673        160
   0.006037    0.782153 -0.00412503    -13.4878         160
0.00702453   0.782136 -0.0177105    -13.757        160
0.00800991   0.782146 0.00997122    28.0923        160
0.00906014   0.782156 0.00976424  -0.197079        160
  0.0100071    0.782152 -0.00409226     -14.632         160
  0.0110247    0.782148 -0.00400987   0.0809615         160
 0.0120108   0.782157 0.00973629    13.9399        160
0.0130243  0.782181 0.0232052   13.2893       160
  0.01402  0.782203 0.0227476 -0.459624       160
0.0150323  0.782185 -0.018701   -40.944       160
  0.0160239     0.78218 -0.00466496     14.1552         160
0.0170257  0.782203 0.0227591   27.3738       160
 0.0180247   0.782184 -0.0186895   -41.4912        160
0.0190585  0.782193 0.0090157   26.7998       160
0.0200181  0.782228 0.0361867   28.3139       160
0.0210302   0.78225 0.0218002  -14.2147       160
0.0220227 0.782298 0.048702   27.104      160
0.0256007  0.782417 0.0320147  -4.66392       160
0.0260158  0.782436 0.0455045   32.4987       160
0.0270255  0.782513 0.0760442   30.2463       160
 0.028023  0.782606 0.0923373   16.3332       160
0.0290353 0.782698 0.090487 -1.82775      160
0.0300179 0.782838 0.142114  52.5455      160
0.0310104 0.783012 0.174913  33.0455      160
0.0320249 0.783204  0.18919  14.0729      160
0.0330238 0.783372 0.167653 -21.5587      160
0.0340238 0.783554 0.182131  14.4788      160
0.0350308 0.783769 0.214113  31.7569      160
0.0359943 0.784009  0.24557  32.6505      160
0.0370264 0.784329 0.311735  64.1062      160
0.0380244 0.784635 0.305574 -6.17288      160
0.0390196 0.784986 0.352943  47.5993      160
0.0400176 0.785403 0.417131   64.315      160
0.0410228 0.785778 0.373252  -43.653      160
0.0420196 0.786284 0.508257  135.435      160
0.0430233 0.786767 0.480348 -27.8047      160
0.0440116 0.787284 0.524369  44.5442      160
0.0450044 0.787871 0.585128  61.2016      160
0.0460196  0.78845 0.573439 -11.5145      160
0.0470245 0.789105 0.650982  77.1628      160
0.0480251 0.789797 0.691472  40.4634      160
0.0490241 0.790527 0.731189  39.7585      160
0.0500193 0.791295  0.77014    39.14      160
0.0510054 0.792097 0.808396  38.7955      160
0.0520294 0.792903 0.792118 -15.8965      160
0.053021 0.793738 0.847869  56.2247      160
0.0540264 0.794652  0.90203  53.8694      160
0.055027 0.795537 0.884153 -17.8655      160
0.0560172 0.796466 0.938004   54.386      160
0.0570283 0.797431 0.954809  16.6205      160
0.0580652 0.798493  1.02417  66.8921      160
0.0590558  0.79947 0.986291 -38.2362      160
0.0599968 0.800489  1.07457  93.8078      160
0.060992 0.801573  1.08899   14.489      160
0.0620189 0.802671  1.08496 -3.92412      160
0.0630116 0.803773  1.09902  14.1618      160
0.0640252 0.804918  1.13035  30.9194      160
0.0650651 0.806142  1.17828  46.0806      160
0.0660543 0.807233  1.10179 -77.3263      160
0.0670309 0.808357  1.15166  51.0737      160
0.0680292 0.809503  1.14668 -4.99582      160
0.0690229 0.81069 1.19531 48.9391     160
0.0700214 0.811861  1.17166 -23.6858      160
0.0710289 0.813045  1.18405  12.2963      160
0.0720141 0.814216  1.17856 -5.57105      160
0.0730124 0.815386  1.17306 -5.50654      160
0.0740271 0.816554  1.14949 -23.2302      160
0.0750258 0.817715  1.16234  12.8663      160
0.076026 0.818872  1.15712 -5.21936      160
0.0770264 0.820007   1.1342  -22.907      160
0.0780284 0.821138   1.1295 -4.69614      160
0.0790253 0.822294   1.1606  31.2035      160
0.0800269 0.823427  1.13774 -22.8294      160
0.0810256 0.82462 1.18624 48.5676     160
0.0820115 0.825767  1.16308 -23.4925      160
0.0830693 0.826963  1.13891 -22.8479      160
0.0840192 0.828033   1.1173  -22.754      160
0.0850165 0.829179  1.14862  31.4084      160
0.0860198 0.830327  1.14358 -5.02421      160
0.087028 0.831421  1.08517 -57.9304      160
0.0880275 0.832555  1.13488  49.7379      160
0.0890307 0.833679  1.13034 -4.52813      160
0.0900197 0.834821  1.14357  13.3765      160
0.0910232 0.835963  1.13865 -4.90143      160
0.092026 0.837101  1.13383 -4.80751      160
0.0930285 0.838286  1.18251  48.5532      160
0.0940268 0.839426  1.14132 -41.2574      160
0.0950327 0.840598   1.1721  30.6037      160
0.0960269 0.841748  1.14889 -23.3483      160
0.0970266 0.842944  1.19734  48.4652      160
0.0980375 0.844121  1.17356 -23.5237      160
0.0990231 0.845334  1.22166  48.8052      160
0.100024 0.846586  1.25083  29.1441      160
0.100997 0.847787  1.22658 -24.9129      160
0.102012 0.849037  1.23764  10.8971      160
0.103011 0.850249  1.21315  -24.513      160
0.104021 0.851503  1.24229  28.8613      160
0.105003 0.852735   1.2537  11.6119      160
0.106016 0.854034  1.28194   27.872      160
0.107026 0.855344  1.30993  27.7246      160
0.108016 0.856662  1.31961  9.77485      160
0.109027 0.857987  1.31101  -8.5003      160
0.110009 0.859304  1.33886  28.3521      160
0.111009 0.86067 1.36572 26.8683     160
0.112018 0.862037  1.35626 -9.37912      160
0.113015 0.863417  1.38284  26.6646      160
0.114018 0.864794  1.37317 -9.64387      160
0.115023 0.866156  1.36383 -9.29935      160
0.116027 0.867527  1.37244  8.57596      160
0.117018 0.868876  1.34518 -27.4889      160
0.118017 0.870263  1.38978  44.6602      160
0.119496 0.872218  1.31382 -51.3508      160
0.120058 0.872984  1.35257   68.954      160
0.120988 0.874253  1.36323  11.4585      160
0.122005 0.87567 1.38907   25.41     160
0.123006  0.87705  1.37936 -9.71214      160
0.124007 0.878386  1.33423  -45.091      160
0.125015 0.87973  1.3434 9.09517     160
0.125988 0.881022  1.31729 -26.8343      160
0.127004 0.88239 1.34414 26.4147     160
0.128004 0.883726  1.33532 -8.81842      160
0.128991 0.884982  1.27365 -62.5243      160
0.130019  0.88626  1.24783 -25.1145      160
0.131012 0.887496  1.24104 -6.83573      160
0.131988 0.888738   1.2704  30.0667      160
0.133007 0.889989  1.22698 -42.6296      160
0.134013 0.891209   1.2205 -6.43751      160
0.134992 0.892389  1.19667 -24.3475      160
0.136006 0.893578  1.17264 -23.6867      160
0.137006 0.894765  1.18499  12.3543      160
  0.138 0.89595 1.19735 12.4276     160
0.138976 0.897083  1.15633 -42.0436      160
0.139996 0.898233   1.1331 -22.7865      160
0.141011 0.89939 1.14605 12.7546     160
0.142013 0.900516  1.12331 -22.6981      160
0.143025  0.90164  1.11877 -4.47998      160
0.144012 0.902732  1.09671 -22.3628      160
0.144997 0.903831  1.11082  14.3258      160
0.145999 0.904925  1.08871 -22.0573      160
0.146997 0.906044  1.12058  31.9305      160
0.147994 0.907158  1.11623 -4.36809      160
0.148986 0.908243  1.09432 -22.0782      160
0.149995 0.90938 1.12582 31.1917     160
0.151024 0.910524  1.12087  -4.8106      160
0.152034 0.911643  1.11643 -4.39871      160
0.153015 0.912743  1.11236  -4.1446      160
0.154005 0.913812  1.07262   -40.17      160
0.155025 0.914933  1.10444  31.1759      160
0.156011 0.916036  1.11847  14.2256      160
0.157024 0.917147  1.09604 -22.1391      160
0.158025  0.91824  1.09211 -3.92555      160
0.159034 0.919332  1.08821 -3.86092      160
 0.16001 0.920419  1.10255  14.6928      160
0.161038 0.921516   1.0804 -21.5653      160
0.161998 0.922584  1.09513  15.3476      160
0.163017 0.923682  1.09111 -3.94868      160
0.164012 0.924736  1.05167 -39.6301      160
0.165032 0.925816  1.06616  14.2099      160
0.166023 0.926895  1.08068  14.6383      160
0.167033 0.927972  1.07708 -3.57042      160
0.168024 0.929065  1.09131  14.3641      160
0.169064 0.930168  1.06902 -21.4391      160
0.170027 0.931194  1.06645 -2.66991      160
 0.17103 0.932246   1.0452  -21.171      160
0.172017 0.933339  1.09575  51.2046      160
0.173025 0.934357  1.02071 -74.4523      160
0.174024 0.935398    1.036  15.3099      160
0.175024 0.936414  1.01547 -20.5239      160
0.176025 0.937411 0.995342  -20.117      160
0.177048 0.938425 0.993015 -2.27429      160
0.178002 0.939379 0.991892 -1.17601      160
0.179034 0.940367 0.971943 -19.3337      160
0.180018 0.941296 0.935017 -37.5371      160
  0.18102  0.942233  0.934258 -0.757406       160
0.182025 0.943153 0.915668 -18.4942      160
0.183025 0.944086 0.933121   17.463      160
0.184025 0.945001 0.914646 -18.4682      160
0.185023 0.945883 0.878687 -36.0302      160
0.185998 0.946758   0.8973  19.0975      160
0.187027 0.947712 0.932514  34.2288      160
0.188032 0.948571 0.860702 -71.4253      160
0.189018 0.949462 0.897163  36.9566      160
0.190003 0.950296    0.844 -53.9904      160
 0.19102 0.951153 0.844848 0.833407      160
0.192026 0.952022 0.863603  18.6543      160
0.193025 0.952886 0.864314   0.7116      160
0.194026 0.953733   0.8472 -17.1023      160
0.195025 0.954564 0.830426 -16.7837      160
0.196026 0.955414 0.849552  19.0998      160
0.197034 0.956246 0.832747 -16.6831      160
0.198012 0.957087 0.852061  19.7394      160
 0.19902 0.957928 0.835075 -16.8469      160
0.200021 0.958783 0.854108  19.0305      160
0.201004 0.959629 0.855177  1.08652      160
0.202024 0.960445 0.802394 -51.7136      160
0.203023 0.961283  0.83992  37.5821      160
0.204026 0.962108 0.823254 -16.6193      160
0.205033 0.96297  0.8603  36.768     160
0.206033 0.963864 0.896702  36.4307      160
0.207014 0.964735 0.879102 -17.9256      160
0.208012 0.965612  0.87954  0.43862      160
0.209013 0.966475 0.862125 -17.3912      160
0.210001 0.967368 0.898541  36.8846      160
0.211016 0.968221 0.844989  -52.726      160
0.212027 0.969094 0.863673  18.4955      160
0.213026 0.969976  0.88216  18.5019      160
0.214026  0.97084  0.86471 -17.4515      160
0.215033 0.971705 0.865383  0.66775      160
0.216027 0.972573 0.866022 0.643381      160
0.217029 0.973459 0.884426  18.3655      160
0.218023 0.974321 0.867018 -17.5139      160
0.219023  0.97517 0.849867 -17.1478      160
0.220018 0.976089  0.92206  72.5266      160
0.221022 0.976979 0.885936   -35.98      160
0.222024 0.977849 0.868362 -17.5424      160
0.223025 0.978701 0.851148 -17.1945      160
0.224033 0.979554 0.852073 0.917653      160
0.225012 0.980412 0.871043  19.3913      160
0.226009   0.9813 0.889417  18.4155      160
0.227024 0.982129 0.818187  -70.214      160
0.228025 0.982986 0.855337  37.0911      160
0.229062 0.983892 0.873369  17.3906      160
0.230022 0.984698 0.838946 -35.8629      160
0.231025 0.985594 0.893457  54.3343      160
0.232011 0.986423 0.840416 -53.8017      160
0.233032 0.987275 0.841352 0.916742      160
0.234025 0.988083 0.806884 -34.7024      160
0.235023 0.988925  0.84432  37.5022      160
0.236026 0.989755 0.827552 -16.7182      160
0.237033  0.99059 0.828843  1.28216      160
0.238001 0.991377 0.812951 -16.4296      160
0.239061 0.992257 0.831499  17.4943      160
0.240008 0.993048 0.833667  2.28834      160
0.241021 0.993876 0.816946 -16.5056      160
0.242032 0.994714 0.836312  19.1524      160
0.243024 0.995552 0.837543  1.24098      160
0.244024 0.996355 0.803181 -34.3806      160
0.245006 0.997149 0.805277  2.13493      160
0.246025 0.997986 0.824679   19.026      160
0.247029 0.998793 0.808381 -16.2408      160
0.248025 0.999641 0.845726  37.4726      160
 0.24906  1.00053 0.864007  17.6679      160
0.250017  1.00131 0.811992 -54.3378      160
0.251021  1.0021 0.79615 -15.783     160
0.252009 1.00292 0.81586 19.9445     160
0.253025  1.00375 0.817242  1.36011      160
0.254025  1.00462 0.872237  55.0117      160
 0.25503  1.00544 0.819395 -52.5827      160
0.256017  1.00625 0.821061   1.6879      160
0.257032   1.0071 0.840275  18.9437      160
0.258025  1.00792 0.823637 -16.7424      160
0.259066  1.00874 0.789006  -33.292      160
0.260015  1.00951 0.809682  21.7775      160
0.261026  1.01037 0.846817  36.7263      160
0.262059  1.01124 0.847324   0.4912      160
0.262996  1.01203 0.831526  -16.852      160
0.264012  1.01283 0.797056 -33.9459      160
0.265031  1.01364 0.798847  1.75669      160
0.266024  1.01446 0.818633  19.9158      160
0.267025  1.01528 0.820202   1.5679      160
0.268013  1.01606 0.786373 -34.2646      160
0.269069  1.01687 0.770079 -15.4235      160
0.270015  1.01764 0.808915  41.0605      160
0.271025  1.01842 0.774932  -33.632      160
0.272024  1.01922 0.795188  20.2811      160
0.273025     1.02 0.779443 -15.7345      160
0.274025   1.0208 0.799583  20.1368      160
0.275026 1.02154 0.74816 -51.378     160
0.276024  1.02228  0.73336 -14.8182      160
0.277024 1.02307 0.79003 56.7145     160
0.278033  1.02388 0.809961  19.7528      160
0.279024  1.02467 0.793939 -16.1619      160
0.280017  1.02541 0.742718 -51.5565      160
0.281025 1.02616 0.74569  2.9486     160
0.282025  1.02694 0.784304  38.6165      160
0.283024  1.02769 0.750995 -33.3508      160
0.284031  1.02847 0.771606  20.4607      160
0.285013  1.02918 0.721036 -51.5318      160
0.286003   1.0299 0.724581  3.58095      160
0.287032  1.03066 0.745617  20.4434      160
0.288024  1.03141 0.748634  3.03867      160
0.289022  1.03219 0.787237  38.6976      160
0.290018  1.03293 0.736105 -51.3316      160
0.291022  1.03368 0.757072  20.8941      160
0.292025  1.03441 0.724228 -32.7209      160
0.293027  1.03514 0.727669  3.43595      160
0.294024  1.03587 0.731083  3.42134      160
0.295023   1.0366 0.734415  3.33746      160
0.296033  1.03732 0.719843 -14.4322      160
0.297024  1.03807 0.741192  21.5405      160
0.298011  1.03878 0.726704 -14.6714      160
0.299021   1.0395 0.712186 -14.3748      160
0.300025  1.04022 0.715821  3.62191      160
0.300987  1.04092 0.719883  4.22066      160
0.302024  1.04166 0.722977  2.98482      160
0.303025  1.04235 0.690855 -32.0863      160
 0.30406  1.04305 0.676727 -13.6501      160
0.305032  1.04373 0.699377  23.3018      160
0.306024  1.04441  0.68553 -13.9584      160
0.307025  1.04514 0.725325  39.7602      160
0.308026  1.04582 0.675372 -49.9205      160
0.309047  1.04651 0.679525  4.06796      160
   0.31 1.04718 0.70219 23.7602     160
0.311021  1.04788  0.68808 -13.8275      160
0.312002   1.0486 0.728005  40.6748      160
0.313025  1.04931 0.695572 -31.7248      160
0.314033  1.05003 0.717388  21.6367      160
0.315022  1.05071 0.685429 -32.2996      160
0.316025  1.0514 0.68961 4.16872     160
0.317041   1.0521 0.693544  3.87432      160
0.318004  1.05278 0.698029  4.65465      160
0.319023  1.05349 0.701837  3.73946      160
0.320004  1.05419 0.705888  4.12959      160
0.321002  1.05488 0.691924 -13.9777      160
   0.322  1.05556  0.67825 -13.7111      160
0.323006  1.05628 0.718199  39.6873      160
0.324024  1.05696 0.668159 -49.1534      160
0.325026  1.05761 0.654914 -13.2303      160
 0.32601   1.0583 0.695529   41.248      160
0.327027  1.05899 0.681524 -13.7733      160
0.328026 1.05967 0.68585  4.3322     160
0.329023  1.06034 0.672312 -13.5779      160
0.330017    1.061 0.659063 -13.3197      160
0.331025  1.06167 0.663717  4.61914      160
0.332034  1.06237 0.703928  39.8532      160
0.333026   1.0631 0.725578  21.8235      160
0.334025  1.06376  0.65784 -67.7919      160
0.335024  1.06444 0.680415  22.5932      160
0.336026  1.06509 0.649124 -31.2265      160
0.337025  1.06574 0.654078  4.96115      160
0.338026  1.06642 0.676699  22.5909      160
0.339028  1.06708 0.663367 -13.3109      160
0.340017  1.06774 0.668077  4.75994      160
0.341037  1.06842 0.672551  4.38681      160
0.342023  1.06906  0.64145 -31.5472      160
0.343029  1.06969 0.628749 -12.6293      160
0.344031  1.07035 0.651797  23.0004      160
0.345016  1.07101 0.674755  23.3155      160
0.346028  1.07166 0.643365 -31.0083      160
0.347031  1.07229  0.63065 -12.6792      160
0.348027  1.07295 0.653727  23.1558      160
 0.34903  1.07357 0.623038 -30.6042      160
0.350026 1.07419 0.62857 5.55334     160
0.351025  1.07487 0.669402  40.8741      160
0.352025  1.07547 0.602766  -66.625      160
0.353026  1.07613 0.661992    59.16      160
0.354025  1.07673 0.595529 -66.5785      160
0.355024  1.07736 0.637117  41.6105      160
0.356025  1.07799  0.62449 -12.6126      160
0.357028  1.07862 0.629881  5.37309      160
0.358026  1.07927 0.653034  23.2208      160
 0.35907   1.0799 0.604079 -46.8786      160
0.360015  1.08046  0.59265 -12.0968      160
0.361025   1.0811 0.634187  41.1286      160
0.362025  1.08169 0.586042 -48.1483      160
0.363025  1.08225 0.556634 -29.4035      160
0.364011  1.08285 0.616949   61.136      160
0.365025  1.08345 0.586772 -29.7607      160
0.366024  1.08406 0.610754  24.0173      160
0.367023  1.08466 0.598672  -12.091      160
0.368033 1.08528 0.62238 23.4695     160
0.369023  1.08587 0.592298 -30.3892      160
0.370018  1.08647 0.598423  6.15979      160
0.371025  1.08704 0.568687 -29.5133      160
0.372024  1.08762 0.575232  6.54999      160
0.373024 1.08822 0.59943 24.2117     160
0.374026   1.0888 0.587548 -11.8609      160
0.375024  1.08936 0.558131 -29.4608      160
0.376026  1.08993 0.564863   6.7217      160
0.377033  1.09053 0.607072  41.9219      160
0.378011  1.09114 0.613002  6.05705      160
0.379025  1.09169 0.547332 -64.7788      160
0.380018  1.09224 0.554364  7.08516      160
0.381021  1.09282 0.578941  24.5085      160
0.382025  1.09339 0.567421 -11.4687      160
0.383016  1.09396 0.574069  6.70606      160
0.384053  1.09455 0.562308 -11.3399      160
0.385011  1.09511 0.587251  26.0567      160
0.385995  1.09569 0.593593  6.44082      160
0.387025  1.09625 0.545913 -46.3247      160
0.388029  1.09683 0.570645  24.6334      160
0.389059  1.09738 0.541235 -28.5545      160
 0.39001  1.09791 0.548763  7.90936      160
0.391021  1.09845 0.537843 -10.8067      160
0.392027  1.09896 0.509338 -28.3382      160
0.393024  1.09951 0.552655  43.4134      160
0.394025  1.10007 0.559504  6.84769      160
0.395034  1.10064 0.566199  6.63026      160
0.396025  1.10118 0.537215  -29.265      160
0.397025  1.10176 0.579947  42.7045      160
0.398024  1.10229 0.532887 -47.1199      160
0.399022 1.10283 0.54016 7.28596     160
0.400044  1.10337 0.529232  -10.696      160
0.401033  1.10389 0.518816 -10.5281      160
0.402072 1.10445 0.54371  23.959     160
0.402996  1.10495 0.533753 -10.7799      160
0.404011  1.10544 0.487505 -45.5453      160
0.405026  1.10596 0.513282  25.4034      160
0.406025  1.10643 0.467541 -45.7996      160
0.407024  1.10694 0.511672  44.1769      160
0.408027  1.10746 0.519306  7.61067      160
0.409023  1.10798 0.526877  7.60059      160
0.410004  1.10849 0.516568 -10.5076      160
0.411024  1.10901 0.506198 -10.1723      160
0.412025 1.10952 0.51395 7.73969     160
0.413033  1.11002 0.503771 -10.0998      160
0.414025 1.11054 0.51159 7.88194     160
0.415007  1.11105 0.519386  7.93656      160
0.416002   1.1115 0.455751 -63.9607      160
 0.41703  1.11201 0.499928  43.0017      160
0.417983   1.1125 0.508211  8.68791      160
0.419019  1.11299  0.48007 -27.1588      160
0.420004  1.11346 0.470639 -9.57814      160
0.421022  1.11391 0.443427 -26.7294      160
0.422033  1.11442 0.505785  61.6859      160
0.423001   1.1149 0.496007 -10.1015      160
0.424011  1.11539 0.486089 -9.81831      160
 0.42501  1.11587 0.476483  -9.6185      160
 0.42601  1.11634 0.467048   -9.435      160
0.427059  1.11683 0.475146  7.71689      160
0.428005  1.11726 0.448353 -28.3058      160
0.429018  1.11774 0.475081  26.4088      160
0.430008   1.1182 0.465648 -9.52474      160
0.431015  1.11868 0.474249  8.53832      160
0.431986  1.11913 0.465016 -9.51232      160
0.433004  1.11959 0.455681    -9.17      160
   0.434  1.12008 0.482246  26.6628      160
0.435029  1.12056 0.472497  -9.4785      160
0.436025  1.12097 0.409785  -62.927      160
 0.43703  1.12142 0.455061  45.0755      160
0.438024  1.12187 0.446051 -9.06486      160
0.439028  1.12234 0.472825  26.6547      160
0.440026  1.12278 0.445706 -27.1728      160
0.441026  1.12324 0.454611  8.91018      160
0.442024  1.12371 0.463421  8.82964      160
0.443027  1.12416 0.454209 -9.18035      160
0.444025  1.12461 0.445232 -8.99196      160
0.445017  1.12504 0.436538 -8.76654      160
0.446026  1.12551 0.463348  26.5782      160
 0.44703  1.12596 0.454191 -9.12062      160
0.448025  1.12642 0.462984  8.83303      160
0.449032  1.12686 0.436048 -26.7652      160
0.450018  1.12725  0.39186 -44.8005      160
0.451027  1.12767 0.419614  27.5072      160
0.452025   1.1281 0.429118  9.52254      160
0.453027   1.1285  0.40281 -26.2475      160
0.454025  1.12895 0.448232  45.5125      160
0.455024  1.12937 0.421571 -26.6881      160
0.456028  1.12984 0.466596  44.8459      160
0.457023  1.13028   0.4396 -27.1405      160
0.458032  1.13069 0.413083 -26.2861      160
0.459059  1.13111 0.404628 -8.23378      160
0.460019  1.13152 0.432529  29.0452      160
0.461017  1.13197 0.441765  9.25446      160
0.462027  1.13237 0.397347 -43.9912      160
0.463026  1.13279 0.425083  27.7645      160
0.464012  1.13318 0.398987 -26.4701      160
0.465027  1.13358 0.390961 -7.90291      160
0.466026    1.134 0.418815  27.8832      160
0.467034  1.13441 0.410523 -8.23031      160
0.468026  1.13481 0.402394 -8.19337      160
0.469023  1.13524 0.430046  27.7334      160
0.470019  1.13568 0.439358  9.35275      160
0.471024  1.13609 0.412815 -26.4007      160
0.472026  1.13652 0.422417  9.58039      160
0.473027  1.13691 0.396252 -26.1363      160
0.474025  1.13727 0.352832 -43.5057      160
0.475024  1.13768 0.417029  64.2938      160
0.476035  1.13808 0.390961 -25.7934      160
0.477023  1.13842 0.347653  -43.802      160
0.478011  1.13881 0.394239  47.1629      160
0.479026  1.13922 0.404125  9.74528      160
 0.48002  1.13958 0.360579 -43.8001      160
0.481024  1.13997 0.388983  28.2782      160
0.482059  1.14033 0.345453 -42.0693      160
0.483002  1.14068 0.374542   30.842      160
0.484048  1.14103  0.33128 -41.3712      160
0.485021  1.14138 0.360548  30.0797      160
0.486014  1.14178 0.406776  46.5651      160
0.487025  1.14219 0.398633 -8.05382      160
0.488026  1.14254 0.355145 -43.4497      160
0.489062  1.14294 0.383445   27.312      160
0.490007  1.14328 0.358402 -26.4913      160
0.491021  1.14363 0.351248 -7.05289      160
0.492026    1.144 0.362052  10.7534      160
0.493026  1.14441 0.408273   46.235      160
0.494033  1.14477 0.364601 -43.3647      160
0.495025  1.14513 0.357382  -7.2751      160
0.496024   1.1455 0.368105  10.7314      160
0.497025  1.14586  0.36081 -7.29064      160
0.498025 1.14623 0.37146 10.6457     160
0.499023  1.14657 0.346331 -25.1784      160
0.500018  1.14691 0.339508 -6.85816      160
0.501001  1.14724 0.332851 -6.77229      160
0.502025  1.14761 0.361724  28.2091      160
0.503032  1.14798 0.372362   10.564      160
0.504026  1.14831 0.329388  -43.214      160
0.505025  1.14865 0.340665  11.2911      160
0.506026  1.14899  0.33392 -6.74081      160
0.507025   1.1493 0.309515 -24.4132      160
0.508026  1.14963 0.338967  29.4471      160
0.509022  1.14997 0.332288 -6.69948      160
0.510015  1.15031 0.343543  11.3365      160
0.511029  1.15067 0.354438  10.7493      160
0.512035  1.15098 0.311844 -42.3339      160
0.513028  1.15127 0.287869 -24.1326      160
 0.51403  1.15157 0.299952   12.061      160
0.515026 1.15188 0.31183 11.9244     160
0.516028  1.15213 0.252269 -59.4807      160
0.517071  1.15244 0.300452  46.1617      160
0.518007  1.15272 0.294804 -6.03579      160
0.519027  1.15303 0.306718  11.6894      160
0.520023  1.15333 0.300632 -6.10964      160
 0.52104  1.15361 0.276857 -23.3755      160
0.522026   1.1539 0.289175  12.4852      160
0.523032  1.15416 0.265655 -23.3875      160
0.524028  1.15446 0.295976  30.4543      160
0.525033  1.15479 0.325704  29.5606      160
0.526011  1.15505 0.265967 -61.0667      160
0.527027  1.15533 0.278407  12.2457      160
0.528028  1.15562 0.290683  12.2683      160
0.529022   1.1559 0.284967 -5.75217      160
 0.53003  1.15615 0.243731 -40.8982      160
0.531027  1.15646 0.310053  66.5177      160
0.532029  1.15676 0.303901 -6.14226      160
0.533018  1.15702 0.262357 -41.9973      160
0.534028  1.15732 0.292696  30.0325      160
0.535028  1.15761   0.2869 -5.79853      160
0.536028  1.15787 0.263431 -23.4655      160
0.537027  1.15816 0.293802  30.3802      160
0.538027  1.15845 0.287984 -5.82044      160
0.539032  1.15871 0.264516 -23.3479      160
0.540021  1.15897 0.259283  -5.2883      160
0.541027  1.15923 0.254123 -5.13267      160
0.542024  1.15948 0.249101 -5.03448      160
0.543025  1.15972 0.244164 -4.93601      160
0.544025     1.16 0.274918  30.7265      160
0.545026  1.16027 0.269468 -5.44497      160
0.546025  1.16053 0.264137 -5.33715      160
0.547024  1.16081 0.276712  12.5902      160
0.548038   1.1611 0.288993  12.1151      160
0.549023  1.16133 0.229925 -59.9446      160
0.550017   1.1616 0.278784  49.1442      160
0.551027  1.16184 0.237619 -40.7695      160
0.552028  1.16206 0.215116 -22.4726      160
0.553013  1.16228 0.228716  13.8047      160
0.554032  1.16257 0.277474   47.871      160
0.555027  1.16284 0.272007 -5.49462      160
0.556068  1.16311 0.266408 -5.37532      160
0.557014  1.16336 0.261414 -5.27806      160
0.558005   1.1636 0.238454 -23.1833      160
0.559023  1.16383 0.233681 -4.68692      160
0.560007  1.16406 0.229095 -4.66351      160
0.561024 1.16434 0.27788 47.9312     160
0.562024   1.1646 0.254589 -23.2926      160
0.563026  1.16487 0.267332   12.726      160
0.564014  1.16509 0.226509 -41.3084      160
0.565027  1.16533 0.239758   13.075      160
0.566035  1.16557  0.23501 -4.71157      160
0.567028   1.1658 0.230352  -4.6892      160
0.568027  1.16599 0.190211 -40.2014      160
0.569021  1.16625 0.263561  73.7419      160
0.570019  1.16651 0.258352 -5.22395      160
0.571026  1.16676 0.253196 -5.11651      160
0.572026  1.16699 0.224475 -28.7294      160
0.573027  1.16728 0.291152  66.6342      160
0.574028  1.16754 0.261668 -29.4508      160
0.575033   1.1678 0.256502 -5.14097      160
0.576023  1.16805 0.251433 -5.11831      160
0.577024  1.16829 0.246455 -4.97515      160
0.578025  1.16858 0.288978  42.4555      160
0.579026  1.16887 0.283256 -5.72079      160
0.580018  1.16912 0.253982 -29.5081      160
 0.58101  1.16939 0.272697  18.8507      160
0.582009  1.16963 0.243595 -29.1525      160
0.583024   1.1699 0.262409  18.5365      160
0.584073  1.17014 0.233309 -27.7327      160
0.584993  1.17038 0.252709  21.0855      160
0.586014  1.17065 0.271351  18.2557      160
0.587024  1.17092 0.265898 -5.39639      160
0.588026  1.17113 0.213213 -52.6259      160
0.589062  1.17138 0.232549  18.6602      160
 0.59002  1.17159 0.228131 -4.61124      160
0.591022  1.17184 0.247307  19.1269      160
0.592027  1.17201 0.171268 -75.6836      160
0.593036  1.17225 0.238993  67.1383      160
0.594029  1.17251 0.257969  19.1087      160
0.595035  1.17281 0.300275   42.059      160
0.596029  1.17306 0.246909 -53.6645      160
0.597034 1.17335 0.28944 42.3219     160
0.598027  1.17363 0.283714 -5.76575      160
0.599026  1.17384 0.207009 -76.8027      160
 0.60002  1.17406 0.226621  19.7174      160
0.601028  1.17433 0.269509  42.5659      160
0.602006  1.17459 0.264283 -5.34035      160
0.603033  1.17488 0.282643  17.8833      160
0.604005  1.17511 0.229713 -54.4393      160
0.605034  1.17536 0.248791  18.5526      160
0.606028  1.17563 0.267572  18.8952      160
0.607032  1.17587 0.238576 -28.8806      160
0.608028   1.1761 0.233844 -4.75004      160
0.609022   1.1763 0.205536 -28.4654      160
0.610021  1.1766  0.2963 90.9006     160
0.611038  1.17687 0.266697  -29.092      160
0.612028 1.17718 0.30882 42.5727     160
0.613034  1.17741 0.231578 -76.7541      160
0.614027  1.17766 0.250704  19.2658      160
0.615027  1.17791  0.24574 -4.96309      160
0.616026  1.17815 0.240879 -4.86487      160
0.617062  1.17844 0.283347  41.0234      160
0.618016  1.17871 0.277981 -5.62433      160
0.619022  1.17898 0.272449 -5.49759      160
0.620031  1.17925 0.267043 -5.35525      160
0.621021  1.17951 0.261766 -5.33251      160
0.622024 1.17981 0.30398 42.0867     160
0.623026  1.18006 0.250535 -53.3217      160
0.624026  1.18031 0.245579  -4.9598      160
0.625026  1.18057 0.264419  18.8234      160
 0.62601  1.18083 0.259267 -5.23923      160
0.627009  1.18111 0.277844  18.5922      160
0.628026  1.18138 0.272251 -5.50205      160
0.629069  1.18168 0.290383  17.3792      160
0.630019  1.18193  0.26115 -30.7838      160
0.631027  1.18219 0.255938 -5.17192      160
0.632029  1.18247 0.274566  18.5899      160
0.633017  1.18276 0.292898  18.5505      160
0.634027    1.183 0.239632 -52.7422      160
0.635026  1.18326 0.258599  18.9731      160
0.636026  1.18361 0.348306  89.7137      160
0.637026  1.18385 0.246581 -101.781      160
0.638035  1.18412 0.265401  18.6525      160
0.639064  1.18444 0.307355  40.7615      160
0.640022  1.18468 0.254088 -55.6319      160
0.641028  1.18495 0.272728  18.5136      160
0.642027   1.1852 0.243625 -29.1474      160
0.643027  1.18546 0.262508  18.8803      160
0.644031  1.18572  0.25729 -5.19904      160
0.645028  1.18599 0.275918  18.6784      160
0.646029  1.18629 0.294162  18.2367      160
0.647035  1.18657 0.288337  -5.7848      160
0.648013  1.18688 0.306423  18.4922      160
0.649022  1.18716 0.276608 -29.5697      160
 0.65002  1.18743  0.27113 -5.48767      160
0.651028  1.18777 0.336835  65.1654      160
0.652027  1.18802 0.259049 -77.8652      160
0.653012  1.18827 0.253997 -5.13154      160
0.654019  1.18855 0.272632  18.4961      160
0.655027  1.18882 0.267196 -5.39555      160
0.656071  1.18909 0.261728 -5.23473      160
0.657022  1.18934 0.256746 -5.24311      160
0.658005  1.18961 0.275427  19.0046      160
0.659024  1.18988 0.269908  -5.4149      160
0.660003  1.19014 0.264632 -5.38949      160
0.661043  1.19041 0.259227 -5.19519      160
0.662002  1.19068 0.277981   19.563      160
0.663024    1.191 0.319797  40.9021      160
0.664005  1.19127 0.266125 -54.7327      160
0.665019  1.19153 0.260856 -5.19532      160
0.666026  1.19181 0.279317  18.3309      160
0.667027  1.19211 0.297488  18.1597      160
0.668024   1.1924 0.291615 -5.89224      160
 0.66906  1.19264 0.238247 -51.5281      160
0.670019  1.19291 0.281145  44.6904      160
0.671021  1.19319 0.275567 -5.56826      160
0.672025  1.19351 0.317502  41.7682      160
0.673033   1.1938  0.28746 -29.8099      160
0.674034  1.19408 0.281807 -5.64639      160
0.675026  1.19433  0.25252 -29.5285      160
0.676029  1.19458 0.247509 -4.99537      160
0.677063   1.1949 0.313546  63.8346      160
 0.67801  1.19517 0.283897 -31.3162      160
0.679024  1.19548 0.301942  17.7997      160
0.680021  1.19573 0.248559 -53.5395      160
0.681023  1.19599 0.267334   18.727      160
0.682029  1.19628 0.285786  18.3439      160
0.683037  1.19658 0.303782  17.8524      160
0.684022  1.19688 0.297791 -6.08104      160
0.684996  1.19717  0.29204 -5.90823      160
0.685987  1.19745 0.286268 -5.82183      160
0.687034  1.19774  0.28041 -5.59816      160
0.688028  1.19802 0.274857 -5.58711      160
 0.68907   1.1983 0.269226 -5.39959      160
0.690007  1.19857 0.287879  19.9123      160
0.691008  1.19883 0.258487 -29.3589      160
0.692007  1.19915 0.324507   66.088      160
0.693004  1.19944 0.294369 -30.2414      160
0.693999  1.19973 0.288546  -5.8513      160
0.695024  1.19997 0.235329 -51.9327      160
0.696024  1.20027 0.301791  66.4511      160
0.697024   1.2005 0.224693 -77.1039      160
0.698023  1.20069 0.196541 -28.1676      160
0.699022  1.20098 0.287488  91.0834      160
0.700019  1.20129 0.305521  18.0863      160
0.701012  1.20161 0.323228  17.8358      160
0.702025  1.20188 0.269331  -53.203      160
0.703028  1.20217 0.287711  18.3199      160
0.704025  1.20243 0.258295 -29.5091      160
 0.70503   1.2027 0.276888  18.4885      160
0.706023  1.20297 0.271416 -5.51051      160
0.707024  1.20326 0.289743  18.3192      160
0.708027  1.20355 0.283988 -5.73712      160
0.709024  1.20383 0.278388 -5.61417      160
0.710027  1.20412 0.296628  18.1849      160
0.711027  1.20441 0.290684 -5.94717      160
0.712025  1.20468 0.261233 -29.4953      160
 0.71303  1.20491 0.232328  -28.777      160
 0.71403  1.20516 0.251439  19.1131      160
0.715024  1.20545 0.293902  42.7207      160
0.716025  1.20569 0.240662 -53.1804      160
 0.71706  1.20599 0.283135  41.0183      160
0.718029  1.20621 0.230272 -54.5714      160
0.719031  1.20648 0.273161   42.811      160
0.720021 1.20677 0.29146 18.4851     160
0.721024  1.20701 0.238263  -53.036      160
0.722029  1.20732 0.304635  66.0461      160
0.723047   1.2076 0.274798 -29.2879      160
   0.724  1.20786 0.269573 -5.48578      160
0.725027  1.20815 0.287826  17.7667      160
0.726013   1.2084 0.258495 -29.7507      160
0.727011   1.2087 0.300802  42.3907      160
0.728036  1.20898 0.271042  -29.049      160
0.729065  1.20925 0.265484 -5.39737      160
0.730022  1.20953 0.284163   19.523      160
0.731023  1.20985 0.325944  41.7341      160
 0.73203  1.21013 0.272034 -53.5568      160
0.733012  1.21039 0.266744  -5.3863      160
0.734028  1.21068 0.285081  18.0416      160
0.735026  1.21091 0.232032 -53.1672      160
0.736028  1.21111 0.203722 -28.2511      160
0.737025  1.21138 0.270861  67.3199      160
0.738013  1.21165 0.265519 -5.41025      160
0.739064  1.21192 0.260001 -5.24667      160
 0.74001  1.21218 0.278848  19.9417      160
0.741024  1.21246  0.27324 -5.52588      160
0.742023   1.2127 0.244132 -29.1375      160
0.743024 1.21297   0.263 18.8643     160
0.744025  1.21325 0.281494  18.4696      160
0.745025  1.21345 0.204799 -76.6642      160
0.746033  1.21375 0.295572  90.0493      160
0.747025  1.21406 0.313427  18.0022      160
0.748025  1.21428 0.212392 -101.066      160
 0.74906  1.21456 0.279142  64.4648      160
0.750018  1.21483 0.273845 -5.53108      160
0.751026  1.21512 0.292078   18.092      160
0.752012  1.21538 0.262665 -29.8133      160
0.753028  1.21567 0.281084  18.1436      160
0.754013  1.21594 0.275607 -5.55999      160
0.755033  1.21623 0.293783  17.8082      160
0.756028   1.2165 0.264248 -29.7068      160
 0.75703  1.21674 0.235294 -28.8741      160
0.758004  1.21703 0.301862  68.3996      160
0.759063  1.21729 0.248188 -50.6469      160
0.760018  1.21753 0.243487 -4.92397      160
0.761028  1.21781 0.286028  42.1222      160
0.762027  1.21805 0.232955 -53.1147      160
0.763027  1.21832 0.275757  42.8051      160
0.764021  1.21859 0.270377  -5.4153      160
0.765028  1.21888 0.288648  18.1465      160
0.766028  1.21914  0.25922 -29.4157      160
0.767027   1.2194 0.254091 -5.13539      160
0.768028   1.2196 0.201642 -52.3786      160
0.769065  1.21988 0.268603  64.5647      160
0.770021  1.22015 0.287228  19.4763      160
0.771032  1.22043 0.281511 -5.65501      160
0.772027  1.22071 0.275932 -5.60765      160
 0.77304    1.221 0.294176  18.0217      160
0.774027  1.22124 0.240941 -53.9336      160
 0.77503   1.2215 0.259882  18.8752      160
0.776027  1.22171 0.207313  -52.711      160
0.777031  1.22201 0.298047  90.3739      160
0.778027  1.22225  0.24472 -53.5867      160
0.779033  1.22254 0.287299  42.3198      160
 0.78002   1.2228 0.257935 -29.7559      160
0.781032  1.22308 0.276497  18.3406      160
0.782032  1.22332 0.247325 -29.1671      160
0.783051  1.22357 0.242331 -4.90098      160
0.784047  1.22381 0.237529 -4.82256      160
0.785016  1.22408 0.280393  44.2387      160
0.786009  1.22433 0.251165 -29.4262      160
0.787032  1.22453 0.198703 -51.2806      160
0.788024  1.22477 0.242191   43.826      160
0.789065  1.22502 0.237238 -4.75789      160
0.790018  1.22526 0.256438  20.1426      160
0.79103 1.22549 0.22763 -28.478     160
0.792005  1.22574 0.246886  19.7473      160
0.793026  1.22601 0.265628  18.3545      160
0.794029  1.22627 0.260353 -5.25964      160
0.795026  1.22657 0.302628    42.41      160
0.796029  1.22682  0.24921 -53.2823      160
0.797025  1.22704 0.220583 -28.7389      160
0.798026  1.22728 0.239917  19.3034      160
0.799021  1.22754 0.258904  19.0833      160
0.800067  1.22778 0.229891 -27.7506      160
0.801012  1.22808 0.320408  95.7511      160
0.802027  1.22835 0.266568 -53.0223      160
0.803025  1.22864 0.285007  18.4895      160
0.804027  1.22889  0.25565 -29.3029      160
0.805027  1.22912 0.226881 -28.7712      160
0.806026  1.22937 0.246096  19.2301      160
0.807027  1.22961 0.241218 -4.87182      160
0.808025  1.22987 0.260159  18.9736      160
0.80903 1.23017 0.30245 42.1036     160
0.810011  1.23041 0.249101 -54.3764      160
0.811026  1.23069 0.267794  18.4124      160
0.812029  1.23095 0.262481 -5.29879      160
0.813027  1.23123 0.280995  18.5374      160
0.814026  1.23151 0.275437 -5.56413      160
0.815025  1.23178 0.269993 -5.45152      160
0.816026  1.23204 0.264637  -5.3474      160
0.817027   1.2323 0.259387 -5.24631      160
0.818038  1.23255  0.25426 -5.07088      160
0.819025   1.2328  0.24924 -5.08961      160
 0.82002  1.23307 0.268029  18.8796      160
0.821023  1.23331 0.238999 -28.9284      160
0.822025  1.23354 0.234261 -4.73131      160
0.823024  1.23377 0.229623  -4.6409      160
0.824023  1.23402 0.248788  19.1758      160
0.825026  1.23427 0.243847 -4.93087      160
0.826026  1.23453 0.262726  18.8759      160
0.827018  1.23476 0.233894 -29.0626      160
0.828024  1.23502 0.252902  18.8836      160
0.829062   1.2353 0.271415  17.8502      160
 0.83002  1.23553 0.242538 -30.1146      160
0.831029  1.23579 0.261398  18.6962      160
0.832028  1.23605 0.256232 -5.17365      160
0.833013   1.2363 0.251228 -5.08057      160
0.834027  1.23655 0.246184 -4.97044      160
0.835032  1.23679 0.241286 -4.87569      160
0.836036  1.23703 0.236526 -4.74052      160
0.837027  1.23726 0.231848  -4.7219      160
0.838025  1.23746 0.203558 -28.3457      160
0.839022  1.23768 0.223252  19.7566      160
0.840021   1.2379  0.21883 -4.42278      160
0.841027  1.23814 0.238182  19.2522      160
0.842027  1.23842 0.280876  42.6763      160
0.843065  1.23868 0.251411 -28.3773      160
0.843993  1.23891 0.246753  -5.0199      160
0.845056  1.23914 0.217944 -27.0988      160
0.845999 1.23937 0.23753 20.7706     160
0.847009   1.2396 0.232799 -4.68647      160
0.847994   1.2399 0.299358   67.546      160
0.849028  1.24013 0.222169 -74.6494      160
0.849992  1.24046 0.336462   118.57      160
0.851007  1.24074  0.28233 -53.3095      160
0.852013  1.24097 0.229299 -52.7207      160
 0.85302  1.24122 0.248433  19.0089      160
0.854027  1.24149 0.267226  18.6566      160
0.855013  1.24177 0.285674  18.7166      160
 0.85602  1.24201 0.232568 -52.7079      160
0.857004  1.24226 0.251732  19.4909      160
0.858003  1.24257 0.317862  66.1986      160
 0.85907   1.2428 0.216455 -94.9827      160
0.860021  1.24307 0.283499   70.512      160
0.861027  1.24333 0.254172  -29.169      160
0.862002  1.24362 0.296624  43.5347      160
0.863011  1.24382 0.195927 -99.8004      160
0.864003  1.24403 0.215766  19.9935      160
 0.86503   1.2443 0.258815   41.912      160
0.866024  1.24457 0.277397  18.6955      160
0.867028  1.24482 0.248208 -29.0602      160
0.868023  1.24504 0.219581 -28.7792      160
0.869067  1.24529 0.238772  18.3813      160
0.870011  1.24551 0.234278 -4.76263      160
0.871027  1.24572 0.205858 -27.9551      160
0.872036  1.24604 0.320312  113.488      160
 0.87305  1.24631 0.266474 -53.0952      160
0.873994  1.24654   0.2377 -30.4842      160
0.875003  1.24682 0.280356  42.2667      160
   0.876  1.24705 0.227405 -53.1323      160
0.877001  1.24727 0.222898 -4.50182      160
   0.878  1.24754 0.265904  43.0499      160
 0.87901  1.24783 0.284335  18.2406      160
0.880004  1.24806 0.231284 -53.3979      160
0.881013 1.24833 0.27411  42.414     160
0.882002  1.24853 0.197574   -77.39      160
   0.883  1.24877 0.241085  43.6179      160
   0.884  1.24903 0.260019  18.9261      160
0.884987   1.2493 0.278646  18.8764      160
0.886012  1.24953 0.225624 -51.7548      160
0.887027  1.24976 0.221091 -4.46385      160
0.888028  1.25002 0.264122  43.0035      160
0.889063  1.25029 0.258722 -5.21741      160
0.890015  1.25053 0.253838   -5.128      160
0.891023  1.25076 0.225061 -28.5603      160
0.892004  1.25102 0.268083  43.8502      160
0.893001  1.25126 0.239077  -29.091      160
 0.89403  1.25153 0.257946  18.3455      160
0.895026   1.2518 0.276562   18.689      160
0.896027  1.25203 0.223666 -52.8245      160
0.897025  1.25229 0.266661  43.0804      160
0.898028  1.25253 0.237659 -28.9082      160
0.899036  1.25276 0.232985 -4.63616      160
0.900057  1.25302 0.251917  18.5438      160
0.901089  1.25328 0.246736 -5.01975      160
0.902023  1.25351 0.242169 -4.89015      160
0.903011  1.25374 0.237435 -4.79241      160
0.904014  1.25402 0.280148  42.5843      160
0.905002  1.25425 0.227217  -53.561      160
0.906024   1.2545 0.246355  18.7241      160
0.907026  1.25474 0.241467 -4.88154      160
0.908034    1.255 0.260398  18.7845      160
0.909023  1.25523 0.231549 -29.1642      160
0.910006   1.2555 0.274463  43.6674      160
0.911025  1.25573 0.221516 -51.9476      160
0.912026 1.25599 0.26454 42.9655     160
0.913025   1.2562 0.211891 -52.7156      160
0.914026  1.25646 0.255106  43.1663      160
0.915024  1.25673 0.273772  18.6987      160
0.916018    1.257 0.268383 -5.42527      160
0.917022  1.25726 0.263096 -5.26665      160
0.918008  1.25752 0.257911 -5.25395      160
0.91906 1.25773 0.20516 -50.159     160
 0.92002  1.25797 0.248683  45.3197      160
0.921026  1.25822 0.243735 -4.92168      160
0.922024   1.2585 0.286328  42.6475      160
0.923016  1.25871 0.209576 -77.4411      160
0.924027  1.25897 0.252791  42.7388      160
0.925024  1.25919 0.224096 -28.7858      160
0.926018  1.25945 0.267136  43.2597      160
0.927009  1.25967 0.214437 -53.1977      160
0.928061  1.25989 0.209981 -4.23633      160
0.929039  1.26011 0.229626   20.097      160
0.930003  1.26038 0.272633   44.572      160
0.931003  1.26055 0.172406 -100.306      160
0.932004  1.26084 0.287518  114.957      160
0.932984  1.26107  0.23451 -54.0698      160
0.934036  1.26133 0.253447  17.9987      160
0.935041  1.26158 0.248433 -4.99005      160
0.936035  1.26182 0.243519 -4.94532      160
0.937063  1.26209 0.262304  18.2767      160
0.938063   1.2623 0.209691 -52.5923      160
0.939023  1.26252 0.229311  20.4307      160
0.940018  1.26279 0.272206  43.1339      160
0.941021  1.26306 0.266799 -5.38859      160
0.942001   1.2633 0.237879 -29.5283      160
0.943005  1.26358 0.280583  42.5352      160
0.944033  1.26381 0.227522 -51.6008      160
0.945026  1.26403 0.223013  -4.5398      160
0.946025  1.26423 0.194893 -28.1555      160
0.947025  1.26447 0.238449   43.538      160
0.948026 1.26472 0.25743 18.9691     160
0.949028   1.265 0.27607 18.6107     160
 0.95003   1.2652  0.19944 -76.4173      160
0.951006  1.26544 0.243001  44.6508      160
0.952024  1.26568 0.238109 -4.80418      160
0.953032  1.26589 0.209687 -28.1963      160
0.954025  1.26609 0.205531 -4.18493      160
0.955027  1.26632 0.225159  19.5926      160
 0.95601  1.26654 0.220776 -4.45921      160
0.957028  1.26676 0.216357 -4.34047      160
0.958014  1.26697 0.212099 -4.31965      160
0.959067  1.26718 0.207707  -4.1694      160
0.960017  1.26745 0.274927  70.7684      160
0.961023  1.26762 0.174627 -99.6892      160
0.962032  1.26782 0.194873  20.0753      160
0.963025  1.26803 0.214717  19.9835      160
0.964009  1.26826 0.234244  19.8405      160
 0.96501  1.26847 0.205895 -28.3109      160
0.966025   1.2687 0.225465  19.2958      160
0.967029  1.26892    0.221 -4.44437      160
0.968025  1.26914 0.216624 -4.39601      160
0.969058  1.26936 0.212194 -4.28605      160
0.970018   1.2696 0.255593  45.2354      160
0.971056  1.26983 0.226686 -27.8337      160
0.972006  1.27005 0.222352 -4.56467      160
   0.973  1.27029 0.241676  19.4313      160
0.974001  1.27055 0.260592  18.8995      160
0.975005  1.27083 0.279144  18.4835      160
   0.976  1.27106 0.226198 -53.1783      160
0.977026  1.27126 0.197936 -27.5417      160
0.978025  1.27148 0.217732  19.8305      160
0.979026  1.27169 0.213421 -4.30728      160
0.980027  1.27192 0.232928  19.4711      160
0.981022  1.27217 0.252004  19.1778      160
0.982002  1.27242 0.247079 -5.02343      160
0.983027  1.27266 0.242099 -4.85974      160
0.984026  1.27292 0.261017  18.9469      160
0.985025  1.27316 0.232151 -28.8957      160
0.985988  1.27335 0.203976 -29.2368      160
0.987026  1.27356  0.19981 -4.01637      160
0.988024  1.27378 0.219569  19.7981      160
0.989073    1.274 0.215049 -4.30653      160
0.990016  1.27423 0.234712  20.8525      160
0.991024  1.27446 0.230031 -4.64617      160
0.992023  1.27471 0.249184   19.154      160
0.993023  1.27495  0.24425 -4.93653      160
0.994032  1.27515  0.19196 -51.8249      160
0.995029   1.2754 0.259299  67.5533      160
0.996027  1.27566 0.254169 -5.13696      160
0.997028  1.27586 0.201717 -52.3937      160
0.998033  1.27608 0.221443   19.634      160
0.999022   1.2763 0.217079  -4.4147      160
