        0   0.77956 0.0203479         0         0
0.00100446   0.779566 0.00627794   -14.0075       -180
 0.00200462    0.779559 -0.00751239     -13.788        -180
0.00301623   0.779565 0.00630247    13.6563       -180
0.00398946   0.779571 0.00618013  -0.125709       -180
0.00499964  0.779591 0.0197225   13.4059      -180
0.00598598   0.77961  0.019335 -0.392828      -180
 0.00699449    0.779602 -0.00838027    -27.4814        -180
  0.0080173    0.779593 -0.00821137    0.165137        -180
0.00900197  0.779626 0.0329525   41.8048      -180
 0.0100102   0.779631 0.00496278   -27.7601       -180
 0.0110056   0.779636 0.00486489  -0.098344       -180
 0.0119929   0.779613 -0.0225658   -27.7837       -180
  0.0130062    0.779605 -0.00844864     13.9321        -180
0.0140054  0.779624 0.0190508   27.5211      -180
 0.0150039   0.779629 0.00500779   -14.0641       -180
 0.0160058   0.779593 -0.0360888   -41.0213       -180
 0.0170116   0.779598 0.00562329    41.4679       -180
0.0180182  0.779604 0.0055115 -0.111054      -180
 0.0190153   0.779582 -0.0219294   -27.5216       -180
  0.0200109    0.779574 -0.00782942     14.1617        -180
 0.0210226    0.77958 0.00599182    13.6626       -180
 0.0220077   0.779572 -0.0077931   -13.9928       -180
  0.0248349    0.779551 -0.00736468    0.151537        -180
  0.0260363    0.779543 -0.00719076    0.144768        -180
 0.0270424   0.779549 0.00661767    13.7243       -180
    0.02807    0.779542 -0.00717928    -13.4266        -180
 0.0290146   0.779548 0.00662872    14.6176       -180
0.0300102  0.779568 0.0201646   13.5952      -180
  0.030993   0.779574 0.00610344   -14.3078       -180
 0.0320063   0.779567 -0.0076832    -13.606       -180
  0.0330067    0.779559 -0.00753104    0.152101        -180
   0.034054    0.779552 -0.00737633    0.147711        -180
0.0350044  0.779571 0.0201073   28.9198      -180
 0.0360191   0.779549 -0.0212888   -40.7959       -180
0.0370295  0.779569 0.0201309   40.9926      -180
 0.0380449   0.779576 0.00606028   -13.8569       -180
0.0390096  0.779595 0.0196149   14.0515      -180
 0.0400105     0.7796 0.00556007   -14.0425       -180
0.0409944  0.779619 0.0191196   13.7807      -180
  0.0419967    0.779611 -0.00859108    -27.6468        -180
  0.0430079    0.779602 -0.00841877    0.170414        -180
  0.0440083    0.779594 -0.00825188     0.16682        -180
 0.0450063   0.779572 -0.0217552   -13.5301       -180
  0.0460114    0.779565 -0.00766005     14.0226        -180
 0.0470107   0.779543 -0.0211715   -13.5221       -180
 0.0480366   0.779508 -0.0344046   -12.8988       -180
 0.0490084   0.779475 -0.0337428   0.680951       -180
 0.0500035   0.779442 -0.0330774    0.66866       -180
 0.0510488   0.779366 -0.0733719    -38.551       -180
 0.0520108   0.779349 -0.0172898    58.2963       -180
 0.0530152   0.779291 -0.0579425   -40.4723       -180
 0.0540082   0.779221 -0.0704674    -12.613       -180
 0.0550158   0.779138 -0.0827381   -12.1787       -180
 0.0560071   0.779044 -0.0947693   -12.1362       -180
 0.0570066   0.778951 -0.0928929    1.87745       -180
 0.058027   0.77883 -0.118344  -24.9413      -180
0.0590034  0.778704 -0.129723   -11.655      -180
0.0600104  0.778548 -0.154469  -24.5721      -180
0.0609934  0.778373 -0.178798  -24.7502      -180
0.0619948  0.778183 -0.188917  -10.1052      -180
0.0629926  0.777944 -0.239849  -51.0449      -180
0.064019 0.777705 -0.23501  4.71423     -180
0.0650206  0.777431 -0.271315  -36.2464      -180
 0.066004  0.777129 -0.307032  -36.3177      -180
0.0670054  0.776814 -0.314606  -7.56334      -180
0.0680215  0.776459 -0.349276  -34.1195      -180
 0.069005  0.776069 -0.397142  -48.6708      -180
 0.070009  0.775664 -0.402913  -5.74766      -180
0.0710254  0.775194 -0.463126  -59.2431      -180
0.0719995  0.774725 -0.481541  -18.9023      -180
 0.073019  0.774219 -0.499211  -17.3326      -180
 0.074007   0.77365 -0.571356  -73.0205      -180
0.0750082  0.773076 -0.573695  -2.33711      -180
0.0760076  0.772432 -0.644344  -70.6874      -180
0.0770009  0.771768 -0.672752   -28.601      -180
 0.078033  0.771029 -0.713601  -39.5784      -180
0.0790052  0.770306 -0.740827  -28.0024      -180
 0.079993  0.769536 -0.781021  -40.6911      -180
0.0810122  0.768704 -0.819998  -38.2412      -180
0.0819995  0.767831 -0.885991  -66.8434      -180
0.0830109   0.76688 -0.936508  -49.9485      -180
0.0840054   0.76591 -0.972665  -36.3594      -180
0.0850093  0.764914 -0.994382  -21.6301      -180
0.0860052 0.763899 -1.01571 -21.4168     -180
0.0870061 0.762835 -1.06391 -48.1571     -180
0.0880184 0.761725 -1.09727 -32.9528     -180
0.0890067 0.760581  -1.1578 -61.2566     -180
0.0900083 0.759417 -1.16217 -4.35685     -180
0.0910034 0.758199 -1.23515 -73.3346     -180
0.0919933  0.75692 -1.27902 -44.3213     -180
0.0930073 0.755608 -1.29434 -15.1038     -180
0.0940058 0.754286  -1.3234 -29.1048     -180
0.0950069 0.752905 -1.37916 -55.6987     -180
0.0960057   0.7515 -1.40654 -27.4178     -180
0.0970106 0.750053 -1.44702 -40.2819     -180
0.098022 0.748558  -1.4726 -25.2914     -180
0.0989985 0.747082 -1.51248 -40.8345     -180
0.100017 0.745528 -1.53686  -23.941     -180
0.100995 0.743987  -1.5615  -25.185     -180
0.101992  0.74242 -1.57167 -10.1968     -180
0.102993 0.740782 -1.63617 -64.4487     -180
0.103991 0.739141 -1.64484 -8.69104     -180
0.105024 0.737407 -1.67955 -33.5844     -180
0.106011 0.735716 -1.71509  -36.015     -180
0.107008 0.733998  -1.7222 -7.13179     -180
0.108008 0.732229 -1.77012  -47.925     -180
0.109005 0.730492  -1.7629  7.24537     -180
0.110011 0.728669 -1.79579 -32.7109     -180
 0.11101  0.72684 -1.82856 -32.8066     -180
   0.112    0.725 -1.86108 -32.8569     -180
0.113014 0.723122 -1.85105  9.89801     -180
 0.11401 0.721245 -1.88283 -31.9017     -180
 0.11501 0.719343 -1.90018 -17.3373     -180
0.116009 0.717416 -1.93096 -30.8401     -180
0.117011 0.715451 -1.96098 -29.9383     -180
0.118025   0.7135 -1.94944  11.3782     -180
0.118991 0.711548 -1.95183 -2.47219     -180
0.120007 0.709603 -1.95438 -2.50752     -180
 0.12098 0.707618 -1.99791 -44.7306     -180
 0.12205 0.705507 -2.01107 -12.2952     -180
0.122994 0.703586 -2.02799 -17.9295     -180
0.124045 0.701458 -2.02686  1.07253     -180
0.125036 0.699429 -2.04164 -14.9015     -180
 0.126036  0.697387  -2.04221 -0.574323      -180
0.127043 0.695321 -2.07018 -27.7821     -180
0.127978 0.693359 -2.04448  27.4789     -180
0.129001 0.691249 -2.09946 -53.7248     -180
0.130033 0.689102 -2.09793  1.48506     -180
  0.131019   0.687032   -2.09792 0.00588901       -180
 0.13202 0.684905 -2.12467 -26.7345     -180
0.133031 0.682759 -2.12314  1.51459     -180
0.134032 0.680648 -2.10838  14.7393     -180
0.135022 0.678529 -2.14922 -41.2394     -180
0.136039 0.676342 -2.16082 -11.4061     -180
0.137047 0.674163 -2.14467  16.0219     -180
0.138055 0.671989 -2.15654 -11.7673     -180
0.139015 0.669918 -2.14257  14.5507     -180
0.140029 0.667721 -2.18184 -38.7252     -180
0.141032 0.665519 -2.19313 -11.2542     -180
0.142033 0.663342 -2.17704  16.0813     -180
0.143018  0.66117 -2.20286 -26.2077     -180
0.143994 0.658997 -2.21473 -12.1683     -180
0.145026 0.656749 -2.21114  3.48331     -180
0.146017 0.654524 -2.22197  -10.926     -180
0.147036 0.652277 -2.20447  17.1723     -180
0.148031 0.650062 -2.22941 -25.0768     -180
0.149032 0.647863 -2.19894  30.4421     -180
0.149996 0.645703 -2.22499 -27.0234     -180
0.151034 0.643394 -2.23414  -8.8129     -180
 0.15202  0.64117  -2.2589 -25.1299     -180
0.153033 0.638899 -2.24092  17.7467     -180
 0.15404 0.636637 -2.26493 -23.8169     -180
0.155032  0.63436  -2.2747 -9.85653     -180
0.156031 0.632105 -2.25704   17.678     -180
0.157032 0.629838   -2.267 -9.96263     -180
0.158029 0.627541 -2.30425 -37.3417     -180
0.159025 0.62525 -2.2998 4.46939    -180
0.160029 0.622946 -2.29508  4.70565     -180
0.161031 0.620664 -2.27687  18.1697     -180
0.162017 0.618396 -2.30076 -24.2284     -180
0.163043 0.616047 -2.30908 -8.11366     -180
0.164033 0.613716 -2.33169 -22.8299     -180
 0.16504 0.611373 -2.34013 -8.38628     -180
0.166031 0.609059 -2.32126  19.0351     -180
0.167035 0.606719 -2.32978 -8.48691     -180
0.168066 0.604314 -2.33697  -6.9718     -180
0.169025 0.602049 -2.36089 -24.9462     -180
0.170033 0.599673 -2.35472  6.12119     -180
0.171005 0.597395 -2.33658  18.6707     -180
0.172027 0.595001 -2.37189 -34.5381     -180
0.173031 0.592616  -2.3516  20.2038     -180
0.174032 0.590257 -2.35971 -8.09737     -180
0.175032 0.587915 -2.34027  19.4264     -180
0.176031  0.58553 -2.38969 -49.4887     -180
0.177016 0.583181 -2.38407  5.70495     -180
0.178066 0.580702 -2.36189  21.1239     -180
0.179026 0.578411 -2.38529 -24.3751     -180
0.180018 0.576035 -2.39305 -7.82105     -180
0.181041 0.573632 -2.37238  20.2172     -180
0.182018 0.571271 -2.39439  -22.527     -180
0.183039 0.568834 -2.40094 -6.40522     -180
0.184036 0.566432 -2.39425  6.71026     -180
 0.18504 0.564024 -2.41532 -20.9883     -180
0.186032 0.561631 -2.39486  20.6158     -180
0.187031 0.559202 -2.42944 -34.5971     -180
0.188066   0.5567 -2.42075  8.40408     -180
 0.18903 0.554359 -2.44312 -23.2117     -180
0.190042  0.55186  -2.4763 -32.7928     -180
0.191037 0.549408 -2.45465  21.7468     -180
0.191997 0.547028  -2.4484  6.51252     -180
0.193031 0.544492 -2.46688 -17.8748     -180
0.194031 0.542005 -2.48637 -19.4875     -180
0.195039 0.539524 -2.47808  8.22626     -180
0.196032 0.537016 -2.51106 -33.2175     -180
0.197034 0.534523 -2.48857  22.4345     -180
0.198029 0.532084 -2.45326  35.4962     -180
0.199029 0.529616 -2.50098 -47.7001     -180
0.200028 0.527085 -2.50563 -4.65227     -180
0.201017 0.524606 -2.49736  8.36295     -180
0.202018   0.5221 -2.50251 -5.15067     -180
0.203063  0.51955 -2.50678 -4.08152     -180
0.204058 0.517023 -2.54224 -35.6571     -180
0.205068 0.514446 -2.53631   5.8719     -180
0.206071 0.511918 -2.53135   4.9445     -180
0.207072  0.50936 -2.55657 -25.1938     -180
0.208039  0.50682 -2.58211 -26.4189     -180
0.209012 0.504287 -2.57706  5.19075     -180
0.210032 0.501619 -2.61542 -37.6126     -180
 0.21103 0.499028 -2.59382  21.6342     -180
0.212016  0.49642 -2.64874 -55.7111     -180
0.213032 0.493718 -2.65567 -6.82088     -180
0.214032  0.49107 -2.64829  7.37338     -180
0.215032 0.488417 -2.65619 -7.89726     -180
0.216031 0.485767 -2.64879  7.39797     -180
0.217041 0.483111 -2.65663 -7.76139     -180
0.218065 0.480346 -2.67767 -20.5447     -180
0.219027 0.47776 -2.6869 -9.5905    -180
0.220017 0.475078 -2.70958 -22.9144     -180
 0.22103 0.472355 -2.68532  23.9321     -180
0.222032 0.469641 -2.70738 -22.0245     -180
0.223068 0.466836 -2.71223 -4.67657     -180
   0.224 0.464268 -2.73717 -26.7669     -180
0.225055 0.461425 -2.71051  25.2641     -180
0.226019 0.458822 -2.70404  6.71683     -180
0.227033 0.456069 -2.70992 -5.80448     -180
0.228069 0.453227 -2.74479 -33.6599     -180
0.229025 0.450579 -2.76813 -24.4113     -180
0.230027 0.447843 -2.72822  39.8251     -180
0.231018 0.445117 -2.75003 -21.9988     -180
0.232019 0.442361 -2.75586 -5.82608     -180
0.233034 0.439556  -2.7607 -4.76703     -180
0.234029 0.436791  -2.7817 -21.1182     -180
0.235028 0.434032 -2.78746 -5.75942     -180
0.236039 0.431166 -2.80645 -18.7727     -180
0.237055 0.428362 -2.76518  40.6276     -180
 0.23806 0.425577 -2.77042 -5.21784     -180
0.239014  0.42292 -2.76285  7.93185     -180
0.240029  0.42013 -2.76799 -5.06805     -180
0.241015 0.417377 -2.78925 -21.5505     -180
0.242018 0.414575 -2.79413 -4.86366     -180
0.243032 0.411721 -2.81337 -18.9785     -180
0.244041 0.408937 -2.78786  25.2969     -180
0.245017  0.40617 -2.80883 -21.4925     -180
0.246032 0.403327 -2.79753  11.1153     -180
0.247033  0.40054 -2.78735  10.1801     -180
0.248068 0.397669 -2.77549  11.4546     -180
0.249032 0.394943 -2.84337 -70.3765     -180
0.250019 0.392143 -2.81754  26.1636     -180
0.251034 0.389266 -2.83631 -18.5106     -180
0.252033 0.386441 -2.82537  10.9504     -180
0.253032 0.383654 -2.81519  10.1841     -180
0.254033 0.380825 -2.80416  11.0336     -180
0.255033 0.378028 -2.79378  10.3748     -180
0.256031 0.375207 -2.82904 -35.3394     -180
0.257039 0.372399 -2.80306  25.7624     -180
0.258065  0.36952 -2.79104  11.7173     -180
0.259025 0.366814 -2.81323 -23.1174     -180
0.260036 0.363954 -2.83231 -18.8904     -180
0.261024 0.361212  -2.7923  40.4901     -180
0.262025 0.358387 -2.82748  -35.128     -180
0.263032 0.355514 -2.83094 -3.43162     -180
0.264031 0.352679 -2.83516 -4.22787     -180
0.265032 0.349866  -2.8091  26.0464     -180
0.266031 0.347055 -2.81381 -4.71573     -180
0.267033 0.344222 -2.83345 -19.5947     -180
0.268031  0.34139 -2.83773 -4.29449     -180
0.269025 0.338589  -2.8119  25.9846     -180
0.270033 0.335723 -2.84625 -34.0899     -180
0.271025 0.332932 -2.83599  10.3383     -180
0.272017 0.330105 -2.82499  11.0847     -180
0.273031 0.327254 -2.81354  11.3074     -180
0.274031 0.324434 -2.81805 -4.51606     -180
0.275038 0.321611 -2.82252 -4.43793     -180
0.276031 0.318802  -2.8119  10.7007     -180
0.277031 0.315955 -2.84664 -34.7371     -180
0.278066 0.313021 -2.83352  12.6757     -180
0.279023 0.310331  -2.8099  24.6804     -180
0.280042 0.307476  -2.8291 -18.8533     -180
0.281017 0.304714 -2.80405  25.6911     -180
0.282018 0.301888 -2.82383  -19.758     -180
0.283031 0.299038 -2.81239   11.287     -180
0.284017  0.29626 -2.81776 -5.44145     -180
0.285031 0.293429 -2.79133  26.0744     -180
0.286032 0.290648 -2.78127    10.05     -180
0.287032 0.287829 -2.81656 -35.2907     -180
0.288064 0.284924 -2.81938 -2.73441     -180
0.289033 0.282206 -2.82596 -6.77988     -180
0.290031 0.279387 -2.79976  26.2576     -180
0.291032 0.276564 -2.81961 -19.8298     -180
0.292019 0.273807 -2.79465  25.2871     -180
0.293018 0.271012  -2.7997 -5.05712     -180
0.294033 0.268166  -2.8037 -3.93966     -180
0.295033  0.26537 -2.79334  10.3525     -180
0.296031 0.262562 -2.81349 -20.1817     -180
0.297018  0.25981 -2.78863  25.1975     -180
0.298076 0.256871 -2.80617 -16.5657     -180
0.299092 0.254006 -2.79442  11.5597     -180
 0.30002 0.251403 -2.78794  6.98692     -180
0.301033 0.248616 -2.76238  25.2185     -180
0.302032 0.245838 -2.78314 -20.7846     -180
0.303035 0.243042 -2.78814 -4.98567     -180
0.304018 0.240308 -2.77903  9.27076     -180
0.305034 0.237513 -2.75332  25.3232     -180
 0.30603 0.234749 -2.77436  -21.129     -180
0.307041  0.23198 -2.76453  9.71706     -180
0.308066 0.229119 -2.76826 -3.63522     -180
0.309013 0.226483 -2.76111  7.54655     -180
0.310011 0.223692 -2.79696  -35.916     -180
0.311032 0.220897 -2.75588  40.2606     -180
0.311998 0.218242 -2.73298  23.6904     -180
0.313005 0.215477 -2.73865 -5.62516     -180
0.314006  0.21273 -2.74465 -5.99542     -180
0.315005 0.209998 -2.73556  9.09223     -180
 0.31604 0.207222 -2.72563   9.5988     -180
0.317018  0.20454 -2.71757  8.24775     -180
0.318066 0.201706 -2.70644  10.6104     -180
0.319013 0.199087 -2.74576 -41.5257     -180
 0.32001 0.196386 -2.70657  39.2896     -180
0.321029 0.193622 -2.71223 -5.56012     -180
0.322033 0.190953 -2.65832  53.7292     -180
0.323002 0.188351 -2.68261 -25.0627     -180
0.324005 0.185638 -2.70467 -22.0013     -180
0.325014 0.182955 -2.68121  23.2547     -180
0.326006 0.180281 -2.67332  7.95628     -180
0.327033 0.177529 -2.69462  -20.735     -180
0.328037 0.174837 -2.67098  23.5619     -180
0.329004 0.172285 -2.63479  37.4028     -180
0.330009 0.169646 -2.62762  7.13541     -180
0.331024 0.166956 -2.65015 -22.1999     -180
 0.33203  0.16431 -2.62745  22.5796     -180
0.332993 0.161767 -2.65292 -26.4551     -180
0.334014 0.159105 -2.61451  37.5899     -180
0.334993 0.156501 -2.63877 -24.7726     -180
0.336004 0.153886 -2.58595  52.2207     -180
0.337041 0.151183 -2.60823 -21.5005     -180
0.338033 0.148589 -2.61734 -9.17765     -180
0.339005 0.146063 -2.59705  20.8767     -180
0.340007 0.143469 -2.59077  6.26039     -180
0.341023 0.140841 -2.58381   6.8551     -180
0.342021 0.138299 -2.54782  36.0604     -180
0.343017 0.135766 -2.57352 -25.8186     -180
0.344005 0.133211 -2.55266  21.1025     -180
0.345004 0.130652 -2.56244 -9.79475     -180
0.345991 0.128142  -2.5425  20.2077     -180
0.347006 0.125583 -2.52154  20.6511     -180
0.348024 0.123008 -2.53104 -9.32765     -180
0.349003 0.120547 -2.51206  19.3736     -180
0.349993 0.118052 -2.52315  -11.208     -180
0.351005 0.115516 -2.50268  20.2172     -180
0.352013 0.113017 -2.49832  4.32077     -180
0.353005 0.110523 -2.49407  4.29151     -180
0.354006 0.108049 -2.47482  19.2305     -180
0.355006 0.10559 -2.4559 18.9079    -180
0.356006 0.103125  -2.4676 -11.7079     -180
0.357005 0.100646 -2.47902 -11.4241     -180
 0.358022 0.0981474   -2.4593   19.4036      -180
 0.359004 0.0957329  -2.45663   2.70815      -180
 0.360007 0.0933071  -2.42301   33.5515      -180
    0.361 0.0909179  -2.42086   2.16334      -180
 0.362005 0.0884838  -2.40244   18.3291      -180
 0.363007 0.0860665   -2.4151  -12.6451      -180
 0.364004 0.0836437  -2.42765  -12.5794      -180
 0.365006 0.0812441  -2.39455   33.0473      -180
 0.366006 0.0788391  -2.40747  -12.9162      -180
 0.367039 0.0763554  -2.40343   3.90506      -180
 0.368025 0.0740051  -2.38669   16.9883      -180
 0.369003 0.0716236  -2.43081   -45.077      -180
0.370014 0.069264 -2.35239  77.5892     -180
 0.370992 0.0669475  -2.35172  0.695089      -180
0.371992  0.06458 -2.36539 -13.6618     -180
 0.373005 0.0621857  -2.36315   2.21089      -180
 0.374004 0.0598265  -2.36161   1.53756      -180
 0.375005 0.0575118  -2.31485   46.7519      -180
 0.376004 0.0552122  -2.29915   15.7064      -180
0.377006 0.052879 -2.32888 -29.6979     -180
0.378021 0.050521 -2.32738  1.48522     -180
 0.379011 0.0482435  -2.31211   15.4078      -180
 0.380009 0.0459077  -2.32643   -14.338      -180
 0.380992 0.0436043  -2.34138  -15.2237      -180
 0.381992 0.0412814   -2.3252   16.1768      -180
 0.382993 0.0389523  -2.32428   0.92745      -180
  0.38399 0.0366661  -2.29347   30.8849      -180
 0.385005 0.0343716  -2.26249   30.5262      -180
 0.386005 0.0320458  -2.32313  -60.6556      -180
 0.387005 0.0297538   -2.2922   30.9229      -180
 0.388032 0.0273879  -2.32129   -28.311      -180
0.389003  0.02516 -2.27629  46.3582     -180
 0.390008 0.0228444  -2.30638  -29.9395      -180
 0.391006 0.0205403  -2.30596  0.425175      -180
0.391994 0.018277 -2.29098  15.1612     -180
 0.392992 0.0159612  -2.32107  -30.1522      -180
 0.394006 0.0136414  -2.28958   31.0585      -180
 0.395005 0.0113666  -2.27438   15.2204      -180
  0.396005 0.00910733   -2.25948    14.8905       -180
  0.397012 0.00681523   -2.29005   -30.3388       -180
  0.398021 0.00452415   -2.25914    30.6313       -180
  0.398991 0.00231676   -2.27603    -17.419       -180
   0.399993 5.09997e-05    -2.26101     14.9875        -180
   0.401006 -0.00222651    -2.24575      15.056        -180
   0.402006 -0.00450085    -2.27668    -30.9426        -180
   0.403005 -0.00679041    -2.29192    -15.2596        -180
   0.404022 -0.00907232    -2.24582     45.3227        -180
  0.405005 -0.0112832   -2.24728   -1.47846       -180
  0.406012 -0.0135186   -2.23287     14.308       -180
  0.407006 -0.0157975   -2.27907   -46.4881       -180
   0.40802 -0.0181083   -2.27852   0.542963       -180
  0.409004 -0.0203359   -2.26427    14.4997       -180
 0.410006 -0.022575  -2.23441   29.7893      -180
  0.410998 -0.0247796   -2.23599   -1.59349       -180
  0.412005 -0.0270302   -2.22128    14.6047       -180
  0.413006 -0.0292483   -2.22259   -1.31049       -180
  0.414006 -0.0314783   -2.22367   -1.07671       -180
  0.415012 -0.0337035   -2.22484   -1.16285       -180
  0.416005 -0.0359122   -2.21097    13.9712       -180
  0.417005 -0.0381718   -2.25756   -46.5914       -180
  0.418023 -0.0404068   -2.19704    59.4533       -180
 0.419008 -0.042594  -2.22971  -33.1576      -180
  0.420005 -0.0447965   -2.20059    29.2198       -180
  0.421028 -0.0470799   -2.23135    -30.062       -180
   0.42203 -0.0493293   -2.24741   -16.0304       -180
  0.423005 -0.0515005   -2.23429    13.4494       -180
  0.424013 -0.0537342   -2.21992    14.2615       -180
  0.425006 -0.0559531   -2.22121   -1.30575       -180
  0.426004 -0.0581733   -2.22248   -1.27381       -180
  0.427005 -0.0603667   -2.19355    28.9305       -180
   0.42802 -0.0625945   -2.19467   -1.10767       -180
  0.429004 -0.0647418   -2.18204    12.8391       -180
  0.430007 -0.0669167   -2.16885    13.1388       -180
  0.431024 -0.0691399   -2.18545   -16.3206       -180
  0.432033 -0.0713012   -2.14179    43.2709       -180
  0.433002 -0.0733941   -2.17635   -35.6791       -180
  0.433993 -0.0755683   -2.17855   -2.21905       -180
  0.434992 -0.0777317   -2.16559    12.9772       -180
  0.436005 -0.0799144   -2.15225    13.1657       -180
   0.43702 -0.0821297   -2.18438   -31.6495       -180
  0.438032 -0.0842792   -2.12559    58.0962       -180
  0.439004 -0.0863677   -2.14488   -19.8414       -180
  0.440007 -0.0884895   -2.11739    27.4128       -180
  0.441005 -0.0906081   -2.12071   -3.33085       -180
  0.441998 -0.0927003   -2.12456   -3.88135       -180
  0.443006 -0.0948595   -2.12707   -2.49068       -180
  0.444005 -0.0969901   -2.13016   -3.08416       -180
  0.445006 -0.0991251   -2.13315   -2.99074       -180
 0.446006 -0.101229  -2.10602   27.1284      -180
0.446994 -0.10333 -2.12506  -19.261     -180
 0.448024 -0.105504  -2.11191    12.771      -180
 0.449006 -0.107597  -2.13112  -19.5658      -180
 0.450009 -0.109705   -2.1039    27.147      -180
 0.451014 -0.111767  -2.06225   41.4427      -180
 0.452007 -0.113847  -2.08173  -19.6181      -180
 0.453007 -0.115932  -2.08572  -3.99416      -180
 0.454006 -0.118022  -2.08963  -3.90335      -180
 0.455008 -0.120088  -2.06328   26.2894      -180
 0.456005 -0.122166  -2.08279  -19.5617      -180
 0.457006 -0.124225  -2.05657    26.195      -180
 0.458042 -0.126342  -2.04456   11.5872      -180
 0.459005 -0.128316  -2.05079  -6.46793      -180
 0.460014 -0.130348  -2.02513   25.4142      -180
 0.460994 -0.132364  -2.04588  -21.1844      -180
 0.461992 -0.134368  -2.00541   40.5308      -180
 0.463007 -0.136409   -2.0103  -4.82574      -180
 0.464005 -0.138421  -2.01578  -5.48959      -180
 0.465007 -0.140443  -2.02104  -5.25153      -180
 0.466005 -0.142422  -1.98106   40.0389      -180
0.467024 -0.14443 -1.97127  9.60962     -180
 0.468032 -0.146393  -1.94699   24.0936      -180
  0.46901 -0.148277  -1.93966   7.50077      -180
 0.469995 -0.150219  -1.96192  -22.6127      -180
0.470992 -0.15211 -1.89297  69.1021     -180
 0.472007 -0.154053  -1.91524   -21.945      -180
 0.473007 -0.155976  -1.92251  -7.27562      -180
 0.474008 -0.157877  -1.89948   23.0282      -180
 0.475007 -0.159737  -1.86191   37.6127      -180
 0.476007 -0.161624  -1.88528   -23.354      -180
0.477006 -0.16347 -1.84798  37.3225     -180
  0.47805 -0.165376  -1.84025   7.41101      -180
 0.479005 -0.167159  -1.85034  -10.5593      -180
     0.48 -0.168975  -1.82903   21.4085      -180
 0.481009 -0.170816  -1.82259   6.38285      -180
 0.482006 -0.172627  -1.81675    5.8618      -180
 0.482996 -0.174407  -1.79616   20.7959      -180
 0.484008 -0.176202  -1.77528   20.6373      -180
 0.485008 -0.177959  -1.75515   20.1094      -180
 0.486007 -0.179676  -1.72048   34.7386      -180
 0.487014 -0.181393  -1.71654   3.90632      -180
 0.488021 -0.183129  -1.71222   4.29407      -180
 0.489005 -0.184781  -1.67885   33.9178      -180
 0.490009 -0.186492  -1.70579  -26.8271      -180
 0.491014 -0.188127  -1.62664   78.7787      -180
0.491993 -0.18969 -1.59506  32.2395     -180
 0.493009 -0.191292  -1.57808   16.7223      -180
 0.494009 -0.192885  -1.59201  -13.9278      -180
 0.495008 -0.194429  -1.54545   46.6207      -180
 0.496012 -0.195956  -1.52998    15.407      -180
 0.497008 -0.197459  -1.49962   30.4908      -180
  0.49802 -0.198961  -1.48464    14.796      -180
  0.49899 -0.200388  -1.47119   13.8712      -180
 0.500009 -0.201888  -1.47164 -0.445791      -180
 0.501014 -0.203275  -1.38211   89.0921      -180
 0.502008 -0.204685  -1.41513  -33.1953      -180
 0.503006 -0.206069  -1.38716   28.0153      -180
 0.504041 -0.207537  -1.41903   -30.796      -180
 0.505012 -0.208791  -1.30149   121.136      -180
 0.506007 -0.210116  -1.32084  -19.4442      -180
 0.507007 -0.211425  -1.30979   11.0641      -180
0.508044 -0.21277 -1.29799  11.3713     -180
 0.509004 -0.213965  -1.24311    57.152      -180
 0.510009 -0.215203  -1.23346   9.59573      -180
 0.510994 -0.216439  -1.25461  -21.4749      -180
 0.511993 -0.217653  -1.21473   39.9382      -180
 0.513008 -0.218856  -1.19041   23.9377      -180
0.514012 -0.22001 -1.15172  38.5362     -180
 0.515007 -0.221186  -1.17409  -22.4699      -180
 0.516006 -0.222336  -1.15086   23.2542      -180
 0.517008 -0.223436  -1.09789   52.8717      -180
 0.518022 -0.224541  -1.09093   6.85657      -180
 0.519004 -0.225578  -1.05462   36.9834      -180
 0.519993 -0.226629  -1.06413  -9.61649      -180
 0.521006 -0.227687  -1.04277   21.0782      -180
 0.522006 -0.228738  -1.05228   -9.5177      -180
 0.523014 -0.229755  -1.01635   35.6513      -180
 0.523991 -0.230735 -0.996547   20.2658      -180
 0.525006 -0.231773  -1.02172  -24.8124      -180
 0.526006 -0.232744 -0.971355   50.3251      -180
 0.527008 -0.233698 -0.952081   19.2475      -180
 0.528024 -0.234629   -0.9179   33.6462      -180
 0.529005 -0.235543 -0.930175  -12.5144      -180
 0.530008 -0.236472  -0.92677   3.39437      -180
 0.530993 -0.237352 -0.893621    33.657      -180
    0.532 -0.238244 -0.890976   2.62451      -180
 0.533007 -0.239129 -0.873106   17.7488      -180
 0.533994 -0.239974 -0.856039   17.2992      -180
 0.534992 -0.240811 -0.839125    16.943      -180
 0.536006 -0.241645 -0.822279   16.6135      -180
 0.537023 -0.242479 -0.820804    1.4503      -180
 0.538035 -0.243293 -0.804357   16.2511      -180
 0.539005 -0.244044 -0.773815    31.482      -180
 0.540009 -0.244865 -0.818724   -44.741      -180
 0.541018 -0.245639  -0.77234   45.9707      -180
 0.541993 -0.246369 -0.742218   30.8831      -180
 0.543007 -0.247137 -0.757466  -15.0455      -180
 0.544006 -0.247879 -0.742483   14.9954      -180
 0.545007 -0.248622 -0.742837 -0.354195      -180
 0.546008 -0.249366 -0.743181 -0.343836      -180
 0.546993 -0.250084 -0.728685   14.7111      -180
 0.548025 -0.250804 -0.698746   29.0208      -180
 0.549004 -0.251505 -0.715331  -16.9373      -180
   0.5501 -0.252268 -0.699918   14.0688      -180
 0.551039 -0.252918 -0.686787   13.9757      -180
 0.552011   -0.2536 -0.703741  -17.4511      -180
 0.553002  -0.25427 -0.674832   29.1758      -180
 0.554003 -0.254917 -0.646401   28.4063      -180
 0.555005 -0.255582 -0.663701  -17.2606      -180
 0.556006 -0.256248 -0.665627  -1.92319      -180
 0.557007 -0.256871 -0.622296   43.3031      -180
 0.558022  -0.25749 -0.609791   12.3118      -180
 0.559013 -0.258092 -0.612992  -3.23112      -180
 0.560008  -0.25871 -0.615887  -2.90959      -180
 0.561022 -0.259276 -0.558331   56.7617      -180
 0.562032 -0.259859 -0.577303  -18.7852      -180
 0.562988 -0.260416 -0.581423  -4.30781      -180
 0.564007  -0.26098 -0.554638   26.2984      -180
 0.565011 -0.261556 -0.573761  -19.0472      -180
 0.566007 -0.262087 -0.532282   41.6209      -180
 0.567022 -0.262616 -0.521606   10.5261      -180
 0.568041 -0.263133 -0.511156   10.2524      -180
 0.569005 -0.263649 -0.531463  -21.0561      -180
  0.57001 -0.264187 -0.535967  -4.48291      -180
 0.571023 -0.264705 -0.510139    25.483      -180
 0.572032 -0.265209 -0.499957   10.0982      -180
 0.573003 -0.265686 -0.490322    9.9195      -180
 0.574007 -0.266199 -0.510713  -20.3149      -180
 0.575007 -0.266699 -0.500608   10.1032      -180
 0.576006 -0.267189 -0.490696   9.91981      -180
0.577013 -0.26764 -0.45085  39.5943     -180
  0.57803 -0.268123 -0.471851  -20.6339      -180
 0.579009 -0.268576 -0.462703   9.35208      -180
 0.580005 -0.269013 -0.438497   24.2827      -180
 0.581024 -0.269466 -0.444718  -6.10757      -180
 0.581998 -0.269891 -0.436139   8.81045      -180
 0.582992 -0.270361 -0.472758  -36.8321      -180
0.584006  -0.2708 -0.43314  39.0524     -180
 0.585006 -0.271225 -0.424554   8.58484      -180
 0.586013 -0.271641 -0.416148   8.35099      -180
 0.587006 -0.272034 -0.392839   23.4678      -180
 0.588031 -0.272459 -0.415015  -21.6462      -180
 0.589005 -0.272856 -0.406992    8.2359      -180
 0.590009 -0.273255 -0.398918    8.0416      -180
 0.591007 -0.273676 -0.421167  -22.2981      -180
  0.59201  -0.27406 -0.382671   38.3885      -180
 0.593003 -0.274403 -0.344991   37.9271      -180
 0.594007 -0.274772 -0.368278  -23.2054      -180
 0.595018 -0.275163 -0.391123  -22.5942      -180
 0.596006 -0.275547 -0.383379   7.83254      -180
 0.596997 -0.275918 -0.375885   7.56135      -180
 0.598016 -0.276263 -0.338155   37.0613      -180
 0.599003 -0.276621 -0.361675  -23.8112      -180
 0.599996 -0.276972 -0.354576   7.15024      -180
  0.60102 -0.277328 -0.347388   7.02267      -180
 0.602033 -0.277688 -0.355482  -7.98561      -180
 0.603002 -0.278041 -0.363727  -8.50949      -180
 0.604026 -0.278387 -0.341351   21.8619      -180
  0.60501 -0.278734 -0.349722  -8.50788      -180
 0.606008 -0.279077 -0.342804   6.92999      -180
 0.607007 -0.279412 -0.336023   6.78967      -180
 0.608031 -0.279718 -0.299085    36.072      -180
 0.609011 -0.280034  -0.32345  -24.8462      -180
 0.610009 -0.280352 -0.317033   6.43063      -180
 0.611026 -0.280668 -0.310649   6.27808      -180
 0.612029 -0.280973  -0.30448   6.15108      -180
  0.61301 -0.281265 -0.298588   6.00411      -180
 0.614008 -0.281558 -0.292657   5.94475      -180
  0.61503  -0.28185 -0.286771    5.7576      -180
 0.616004 -0.282125 -0.281206   5.71575      -180
 0.617008 -0.282402 -0.275614   5.56934      -180
 0.618031 -0.282693 -0.285105  -9.27691      -180
 0.619003 -0.282951 -0.264537   21.1496      -180
 0.619994 -0.283253 -0.304558  -40.3802      -180
 0.621029  -0.28353 -0.268195   35.1503      -180
 0.622011 -0.283801  -0.27809  -10.0782      -180
 0.623012 -0.284046 -0.242398   35.6353      -180
 0.624008 -0.284294  -0.25276  -10.4055      -180
 0.625007  -0.28456 -0.262754  -10.0059      -180
 0.626008 -0.284818 -0.257546   5.20406      -180
 0.627008 -0.285101 -0.282585  -25.0167      -180
 0.628043 -0.285356 -0.246673   34.7223      -180
 0.629004 -0.285618 -0.272117  -26.4551      -180
0.630007 -0.28587 -0.25165  20.4154     -180
 0.631014 -0.286117 -0.246666   4.94995      -180
 0.631993 -0.286355  -0.24185    4.9207      -180
 0.633007 -0.286626  -0.26713   -24.931      -180
 0.634007 -0.286873 -0.246771   20.3555      -180
 0.635007 -0.287085  -0.21174   35.0167      -180
 0.636007 -0.287307 -0.222621  -10.8848      -180
 0.637025 -0.287514 -0.203071   19.1988      -180
 0.638046 -0.287748   -0.2291  -25.5017      -180
 0.639006 -0.287935 -0.194588   35.9286      -180
 0.640015 -0.288156 -0.220866  -26.0508      -180
 0.640995  -0.28837 -0.216549   4.40701      -180
 0.642007 -0.288631 -0.257413  -40.3764      -180
 0.643006 -0.288853 -0.222177   35.2555      -180
 0.644006 -0.289101 -0.247916  -25.7349      -180
 0.645007 -0.289299 -0.197799   50.0976      -180
 0.646014 -0.289509 -0.208924  -11.0473      -180
 0.646992 -0.289695 -0.189799   19.5453      -180
 0.648025 -0.289856 -0.155793   32.9409      -180
 0.649011  -0.29005 -0.197987  -42.7886      -180
 0.650011 -0.290245 -0.194047   3.93889      -180
 0.651008  -0.29042 -0.175139   18.9594      -180
 0.652006 -0.290606 -0.186751  -11.6436      -180
 0.653008 -0.290774 -0.167973   18.7394      -180
 0.654007 -0.290969 -0.194793  -26.8352      -180
 0.655005 -0.291145  -0.17587   18.9606      -180
 0.656006 -0.291317 -0.172388   3.47832      -180
 0.657006 -0.291486 -0.168971   3.41673      -180
  0.65803  -0.29167 -0.180639  -11.3944      -180
 0.659006 -0.291814 -0.146978   34.5027      -180
 0.660009 -0.291974 -0.159131  -12.1135      -180
 0.660993 -0.292157 -0.186171  -27.4876      -180
 0.661993 -0.292324 -0.167415   18.7617      -180
 0.663009 -0.292522 -0.194182  -26.3352      -180
 0.664006 -0.292712 -0.190349   3.84426      -180
 0.665008 -0.292899 -0.186568   3.77174      -180
 0.666006 -0.293081 -0.182885   3.69176      -180
 0.667033 -0.293248 -0.164129   18.2698      -180
 0.668029  -0.29344 -0.191007  -26.9901      -180
 0.669006 -0.293564 -0.127016   65.4796      -180
 0.670008 -0.293689 -0.124495   2.51502      -180
 0.670993 -0.293839 -0.152211  -28.1335      -180
 0.672005  -0.29402 -0.179297  -26.7622      -180
 0.673008 -0.294181 -0.160666   18.5828      -180
 0.674007 -0.294309 -0.127349   33.3521      -180
  0.67503 -0.294451 -0.139852  -12.2217      -180
  0.67601 -0.294615 -0.167286  -27.9833      -180
 0.676994 -0.294732  -0.11879   49.2873      -180
 0.678013 -0.294882 -0.146527  -27.2137      -180
  0.67901 -0.295024 -0.143646   2.89122      -180
 0.680012 -0.295165 -0.140799   2.84232      -180
  0.68102 -0.295304 -0.137994   2.78124      -180
 0.681996 -0.295481 -0.180527  -43.5967      -180
 0.682995 -0.295657  -0.17697    3.5595      -180
 0.684001 -0.295787 -0.128224   48.4501      -180
 0.685019 -0.295944 -0.155802  -27.1023      -180
 0.686007 -0.296097  -0.15272   3.11711      -180
 0.687006 -0.296231 -0.134629   18.1058      -180
 0.688031 -0.296335  -0.10177   32.0733      -180
 0.689004 -0.296477 -0.145025  -44.4339      -180
  0.690008  -0.296559 -0.0818674    62.9367       -180
 0.691012   -0.2967 -0.140518  -58.4324      -180
  0.69203 -0.296856 -0.152751  -12.0096      -180
 0.693003 -0.297016 -0.164878  -12.4637      -180
  0.694014  -0.297088 -0.0711875     92.724       -180
 0.695007 -0.297233 -0.145127  -74.4592      -180
 0.696007  -0.29739 -0.157323  -12.1971      -180
 0.697007 -0.297514 -0.124065   33.2363      -180
 0.698012 -0.297636 -0.121599   2.45481      -180
 0.699003  -0.29777 -0.134281  -12.7897      -180
 0.700009 -0.297917 -0.146678  -12.3274      -180
 0.701025 -0.298063  -0.14373   2.90125      -180
 0.702035 -0.298205 -0.140856   2.84443      -180
  0.70301 -0.298325 -0.123075   18.2432      -180
 0.704009 -0.298446 -0.120627   2.45265      -180
 0.705015 -0.298609 -0.163453  -42.5552      -180
 0.706006 -0.298739 -0.130077   33.6672      -180
 0.707006 -0.298866 -0.127504   2.57449      -180
  0.70801 -0.298992 -0.124968   2.52344      -180
 0.709003 -0.299114 -0.122509   2.47766      -180
 0.710008 -0.299234 -0.120073   2.42286      -180
 0.711023 -0.299354 -0.117663   2.37672      -180
 0.712013 -0.299467 -0.115372   2.31177      -180
 0.713007  -0.29958 -0.113083   2.30256      -180
 0.714006 -0.299721 -0.140983  -27.9284      -180
 0.715007 -0.299845 -0.123122   17.8539      -180
 0.716005  -0.29995 -0.105619   17.5379      -180
 0.717008 -0.300069  -0.11859  -12.9324      -180
 0.718022 -0.300172 -0.101142   17.2035      -180
 0.719004 -0.300298  -0.12932  -28.6858      -180
  0.720007  -0.300395 -0.0966129    32.6082       -180
 0.721014 -0.300535 -0.139909  -43.0224      -180
  0.721993  -0.300626 -0.0919614    48.9788       -180
 0.723006 -0.300733 -0.105183  -13.0481      -180
 0.724011 -0.300836 -0.103094   2.07875      -180
 0.725007 -0.300952 -0.116129  -13.0855      -180
  0.726012  -0.301051 -0.0987493    17.2985       -180
  0.727006  -0.301132 -0.0817329    17.1074       -180
 0.728023 -0.301229 -0.095158  -13.2087      -180
 0.729004 -0.301336 -0.108378  -13.4647      -180
 0.730015 -0.301442 -0.106225   2.12976      -180
  0.73101 -0.301547 -0.104118   2.11797      -180
 0.732005 -0.301648 -0.102066   2.06177      -180
  0.733003  -0.301733 -0.0849774    17.1268       -180
  0.733992   -0.30183 -0.0983862   -13.5585       -180
 0.735019 -0.301945 -0.111451  -12.7174      -180
  0.736004  -0.302023 -0.0791317    32.8228       -180
  0.737008  -0.302116 -0.0926294   -13.4409       -180
  0.738011  -0.302191 -0.0757256    16.8527       -180
 0.739015 -0.302296 -0.104365  -28.5396      -180
 0.740009 -0.302398 -0.102297   2.07993      -180
  0.741022  -0.302484 -0.0851774    16.8991       -180
 0.742031 -0.302599 -0.113614   -28.177      -180
 0.743002 -0.302707 -0.111425   2.25585      -180
 0.744007 -0.302832 -0.124279  -12.7909      -180
 0.744993 -0.302938 -0.106778   17.7391      -180
  0.746008  -0.303013 -0.0744973    31.8126       -180
  0.746995  -0.303085 -0.0730428    1.47428       -180
  0.748033  -0.303159 -0.0715532    1.43528       -180
  0.749007  -0.303242 -0.0852358   -14.0384       -180
  0.749995   -0.30334 -0.0986396    -13.573       -180
 0.751024 -0.303455 -0.111696  -12.6909      -180
  0.752045   -0.30352 -0.0642401    46.4728       -180
  0.753006   -0.30361 -0.0931653    -30.082       -180
  0.754008  -0.303672 -0.0611765    31.9302       -180
 0.755007 -0.303762 -0.090106  -28.9524      -180
  0.756006   -0.30385 -0.0883253    1.78383       -180
  0.757014  -0.303921 -0.0715034     16.676       -180
   0.75803  -0.304008 -0.0851247   -13.4145       -180
  0.759003   -0.30406 -0.0533351    32.6642       -180
  0.760006  -0.304113 -0.0522758    1.05607       -180
  0.761026  -0.304195 -0.0813616     -28.51       -180
  0.762008  -0.304274 -0.0797696    1.62104       -180
  0.763014  -0.304337 -0.0631218    16.5464       -180
 0.764007 -0.304399 -0.061872   1.25951      -180
  0.76501  -0.30446 -0.060647   1.22078      -180
  0.766012  -0.304489 -0.0293076    31.2671       -180
  0.766996  -0.304562 -0.0739506   -45.3821       -180
  0.768009  -0.304636 -0.0724615    1.47027       -180
  0.769011  -0.304706 -0.0710295    1.42872       -180
  0.770007  -0.304776 -0.0696231     1.4122       -180
  0.770997  -0.304829 -0.0531905       16.6       -180
  0.771992  -0.304896 -0.0672082   -14.0825       -180
  0.773012  -0.304932 -0.0357228    30.8911       -180
  0.774007  -0.304997 -0.0651558   -29.5762       -180
  0.775016  -0.305046 -0.0487961    16.2102       -180
  0.776007  -0.305109 -0.0628993   -14.2333       -180
  0.777011  -0.305171 -0.0616539    1.24046       -180
  0.778022  -0.305186 -0.0152134    45.9509       -180
 0.779003 -0.305245 -0.060134   -45.764      -180
  0.780007  -0.305304 -0.0589386     1.1904       -180
  0.780992  -0.305317 -0.0125731    47.0988       -180
  0.781994  -0.305389 -0.0726019   -59.8904       -180
  0.783006  -0.305431 -0.0410103    31.2144       -180
  0.784011  -0.305486 -0.0552689   -14.1852       -180
  0.785011  -0.305541 -0.0541692    1.10009       -180
  0.786008  -0.305579 -0.0380295    16.1949       -180
  0.787007  -0.305631 -0.0523471   -14.3254       -180
  0.788022  -0.305698 -0.0663638   -13.8167       -180
  0.789005  -0.305733 -0.0349264    31.9811       -180
  0.790008  -0.305797 -0.0643712    -29.335       -180
  0.791011  -0.305845 -0.0480246    16.3012       -180
  0.791988  -0.305891 -0.0470934   0.953472       -180
  0.793014  -0.305938 -0.0461434   0.925622       -180
  0.794007  -0.305984 -0.0452306   0.919635       -180
 0.795007 -0.306028 -0.044334  0.895829      -180
  0.796018  -0.306057 -0.0283793    15.7939       -180
  0.797009  -0.306084 -0.0278224   0.561998       -180
  0.798027  -0.306112 -0.0272622   0.550182       -180
  0.799004  -0.306138 -0.0267336    0.54073       -180
  0.800009   -0.30618 -0.0412712   -14.4697       -180
  0.800994   -0.30619 -0.0103222    31.4081       -180
     0.802   -0.30623 -0.0402572   -29.7739       -180
 0.803006 -0.306209 0.0208212   60.6777      -180
  0.804007  -0.306234 -0.0248002    -45.592       -180
  0.804993  -0.306258 -0.0243159   0.491144       -180
  0.806007  -0.306282 -0.0238282   0.481197       -180
  0.807007  -0.306275 0.00678306    30.5988       -180
   0.808024   -0.306284 -0.00842068    -14.9517        -180
  0.809004  -0.306307 -0.0233296   -15.2073       -180
  0.810009  -0.306345 -0.0379343    -14.533       -180
   0.811015   -0.306352 -0.00704372     30.7244        -180
   0.812008   -0.306359 -0.00690439    0.140314        -180
  0.812993   -0.30641 -0.0519856   -45.7499       -180
  0.814009  -0.306446 -0.0358725    15.8646       -180
  0.815006  -0.306497 -0.0502336    -14.393       -180
   0.816005   -0.306501 -0.00403033     46.2507        -180
  0.817009   -0.30655 -0.0491581   -44.9702       -180
 0.818021 -0.306614 -0.063241  -13.9147      -180
  0.819002   -0.30663 -0.0167938    47.3653       -180
  0.820014  -0.306662 -0.0315291   -14.5593       -180
  0.820992  -0.306693 -0.0309133   0.629272       -180
  0.822006  -0.306708 -0.0152257    15.4821       -180
 0.823008 -0.306678 0.0302846   45.3945      -180
  0.824006  -0.306723 -0.0456639   -76.1173       -180
   0.824996   -0.306723 0.000445459     46.5791        -180
  0.826007  -0.306753 -0.0296999   -29.8134       -180
  0.827008  -0.306782 -0.0291112   0.588231       -180
  0.828022  -0.306811 -0.0285268   0.575955       -180
  0.829011  -0.306809 0.00217304    31.0426       -180
 0.830009 -0.306792 0.0171991   15.0667      -180
  0.831007   -0.30679 0.00178883   -15.4298       -180
  0.832006  -0.306803 -0.0133165   -15.1317       -180
  0.833009  -0.306831 -0.0281213   -14.7566       -180
  0.833995  -0.306829 0.00257144    31.1179       -180
  0.835008  -0.306872 -0.0426833   -44.6933       -180
  0.836008  -0.306884 -0.0116988    30.9794       -180
 0.837007 -0.306865 0.0186723   30.4023      -180
  0.838038  -0.306877 -0.0118383   -29.5818       -180
 0.839005 -0.306918 -0.041756  -30.9455      -180
  0.840008  -0.306913 0.00428054    45.8758       -180
 0.841007 -0.306894 0.0192657   15.0149      -180
  0.842005   -0.30689 0.00381471   -15.4706       -180
  0.843008  -0.306917 -0.0263998   -30.1305       -180
  0.844005  -0.306928 -0.0108081    15.6376       -180
  0.845006  -0.306953 -0.0256634   -14.8351       -180
  0.846007  -0.306993 -0.0402249   -14.5557       -180
  0.846998  -0.307032 -0.0394394   0.792212       -180
  0.848024  -0.307057 -0.0235695     15.469       -180
   0.849005   -0.307065 -0.00803905     15.8451        -180
  0.849993  -0.307087 -0.0229533    -15.088       -180
  0.851011  -0.307125 -0.0375606   -14.3451       -180
   0.852006   -0.307132 -0.00667699     31.0487        -180
   0.853009   -0.307138 -0.00654491    0.131618        -180
  0.854005   -0.30713 0.00865438    15.2696       -180
   0.85501  -0.307182 -0.0517958   -60.1534       -180
  0.856011  -0.307202 -0.0206307    31.1229       -180
   0.85701  -0.307222 -0.0202222   0.409002       -180
 0.858029 -0.307243 -0.019813  0.401649      -180
   0.85901  -0.307276 -0.0345022   -14.9614       -180
   0.860008    -0.30728 -0.00367895     30.8918        -180
  0.861008  -0.307299 -0.0186755   -15.0048       -180
  0.862007  -0.307332 -0.0333765    -14.709       -180
 0.863013 -0.307365 -0.032715  0.657915      -180
 0.864007 -0.307337 0.0282115   61.2963      -180
   0.865017   -0.307339 -0.00248675    -30.3818        -180
  0.866009  -0.307372 -0.0325766   -30.3453       -180
   0.866995   -0.307374 -0.00179685     31.1986        -180
 0.868013  -0.30736 0.0133065    14.839      -180
  0.869003  -0.307377 -0.0170967   -30.7056       -180
  0.870008  -0.307424 -0.0468951   -29.6661       -180
    0.871007    -0.307425 -0.000757756      46.1516         -180
  0.872007  -0.307441 -0.0158125    -15.063       -180
    0.873008    -0.307441 -0.000429515      15.3584         -180
  0.874012  -0.307456 -0.0154909   -15.0016       -180
  0.875007  -0.307472 -0.0151838   0.308574       -180
   0.876005   -0.307471 0.000186274     15.4006        -180
 0.876993 -0.307486 -0.014889  -15.2656      -180
 0.878016  -0.30747 0.0155451   29.7413      -180
   0.879012    -0.30747 0.000167102    -15.4454        -180
 0.880011 -0.307425 0.0453733   45.2311      -180
  0.881013  -0.307456 -0.0308739   -76.1076       -180
  0.882008  -0.307471 -0.0151947    15.7668       -180
  0.883016  -0.307486 -0.0148939   0.298244       -180
  0.884013  -0.307516 -0.0296663    -14.816       -180
 0.885008  -0.30753 -0.014011   15.7353      -180
  0.886007  -0.307543 -0.0137341   0.277309       -180
  0.887006  -0.307557 -0.0134622   0.272083       -180
  0.888012   -0.30757 -0.0131942   0.266366       -180
  0.889004  -0.307583 -0.0129351   0.261285       -180
  0.890009  -0.307611 -0.0277466   -14.7318       -180
  0.891027  -0.307623 -0.0121208    15.3559       -180
   0.89201  -0.307635 -0.0118865   0.238377       -180
  0.893008  -0.307631 0.00341906    15.3359       -180
   0.89401  -0.307628 0.00335122 -0.0677328       -180
  0.895008   -0.30764 -0.0117849   -15.1589       -180
  0.896006  -0.307666 -0.0266224   -14.8669       -180
  0.896995  -0.307677 -0.0110296    15.7706       -180
 0.898012 -0.307642 0.0343941   44.6708      -180
  0.899004  -0.307669 -0.0265653    -61.403       -180
 0.900008 -0.307649   0.01917   45.5756      -180
  0.901014  -0.307661 -0.0113489   -30.3259       -180
   0.90201  -0.307672 -0.0111238    0.22601       -180
 0.903003 -0.307653 0.0192363   30.5737      -180
  0.904007  -0.307664 -0.0112842   -30.4212       -180
  0.905009  -0.307675 -0.0110604   0.223279       -180
  0.906008  -0.307686 -0.0108416   0.219012       -180
 0.907007 -0.307667 0.0195126   30.3998      -180
  0.908042  -0.307693 -0.0260806   -44.0321       -180
  0.909004  -0.307718 -0.0255831   0.517389       -180
  0.910017  -0.307713 0.00506412    30.2527       -180
 0.911018 -0.307693 0.0200318   14.9474      -180
 0.912025 -0.307673 0.0196324 -0.396722      -180
  0.913002  -0.307669 0.00417887    -15.809       -180
  0.914007   -0.30768 -0.0109733   -15.0778       -180
  0.915007  -0.307676 0.00431367    15.2917       -180
 0.916006 -0.307656  0.019298   14.9925      -180
  0.917045  -0.307699 -0.0413545   -58.3742       -180
  0.918028  -0.307695 0.00466703    46.8515       -180
  0.919012  -0.307705 -0.0104964    -15.407       -180
  0.920009  -0.307715 -0.0102879   0.209128       -180
  0.921011   -0.30774 -0.0251532    -14.824       -180
   0.922009    -0.30775 -0.00958616     15.6017        -180
 0.923004 -0.307729 0.0207435   30.4845      -180
   0.924007   -0.307739 -0.00980698    -30.4728        -180
   0.925008   -0.307749 -0.00961262    0.194051        -180
   0.926007   -0.307758 -0.00942247    0.190435        -180
 0.927007 -0.307737 0.0209035   30.3209      -180
   0.928032   -0.307747 -0.00965167     -29.811        -180
  0.929004  -0.307741 0.00560841    15.6991       -180
   0.93001  -0.307766 -0.0246413   -30.0797       -180
   0.931026   -0.307775 -0.00907805     15.3089        -180
   0.932014   -0.307784 -0.00890059    0.179694        -180
   0.933007   -0.307793 -0.00872678    0.175083        -180
  0.934004  -0.307786 0.00651578    15.2801       -180
   0.934998   -0.307795 -0.00868305    -15.2984        -180
   0.935996   -0.307803 -0.00851128    0.172102        -180
   0.937003   -0.307811 -0.00834292    0.167101        -180
   0.938035    -0.30782 -0.00817134    0.166281        -180
  0.938997  -0.307842 -0.0230926   -15.5065       -180
  0.939995  -0.307834 0.00750468     30.658       -180
  0.941004  -0.307857 -0.0227828   -30.0248       -180
   0.942014   -0.307865 -0.00725731     15.3655        -180
   0.943014   -0.307872 -0.00711429    0.143094        -180
  0.943992  -0.307864 0.00809646     15.553       -180
  0.944996  -0.307886 -0.0222033   -30.1653       -180
   0.945999   -0.307893 -0.00669421     15.4733        -180
   0.946997   -0.307899 -0.00656138     0.13309        -180
 0.948027 -0.307859  0.038767   44.0095      -180
  0.949008  -0.307896 -0.0373489   -77.5451       -180
   0.949994   -0.307902 -0.00647476     31.3246        -180
    0.95101   -0.307908 -0.00634502    0.127682        -180
  0.952005   -0.30793 -0.0212891   -15.0132       -180
   0.953011   -0.307936 -0.00579652     15.4019        -180
  0.95401 -0.307911 0.0244582   30.2858      -180
  0.955015  -0.307932 -0.0212352   -45.4798       -180
 0.956007 -0.307923 0.0093247   30.8119      -180
  0.957005  -0.307944 -0.0209995   -30.3698       -180
   0.958025    -0.30795 -0.00550922     15.1943        -180
   0.958995   -0.307955 -0.00540326    0.109229        -180
  0.960007  -0.307945 0.00977289    14.9914       -180
   0.961009   -0.307951 -0.00549039    -15.2426        -180
   0.962007   -0.307956 -0.00538189    0.108667        -180
  0.963005  -0.307976 -0.0203453   -14.9931       -180
  0.964012  -0.307996 -0.0199423   0.400002       -180
  0.965006  -0.308031 -0.0346167   -14.7669       -180
   0.966024   -0.308035 -0.00378573     30.2986        -180
 0.966993 -0.308024 0.0113612   15.6249      -180
   0.968027   -0.308028 -0.00393592    -14.7904        -180
 0.969003 -0.308017 0.0112135   15.5319      -180
 0.970008 -0.307991 0.0260593   14.7729      -180
  0.971008   -0.30801 -0.0196658   -45.7284       -180
   0.972005   -0.308015 -0.00420716     15.5004        -180
   0.973013   -0.308019 -0.00412386    0.082657        -180
 0.974007 -0.307993 0.0260967   30.3894      -180
   0.975005   -0.307997 -0.00455899    -30.7092        -180
   0.976004   -0.308002 -0.00446889   0.0902542        -180
   0.976992   -0.308006 -0.00438137   0.0885211        -180
  0.978008  -0.308072 -0.0645631   -59.2815       -180
   0.979005   -0.308075 -0.00300786     61.7364        -180
   0.980007   -0.308077 -0.00294818   0.0595301        -180
  0.98101 -0.308065 0.0121796   15.0857      -180
 0.982005 -0.308053 0.0119408 -0.239868      -180
   0.983006   -0.308057 -0.00336589    -15.2933        -180
  0.984005  -0.308075 -0.0183692   -15.0151       -180
 0.984991 -0.308048 0.0272049   46.2389      -180
  0.98599 -0.308037 0.0115969  -15.6278      -180
  0.986992  -0.308056 -0.0187719    -30.306       -180
   0.988025   -0.308059 -0.00332353      14.947        -180
   0.989003   -0.308062 -0.00325909   0.0658883        -180
   0.990006   -0.308065 -0.00319436   0.0645324        -180
   0.991029   -0.308069 -0.00313023   0.0627276        -180
  0.991999  -0.308086 -0.0181424   -15.4783       -180
  0.993007  -0.308104 -0.0177806   0.358878       -180
  0.994008  -0.308137 -0.0324978   -14.7007       -180
 0.995007 -0.308169 -0.031855   0.64366      -180
 0.996006 -0.308155 0.0139847   45.8868      -180
   0.997004   -0.308156 -0.00136178    -15.3659        -180
 0.998026 -0.308142 0.0137323    14.778      -180
   0.998994   -0.308143 -0.00160553    -15.8452        -180
