        0   0.78045 -0.025529         0         0
0.000991106  0.780466 0.0159739   41.8754       150
0.00199461   0.780468 0.00199108    -13.934        150
0.00300813  0.780484 0.0156156   13.4428       150
0.00397873  0.780499  0.015314 -0.310654       150
0.00501728  0.780514 0.0150017 -0.300711       150
0.00598526   0.780502 -0.0126268   -28.5425        150
0.00700617   0.780503 0.00129088    13.6327        150
0.00801539   0.780491 -0.0124007   -13.5664        150
0.00901961   0.780479 -0.0121523   0.247386        150
0.0100124   0.78048 0.0017538   14.0073       150
 0.0110173   0.780468 -0.0119465   -13.6331        150
0.0120187 0.780484 0.015622  27.5311      150
0.0130017  0.780472 -0.012019   -28.119       150
0.0158594  0.780516 0.0154809   9.62311       150
 0.0170071   0.780517 0.00148458   -12.1946        150
 0.0180123   0.780491 -0.0258756   -27.2194        150
0.0190313  0.780506 0.0156356   40.7372       150
0.0200014  0.780521   0.01533 -0.314972       150
 0.0210192   0.780521 0.00135844   -13.7271        150
0.0220218   0.78055 0.0286627   27.2348       150
 0.0230215   0.780536 -0.0129028   -41.5784        150
0.0240216  0.780523 -0.012647  0.255733       150
0.0250223  0.780538 0.0149355   27.5647       150
 0.0260208   0.780525 -0.0126923   -27.6693        150
 0.027015  0.780553 0.0285579   41.4906       150
 0.0280323   0.780539 -0.0130067   -40.8565        150
  0.0290573     0.78054 0.000920779     13.5883         150
  0.0300035     0.78054 0.000903503  -0.0182561         150
  0.031018   0.780527 -0.0127786    -13.487        150
0.0320389  0.780528 0.0011427   13.6362       150
 0.033016  0.780515 -0.012548  -14.0124       150
 0.0340018   0.780503 -0.0123025   0.249037        150
 0.0349977   0.780491 -0.0120613   0.242172        150
  0.036001   0.780464 -0.0254851   -13.3801        150
 0.0370047   0.780466 0.00235087    27.7322        150
 0.0379953   0.780468 0.00230436 -0.0469429        150
 0.0390201    0.78047 0.00225801   -0.04524        150
0.0400064  0.780486 0.0158806   13.8113       150
 0.0410018   0.780488 0.00190082   -14.0444        150
0.0420227  0.780531 0.0428546    40.115       150
0.0430069  0.780545 0.0146831   -28.624       150
 0.044023  0.780573 0.0280515   13.1561       150
0.0450213  0.780587 0.0138308  -14.2455       150
0.0460327    0.7806 0.0135562 -0.271601       150
0.0470161   0.78064 0.0406235   27.5221       150
0.0480206   0.78068 0.0398169 -0.803041       150
0.0490081  0.780731 0.0527064   13.0522       150
0.0500021  0.780783 0.0516606  -1.05215       150
0.0510004   0.78086 0.0779734   26.3588       150
0.0519967  0.780909 0.0490999  -28.9793       150
0.0529966  0.780998 0.0891245   40.0275       150
0.0540218  0.781087 0.0873298  -1.75053       150
0.0550177 0.781206 0.121216  34.0263      150
0.0560062  0.78136 0.154411  33.5825      150
0.0570228  0.78155 0.186884  31.9418      150
0.0580225 0.781733 0.183184 -3.70144      150
0.0590532 0.781936 0.197241  13.6389      150
0.0600157 0.782173 0.246876   51.569      150
0.0610204 0.782416 0.241968  -4.8848      150
0.062007 0.782703 0.290622  49.3159      150
0.0630088 0.783006 0.302655  12.0106      150
0.0640318 0.783325 0.314365  11.4458      150
0.0650239 0.783686 0.361522   47.535      150
0.0660307 0.784094 0.407737  45.9007      150
0.0670471  0.78452 0.417286  9.39555      150
0.0680072 0.784933 0.427093  10.2143      150
0.0690374 0.785379 0.436233  8.87189      150
0.0699971 0.785841 0.481331  46.9947      150
0.0710015  0.78639 0.542865  61.2613      150
0.0719969  0.78692 0.532147 -10.7678      150
0.0730021 0.787476 0.557219   24.943      150
0.0740023 0.788077 0.599533  42.3065      150
0.0749953 0.788716 0.641082  41.8417      150
0.0760002 0.789382 0.663949  22.7546      150
0.0769935 0.790048 0.668634  4.71744      150
0.0780218 0.790789 0.726295  56.0735      150
0.0790193 0.791551 0.765356  39.1574      150
0.0800245 0.792319 0.767992  2.62282      150
0.0809922 0.793108 0.806495  39.7863      150
0.0820372 0.793938 0.807886  1.33114      150
0.083025 0.794802  0.86305  55.8472      150
0.0840287 0.795665 0.863772 0.719277      150
0.0850215 0.796545 0.882291  18.6531      150
0.0860124 0.797419  0.88279 0.504306      150
0.0870085 0.798317  0.90095  18.2302      150
0.0880258 0.799269 0.936181  34.6307      150
0.0890601 0.800235 0.934824 -1.31128      150
0.0900166   0.80113  0.934886 0.0640995       150
0.091028 0.802121 0.987474  51.9968      150
0.0920002 0.803023 0.914805 -74.7415      150
0.0930231 0.803988 0.949774  34.1895      150
0.0940115 0.804979  1.00236  53.1951      150
0.0950632 0.806029 0.999312 -2.89524      150
0.0960047 0.806942 0.962723 -38.8621      150
0.0969985 0.807899 0.961546 -1.18442      150
0.0980015  0.80888 0.978036  16.4402      150
0.0990195 0.809829 0.940705 -36.6693      150
 0.100009  0.810759  0.940059 -0.652313       150
0.101002 0.811716 0.957034  17.0984      150
0.101999 0.812652 0.938121  -18.969      150
0.102998 0.813588 0.937358 -0.76398      150
0.104023  0.81456 0.954047  16.2788      150
0.105048 0.815516 0.934724 -18.8519      150
0.106009 0.816386 0.899003 -37.1594      150
   0.107 0.817277 0.899158  0.15657      150
0.108001 0.818141  0.86354 -35.5867      150
0.108995 0.818973 0.846728 -16.8972      150
0.109987 0.819823 0.847705 0.984895      150
0.110991 0.820657 0.830853  -16.793      150
0.112001 0.821498 0.832032   1.1667      150
0.113002 0.822315 0.815523 -16.4868      150
0.114002 0.823149 0.834979  19.4577      150
0.115001 0.823913 0.765079 -69.9711      150
0.116003 0.824683 0.767678   2.5943      150
0.117001 0.825451 0.770316  2.64156      150
0.117998 0.826197 0.755243 -15.1129      150
0.119003 0.826947 0.740081 -15.0983      150
0.120047 0.827704 0.724805 -14.6249      150
  0.1211 0.828433 0.691901  -31.238      150
0.121972 0.829038 0.679681 -14.0232      150
 0.12301 0.829766 0.701303  20.8239      150
0.123966 0.830374 0.634565 -69.8054      150
0.124987 0.831025 0.639566  4.89865      150
0.125971 0.83166  0.6449 5.42076     150
0.126975 0.832273 0.614361 -30.4181      150
 0.12797 0.832893 0.619976  5.64244      150
0.128977  0.83354 0.643214    23.08      150
0.130015  0.83418 0.630289 -12.4509      150
0.131023 0.834767 0.582124  -47.781      150
0.132042 0.835366 0.588182  5.94367      150
0.133051 0.835929  0.55865 -29.2897      150
0.133987 0.836497 0.601601  45.8627      150
0.135022 0.837084 0.571571 -29.0215      150
0.136017 0.837654 0.578216  6.68073      150
0.137021 0.838247   0.5844  6.15598      150
0.138023  0.83882 0.572807 -11.5689      150
0.139059 0.839383 0.543282 -28.5079      150
0.140003 0.839903 0.550915  8.08539      150
0.141009 0.840429 0.522147  -28.586      150
0.142037 0.840972 0.529332  6.99371      150
0.143025 0.841506 0.536698  7.45551      150
0.143999 0.842019 0.526333 -10.6378      150
0.145001 0.842512 0.498209 -28.0719      150
0.145989 0.842998 0.488403 -9.92292      150
0.146982 0.843494 0.496524  8.18239      150
0.147981 0.844016 0.522291  25.7806      150
0.149017 0.844509 0.476015 -44.6912      150
0.149991 0.844996 0.502469  27.1419      150
0.151002 0.845478 0.474579 -27.5898      150
0.151991 0.845992 0.518653  44.5772      150
0.152994 0.846466 0.472775  -45.729      150
0.154004 0.846948 0.481188  8.33197      150
0.154996 0.847384 0.436072 -45.4875      150
0.155996 0.847847 0.463026  26.9557      150
0.156995 0.848282 0.436073 -26.9811      150
0.157987 0.848739 0.463141  27.2785      150
0.158999 0.849201 0.453815 -9.21027      150
0.159992  0.84964 0.444955 -8.92911      150
0.160992 0.850097 0.453875  8.91878      150
 0.16199 0.850522  0.42713  -26.792      150
0.162981 0.850936 0.418781 -8.42424      150
0.163993 0.851334 0.392574 -25.8935      150
0.164984 0.851735 0.402625   10.151      150
0.165984 0.852148  0.41244  9.80804      150
0.166984 0.852552 0.404279 -8.16497      150
0.167992 0.852968  0.41402   9.6588      150
0.168984 0.853319 0.352486 -62.0417      150
0.169992 0.853666 0.345479  -6.9497      150
0.170998 0.854042 0.374175  28.5421      150
0.172031 0.854454 0.402177   27.099      150
0.173011 0.854809 0.358701 -44.3782      150
0.173993 0.855172 0.369515  11.0088      150
0.174995 0.855553 0.379976  10.4351      150
0.175995 0.855908 0.354652 -25.3262      150
0.176996 0.856291 0.383216  28.5526      150
0.177997 0.856649 0.357835 -25.3593      150
0.179009 0.856986 0.332872 -24.6641      150
0.179996 0.857361 0.379756  47.4757      150
 0.18099 0.857711  0.35453 -25.3735      150
0.182013 0.858068 0.347308 -7.06066      150
0.183023 0.858394 0.322571 -24.5051      150
0.184024 0.858746  0.35177  29.1738      150
0.184992 0.859115 0.380611  29.7802      150
0.185999 0.859473 0.355229 -25.2156      150
0.186982 0.859798 0.330516 -25.1339      150
0.187998 0.860127 0.323869 -6.54516      150
0.189011 0.860484 0.352963  28.7126      150
 0.18999 0.860803 0.328362 -25.1361      150
0.190999 0.861112 0.303972 -24.1551      150
0.192012 0.861432 0.315661  11.5413      150
0.193022 0.861726 0.291563   -23.85      150
0.193996 0.862022  0.30373  12.4928      150
0.194997 0.862338 0.315504  11.7695      150
0.195997 0.862683 0.344844  29.3346      150
0.196995 0.863003 0.320236 -24.6565      150
0.197996 0.863353 0.349475  29.2137      150
0.199017 0.863699 0.342472 -6.86106      150
0.199984 0.864009 0.318055 -25.2314      150
0.201001 0.864308 0.293865 -23.7998      150
0.202013 0.864618  0.30577  11.7625      150
0.203001 0.864931 0.317589  11.9656      150
   0.204 0.865224 0.293519 -24.0724      150
0.204996 0.865529 0.305507  12.0434      150
0.205997 0.865811 0.281651 -23.8231      150
0.206995 0.866122 0.311674  30.0749      150
0.207989 0.866406 0.287786 -24.0323      150
0.209003 0.866658 0.246399 -40.8157      150
0.209994 0.866932  0.27715  31.0559      150
0.210998 0.867241 0.307226  29.9435      150
0.211982 0.867537  0.30124 -6.08447      150
0.213014 0.867842 0.295091 -5.95621      150
0.213995  0.86816 0.324953  30.4452      150
0.214997 0.868409 0.247326 -77.4669      150
0.215997 0.868669 0.260221  12.9028      150
0.217003 0.868942 0.272863  12.5617      150
   0.218 0.869228 0.285237  12.4136      150
0.219017 0.869512   0.2795 -5.64321      150
0.219993 0.869762 0.256293 -23.7752      150
0.220998 0.869996 0.233405 -22.7704      150
0.221997 0.870279 0.282166  48.7757      150
0.222997 0.870555 0.276583  -5.5873      150
0.223997 0.870791 0.235514 -41.0721      150
0.225003 0.871059 0.266408  30.6913      150
 0.22602 0.871322 0.261097  -5.2217      150
0.227004 0.871593 0.273768  12.8839      150
0.227994 0.871823 0.232814 -41.3609      150
0.228985  0.87205 0.228236 -4.62145      150
0.229998 0.872295 0.241446  13.0303      150
0.230998 0.872566 0.272263  30.8414      150
0.231983 0.872847 0.284743   12.669      150
0.232983 0.873091 0.243516 -41.2203      150
0.233986 0.873348 0.256473   12.921      150
0.235005 0.873602  0.25134 -5.03639      150
0.236003 0.873868 0.264132  12.8112      150
   0.237 0.874108 0.241123 -23.0993      150
0.238008 0.874381 0.271916  30.5189      150
0.239035 0.874674 0.284149  11.9211      150
0.239994 0.874925 0.260945 -24.1981      150
0.241001 0.875182 0.255741 -5.16546      150
0.241997 0.875432 0.250692 -5.06901      150
0.242981 0.875674 0.245802 -4.96719      150
0.243997 0.875899 0.223108 -22.3441      150
0.244997 0.876137 0.236453   13.346      150
0.245998 0.876369 0.231761 -4.68645      150
0.246995 0.876596 0.227186 -4.59042      150
0.248007  0.87682 0.222661 -4.47287      150
0.248992 0.877106 0.289489  67.8354      150
0.250003 0.877356 0.248126 -40.8882      150
0.251001 0.877618 0.260986  12.8893      150
0.252002 0.877855 0.238039 -22.9381      150
0.252989 0.878085 0.233405 -4.69266      150
0.253998 0.878317  0.22871 -4.65486      150
0.254996 0.878577  0.25977  31.0988      150
   0.256 0.878796 0.219042 -40.5761      150
0.256995  0.87901 0.214709 -4.35295      150
0.257995 0.879203 0.192664 -22.0573      150
0.259011 0.879449 0.242162  48.7007      150
0.259992 0.879699 0.255254  13.3475      150
0.260999 0.879969 0.267963  12.6257      150
0.261992 0.880175 0.209356 -59.0058      150
0.262994 0.880436 0.258531  49.0975      150
0.263999 0.880691 0.253386 -5.11657      150
0.264996 0.880939 0.248384 -5.01874      150
0.265997 0.881147 0.207873 -40.4757      150
0.267011 0.881353   0.2037 -4.11269      150
0.267995 0.881602 0.253121  50.2391      150
0.269009   0.8818 0.194665 -57.6357      150
0.269999 0.882059  0.26204  68.0784      150
0.271006 0.882298 0.239052 -22.8321      150
0.271982 0.882529 0.234394 -4.77247      150
0.272995 0.882707 0.176314 -57.3054      150
0.273997 0.882916 0.208407  32.0498      150
0.274996 0.883156 0.239873  31.5056      150
0.275996 0.883391 0.235122 -4.74979      150
0.276994 0.883603 0.212681 -22.4747      150
0.277997 0.883866 0.261839   49.044      150
0.279017 0.884091 0.220975 -40.0359      150
0.280001 0.884303 0.216695 -4.35005      150
0.280983 0.884513 0.212455  -4.3195      150
0.281997 0.884742 0.225976  13.3345      150
0.282996 0.884946 0.203712 -22.2871      150
0.283978 0.885142  0.19975 -4.03449      150
0.284996 0.885377 0.231307  30.9972      150
0.285997 0.885569 0.191134 -40.1279      150
0.286994 0.885755  0.18736 -3.78391      150
0.287996 0.885957 0.201437  14.0578      150
0.289006 0.886209 0.250817  48.8474      150
0.289999 0.886419 0.210267 -40.8645      150
0.290999 0.886625 0.206103 -4.16455      150
0.291997 0.886827 0.202026 -4.08212      150
0.292982 0.887039 0.215882  14.0718      150
0.293998 0.887255 0.211535 -4.27702      150
0.294996 0.887461 0.207359 -4.18479      150
0.295999 0.887665 0.203241 -4.10781      150
0.296999 0.887882 0.217015  13.7748      150
0.298005 0.888095 0.212717 -4.26969      150
0.299022 0.888326 0.226198  13.2613      150
0.299993  0.88849 0.168448 -59.4562      150
0.300986 0.888724  0.23632   68.399      150
0.301993 0.888922 0.196026 -39.9914      150
0.303068 0.889128 0.191853 -3.88122      150
0.304005 0.889371 0.259516  72.2504      150
   0.305 0.889589 0.218809 -40.8954      150
0.305998 0.889785  0.19669 -22.1783      150
0.307003 0.890013 0.228388  31.5195      150
0.307984 0.890199 0.188331 -40.8587      150
0.309003 0.890387 0.184531 -3.72762      150
0.309994 0.890602 0.216497  32.2679      150
   0.311 0.890834 0.229978  13.3926      150
0.312001 0.890988 0.154249 -75.6628      150
0.312999  0.89121 0.222377  68.2641      150
0.313996 0.891409 0.200192  -22.261      150
0.314998 0.891624  0.21401  13.7791      150
0.316005 0.891834 0.209773 -4.21058      150
0.316983 0.892036 0.205685 -4.17772      150
0.317985 0.892238 0.201604 -4.07372      150
0.319019 0.892443 0.197477 -3.98974      150
0.319994 0.892614 0.175861 -22.1834      150
0.320998 0.892805 0.190162  14.2372      150
 0.32202 0.893014 0.204105  13.6417      150
0.323025 0.893233 0.217837  13.6709      150
0.323992  0.89344 0.213655 -4.32116      150
0.325002 0.893632 0.191618 -21.8198      150
0.325997 0.893838 0.205615  14.0677      150
0.326996 0.894021 0.183753 -21.8891      150
0.327997 0.894237 0.215698  31.9016      150
0.329001 0.894467 0.229208  13.4656      150
    0.33 0.894656 0.189085 -40.1539      150
0.330984 0.894856 0.203197  14.3423      150
0.331973 0.895036  0.18141 -22.0252      150
 0.33299 0.895216 0.177765 -3.58573      150
0.333983 0.895406 0.192086  14.4187      150
0.334986 0.895596 0.188238 -3.83474      150
0.335993 0.895817 0.220098  31.6659      150
0.336986 0.896014  0.19795 -22.2984      150
0.337985 0.896208 0.194031 -3.92154      150
0.338986 0.896345 0.136807 -57.2006      150
0.339986 0.896551  0.20527  68.4354      150
0.340992 0.896753 0.201193 -4.05293      150
0.341993 0.896949 0.197217 -3.97353      150
0.342981 0.897158 0.211159   14.108      150
0.343989 0.897367 0.206932 -4.19462      150
0.344987  0.89757 0.202831 -4.10825      150
 0.34599 0.897769 0.198814 -4.00295      150
0.346986 0.897964 0.194881 -3.95096      150
0.347986 0.898137 0.173225 -21.6422      150
0.348979  0.89834 0.205424  32.4414      150
0.349988 0.898562   0.2191  13.5537      150
 0.35099 0.898777 0.214757 -4.33327      150
0.351997 0.898969 0.192719 -21.8835      150
0.352988 0.899141 0.171105  -21.808      150
0.353993 0.899362 0.221087  49.7366      150
0.354987 0.899543 0.181133 -40.2159      150
0.355986  0.89972  0.17755 -3.58671      150
0.356985 0.899912 0.191832  14.2967      150
0.357971  0.90008  0.17029 -21.8349      150
0.358978 0.900283 0.202495  31.9935      150
0.359986 0.900484 0.198441 -4.02155      150
0.360996 0.900697 0.212293  13.7159      150
0.361988 0.900887   0.1903 -22.1749      150
0.362972  0.90107 0.186591 -3.76879      150
0.363993 0.901275 0.200618  13.7359      150
0.364986  0.90147 0.196665 -3.97937      150
0.365986 0.901646 0.174973 -21.6835      150
0.367004 0.901838 0.189248  14.0223      150
0.367984 0.901984 0.149984 -40.0895      150
0.368986 0.902186 0.200374  50.2626      150
0.369979 0.902345 0.160869 -39.8021      150
 0.37098 0.902521 0.175461  14.5793      150
0.371988 0.902731 0.207533  31.8007      150
0.372986 0.902916 0.185637 -21.9444      150
0.374032 0.903083 0.164112 -20.5888      150
0.375025 0.903243 0.160875 -3.25912      150
0.376008 0.903398 0.157743 -3.18453      150
0.377031 0.903592 0.190135  31.6624      150
0.378024 0.903742   0.1508 -39.6315      150
0.378995 0.903923 0.183441  33.5973      150
0.379995 0.904122 0.197576  14.1426      150
0.380978 0.904295 0.175933 -22.0177      150
0.381987 0.904469 0.172411 -3.49072      150
0.382985  0.90462 0.151206 -21.2366      150
0.383981 0.904785 0.166028  14.8939      150
0.384985 0.904967 0.180511  14.4118      150
0.385985 0.905144 0.176936  -3.5752      150
0.386984 0.905299 0.155642  -21.316      150
0.387993 0.905488 0.188141  32.2103      150
0.388987 0.905655 0.166621 -21.6662      150
0.389987 0.905836 0.181116  14.4925      150
0.390991 0.906049 0.213106  31.8629      150
0.391987 0.906258 0.208899 -4.22395      150
0.392985 0.906427 0.169178 -39.7899      150
0.393986 0.906592 0.165828 -3.34756      150
0.394994 0.906756 0.162526 -3.27644      150
0.395971 0.906947 0.194969  33.1978      150
0.396992 0.907104 0.155472 -38.6792      150
0.397987 0.907293 0.187975  32.6769      150
0.398993 0.907478 0.184238 -3.71231      150
0.399987 0.907622 0.145015 -39.4994      150
0.400992   0.9078 0.177722  32.5153      150
0.401988 0.907974 0.174209 -3.52931      150
0.402984 0.908162 0.188569  14.4152      150
0.403992  0.90833 0.167019 -21.3676      150
0.404987 0.908529  0.19931  32.4562      150
0.405994 0.908742 0.213154  13.7529      150
0.406987 0.908915 0.173349 -40.0656      150
0.407971   0.9091 0.187768  14.6539      150
0.408978  0.90932 0.219622  31.6448      150
0.409989 0.909521 0.197422 -21.9561      150
 0.41099 0.909732 0.211306  13.8653      150
0.411987 0.909868 0.135952 -75.6291      150
0.412986 0.910054 0.186646  50.7452      150
0.413992  0.91022 0.165142 -21.3677      150
0.414993 0.910399 0.179676  14.5142      150
0.415977 0.910555 0.158371 -21.6519      150
0.416973 0.910728  0.17303  14.7225      150
0.417985 0.910864 0.133979 -38.5936      150
0.418979 0.911082 0.220327  86.8514      150
 0.41999 0.911229 0.144746 -74.7492      150
0.420976 0.911421 0.195305  51.2597      150
0.421975 0.911612 0.191449 -3.86002      150
0.422988 0.911821 0.205389  13.7676      150
0.423998 0.911969 0.147933 -56.8637      150
0.424987 0.912132 0.162807   15.047      150
0.425991 0.912273 0.141792 -20.9313      150
0.426995 0.912413 0.138968 -2.81351      150
0.427991 0.912602 0.189611  50.8283      150
 0.42898 0.912768 0.168102 -21.7495      150
0.429989 0.912935 0.164733 -3.33846      150
 0.43099 0.913079  0.14368 -21.0342      150
 0.43199 0.913237 0.158632  14.9424      150
0.432995 0.913429 0.191073  32.2888      150
0.433981 0.913596 0.169545 -21.8366      150
0.434992 0.913765 0.166135 -3.37172      150
0.435991 0.913945 0.180649  14.5327      150
0.436997 0.914087 0.141465 -38.9552      150
0.437992  0.91426 0.174273  32.9603      150
0.438994 0.914468 0.206392   32.052      150
0.439991 0.914633 0.166736 -39.8012      150
0.440993  0.91478 0.145628 -21.0642      150
0.441998 0.914957 0.178345  32.5639      150
0.442987 0.915132 0.174813 -3.56805      150
0.443992 0.915322 0.189132  14.2444      150
0.444986 0.915507 0.185401 -3.75419      150
0.445988 0.915671 0.163933 -21.4289      150
0.446987 0.915867 0.196278  32.3865      150
0.447972 0.916056 0.192449  -3.8862      150
0.448978  0.91621  0.15304 -39.1691      150
0.449989  0.91638 0.167759  14.5639      150
0.450995 0.916527 0.146646 -20.9841      150
0.451986 0.916688 0.161543  15.0299      150
0.452986 0.916864 0.176138  14.5965      150
0.453991 0.917055  0.19043  14.2182      150
0.454985 0.917206 0.151088 -39.5993      150
0.455986  0.91739 0.183677  32.5374      150
0.456985 0.917552 0.162253 -21.4514      150
0.457973 0.917744 0.194671  32.8269      150
0.458977 0.917935 0.190813 -3.84007      150
0.459993  0.91816 0.222569  31.2591      150
0.460991 0.918325 0.164772 -57.9393      150
0.461986 0.918504  0.17931  14.6017      150
0.462971  0.91866 0.158016 -21.6152      150
0.463991 0.918836 0.172622  14.3269      150
0.464987 0.919022 0.187005  14.4356      150
0.465987 0.919223 0.201099  14.0994      150
0.466985 0.919402 0.179327 -21.8049      150
0.467974 0.919558 0.158026 -21.5394      150
0.469001 0.919734 0.172628  14.2271      150
0.469975 0.919883 0.151471 -21.7185      150
0.470975 0.920067 0.184063  32.5944      150
0.471986 0.920268 0.198166  13.9482      150
0.472994 0.920409 0.140841 -56.8956      150
0.473995 0.920548 0.138049 -2.78747      150
0.474987 0.920735 0.188717   51.098      150
0.475986 0.920902 0.167186 -21.5372      150
0.476986 0.921066 0.163879 -3.30817      150
0.477994 0.921262 0.196218  32.0964      150
0.478979 0.921453 0.192375 -3.90085      150
0.479987 0.921643 0.188525 -3.81967      150
0.480991 0.921793 0.149193 -39.1658      150
0.481973 0.921989  0.19968   51.397      150
0.482973 0.922149 0.160137 -39.5547      150
0.483996 0.922328 0.174685  14.2162      150
0.484987 0.922498 0.171256 -3.46013      150
0.485986 0.922701 0.203457   32.226      150
0.486978 0.922915  0.21728  13.9439      150
0.487987 0.923095 0.177331 -39.6022      150
0.488992 0.923269 0.173814 -3.49884      150
0.489987 0.923404  0.13479 -39.2228      150
 0.49099 0.923554 0.149912  15.0762      150
0.491986 0.923754 0.200332   50.605      150
0.492986 0.923897 0.142984  -57.339      150
0.493985 0.924073  0.17574  32.8062      150
0.494985 0.924281 0.207848  32.0944      150
0.495978 0.924429   0.1504 -57.8655      150
0.496996 0.924579 0.147357 -2.98933      150
0.497988 0.924741 0.162252   15.021      150
0.498993 0.924936  0.19462  32.2012      150
0.499986  0.92509 0.155189 -39.6986      150
0.500998  0.92528 0.187677  32.0922      150
0.501988 0.925462 0.183986 -3.72814      150
0.502987 0.925625 0.162552  -21.471      150
0.503986  0.92582 0.194921  32.3787      150
0.504992 0.925975 0.155477 -39.2132      150
0.505993 0.926145 0.170189  14.7065      150
0.506988  0.92633 0.184613   14.497      150
0.507974 0.926509 0.181001 -3.66044      150
0.508979 0.926651 0.141826 -38.9832      150
0.509992 0.926845 0.192359   49.883      150
 0.51099 0.927016 0.170753 -21.6438      150
0.511991 0.927201 0.185173   14.414      150
0.512987 0.927383 0.181507 -3.68072      150
0.513993 0.927561 0.177912 -3.57362      150
0.514987 0.927735 0.174389 -3.54317      150
0.515972 0.927921 0.188785  14.6192      150
0.516972 0.928088 0.167252 -21.5343      150
0.517976  0.92827 0.181734  14.4216      150
0.518994 0.928433 0.160274 -21.0747      150
0.519975 0.928588 0.157154 -3.18112      150
 0.52099 0.928798 0.207373  49.4915      150
0.521987 0.928983 0.185477 -21.9502      150
0.522984 0.929146 0.164045 -21.5059      150
 0.52399 0.929326  0.17856  14.4268      150
0.524986 0.929483  0.15723 -21.4127      150
0.525991 0.929673 0.189702  32.3121      150
0.526987 0.929895 0.221533  31.9475      150
0.527986 0.930076 0.181562 -40.0211      150
0.528993 0.930237  0.16016 -21.2471      150
0.529991 0.930446 0.210384  50.3485      150
 0.53099 0.930617 0.170624 -39.7826      150
0.531993 0.93082 0.20284 32.1271     150
0.532986 0.930983  0.16324 -39.8985      150
0.533976 0.931158 0.177848  14.7539      150
0.534986 0.931389 0.227648  49.2751      150
0.535984 0.931576 0.187561 -40.1767      150
0.536985 0.931778 0.201641  14.0679      150
0.537984 0.931958 0.179854 -21.8097      150
0.538993 0.932153 0.194065  14.0842      150
0.539986 0.932342 0.190241 -3.85124      150
0.540998 0.932547 0.204253  13.8473      150
0.541989  0.93273 0.182417 -22.0208      150
0.542987 0.932926 0.196603  14.2139      150
0.543985 0.933101 0.174923 -21.7331      150
0.544986 0.933325 0.224842  49.8864      150
0.545985 0.933528 0.202596 -22.2474      150
0.546985 0.933709 0.180791 -21.8069      150
0.547971 0.933936 0.230649  50.5615      150
0.548978 0.934145 0.208275 -22.2328      150
0.549993 0.934334  0.18631 -21.6418      150
0.550991 0.934552 0.218197  31.9432      150
0.551986 0.934765 0.213893  -4.3249      150
0.552986 0.934957 0.191859 -22.0302      150
0.553985 0.935128  0.17027 -21.6115      150
0.554986  0.93533 0.202487  32.2113      150
0.555972 0.935526 0.198529 -4.01099      150
0.556994 0.935688 0.158942 -38.7484      150
0.557987 0.935914  0.22699  68.5433      150
0.558986 0.936134 0.222541 -4.45121      150
0.559988 0.936319 0.182498 -39.9601      150
0.560992 0.936498 0.178876 -3.60933      150
0.561987  0.93669 0.193144  14.3331      150
0.562972  0.93693 0.242765  50.3942      150
0.563984 0.937153 0.220105 -22.3838      150
0.564986 0.937369 0.215742 -4.35522      150
0.565986  0.93758 0.211467 -4.27602      150
0.566987 0.937788 0.207279 -4.18432      150
0.567978 0.938005 0.221032  13.8703      150
0.568993 0.938208 0.198782 -21.9374      150
0.569987 0.938402 0.194861 -3.94386      150
 0.57099 0.938611  0.20879  13.8861      150
0.571987  0.93878 0.169075 -39.8222      150
0.572987 0.938999 0.219108   50.037      150
0.573987 0.939196 0.196976 -22.1445      150
0.574984 0.939389 0.193083 -3.90139      150
0.575986 0.939578 0.189256 -3.81963      150
0.577002 0.939765 0.185483 -3.71647      150
0.577996 0.939965   0.1996  14.1933      150
0.578973 0.940139 0.177932 -22.1832      150
 0.57999 0.940334 0.192151  13.9837      150
0.580994 0.940523 0.188328 -3.80647      150
0.581987 0.940725 0.202412  14.1836      150
0.582987 0.940923 0.198404 -4.01089      150
0.583972 0.941115 0.194534 -3.92734      150
0.584986 0.941362 0.244003  48.7863      150
0.585994 0.941584 0.221368   -22.46      150
0.586993 0.941802 0.216963 -4.41142      150
0.587986 0.942013 0.212696 -4.29645      150
0.588985 0.942222 0.208485 -4.21167      150
0.589986 0.942444 0.222146  13.6489      150
 0.59099 0.942644 0.199946 -22.1124      150
0.591987 0.942858 0.213788  13.8936      150
0.592988 0.943068  0.20955 -4.23123      150
0.593986 0.943237 0.169821 -39.8277      150
0.594991 0.943439 0.202046  32.0445      150
0.595972 0.943652 0.215893  14.1171      150
0.596986 0.943849 0.193771 -21.8319      150
0.597985 0.944021 0.172144 -21.6442      150
0.598994 0.944226 0.204298  31.8523      150
0.599985 0.944443  0.21807  13.8964      150
0.600991 0.944622 0.178154 -39.7021      150
 0.60199 0.944796 0.174639 -3.51687      150
0.602986 0.944985 0.188976   14.399      150
0.603992  0.94517 0.185229 -3.72419      150
0.604985 0.945351 0.181565 -3.68984      150
0.605986 0.945547 0.195761  14.1796      150
0.606983 0.945721 0.174098 -21.7164      150
 0.60797 0.945907 0.188491  14.5819      150
0.608977 0.946057  0.14916 -39.0724      150
0.609993 0.946277 0.217328  67.0538      150
0.611027 0.946478 0.195117 -21.4811      150
0.612027 0.946669 0.191253 -3.86541      150
0.613033 0.946892 0.223066  31.6342      150
 0.61403  0.94711 0.218649 -4.42651      150
0.615025 0.947307 0.196521 -22.2517      150
0.616015 0.947479 0.174895 -21.8415      150
 0.61702  0.94767 0.189187  14.2247      150
0.618016 0.947837 0.167678 -21.5823      150
0.619027  0.94804 0.199891  31.8661      150
0.620004 0.948196 0.160423 -40.4049      150
0.621024 0.948411 0.210555  49.1397      150
0.622039 0.948582 0.170794  -39.185      150
0.623025 0.948767 0.185206  14.6119      150
 0.62403 0.948966 0.199337  14.0645      150
0.625025  0.94918 0.213179  13.9129      150
0.626024 0.949371 0.191168 -22.0232      150
0.627024 0.949558 0.187383 -3.78538      150
0.628024 0.949706 0.148084 -39.3111      150
0.629019  0.94985 0.145169 -2.92822      150
0.630017 0.950028 0.177886  32.7894      150
0.631034 0.950168 0.138747 -38.4717      150
0.632032 0.950359 0.189363  50.7521      150
0.633025 0.950578  0.22123  32.0755      150
0.634011 0.950739  0.16352 -58.5515      150
0.635026  0.95092 0.178025  14.2952      150
0.636023 0.951076 0.156716  -21.367      150
0.637027 0.951266 0.189187   32.327      150
0.638025 0.951469 0.203239  14.0797      150
0.639059 0.951638  0.16351 -38.4483      150
0.640052 0.951796 0.160327 -3.20561      150
0.641001 0.951982 0.192863   34.288      150
0.642024 0.952174 0.188972 -3.80044      150
0.643045 0.952363  0.18516  -3.7342      150
   0.644 0.952538 0.181628 -3.70075      150
0.645012 0.952717  0.17801 -3.57423      150
0.646023 0.952875 0.156658 -21.1166      150
0.647023 0.953082 0.206938  50.2718      150
0.648009 0.953247 0.167304 -40.2123      150
0.649028 0.953395 0.146169 -20.7357      150
0.650018 0.953573 0.178863  33.0349      150
0.651051 0.953754 0.175209 -3.53569      150
0.652029  0.95394 0.189613  14.7354      150
0.653023 0.954142 0.203668   14.134      150
0.654023 0.954324 0.181845 -21.8245      150
0.655023 0.954502 0.178244 -3.60335      150
0.656023 0.954695 0.192509   14.259      150
0.657024 0.954831 0.135308  -57.123      150
0.658033 0.955034 0.203808  67.8899      150
0.659019 0.955197 0.164207 -40.1988      150
0.660016 0.955376 0.178756   14.585      150
0.661024 0.955516 0.139603 -38.8408      150
0.662023 0.955689  0.17243  32.8605      150
0.663009 0.955855 0.169063 -3.41482      150
0.664024 0.956042 0.183456   14.178      150
0.665025 0.956204 0.162027 -21.4159      150
0.666023 0.956345  0.14103 -21.0431      150
0.667032 0.956483 0.138238 -2.76686      150
0.668027  0.95669 0.206666  68.7446      150
0.669051 0.956897 0.202477 -4.09224      150
0.670005 0.957037 0.145219 -60.0236      150
0.671019  0.95718 0.142324 -2.85573      150
0.672022 0.957338 0.157288  14.9181      150
0.673023  0.95751 0.171964  14.6532      150
0.674022 0.957643 0.132974 -39.0486      150
0.675023 0.957827  0.18372  50.6886      150
0.676032 0.958025 0.197876  14.0269      150
0.677015 0.958164 0.140602 -58.2923      150
0.678024 0.958338 0.173394  32.4763      150
0.679054 0.958514 0.169845 -3.44657      150
0.680006 0.958674 0.166619 -3.39066      150
0.681018 0.958838 0.163299 -3.27732      150
0.682023 0.959017 0.177843  14.4723      150
0.683022 0.959137 0.120943 -56.9724      150
0.684002  0.95929 0.154168  33.8908      150
0.685006 0.959476 0.186721  32.4233      150
0.686023 0.959626 0.147376 -38.6927      150
0.687024 0.959788 0.162249  14.8635      150
 0.68801 0.959962  0.17688  14.8445      150
 0.68906 0.960144 0.173204 -3.49754      150
0.690017 0.960307 0.169917 -3.43624      150
 0.69102 0.960492 0.184336  14.3684      150
0.692025 0.960638 0.145082 -39.0799      150
0.693023 0.960833 0.195598   50.616      150
0.694033  0.96106 0.227308   31.398      150
0.695024 0.961265 0.205013 -22.4947      150
0.696008 0.961481 0.218815  14.0235      150
0.697025 0.961662 0.178831 -39.3399      150
0.698024 0.961855 0.193084  14.2576      150
 0.69906 0.962051 0.189128 -3.81847      150
0.700027 0.962212 0.167723 -22.1511      150
0.701001 0.962392 0.182249  14.9101      150
0.702022 0.962555 0.160791 -21.0132      150
0.703033 0.962749 0.193189  32.0485      150
0.704025 0.962938 0.189359 -3.85936      150
0.705021 0.963123 0.185625 -3.74792      150
0.706024  0.96327 0.146351 -39.1736      150
0.707021 0.963466 0.196845  50.6667      150
0.708021 0.963677 0.210742  13.8908      150
 0.70902 0.963866 0.188783 -21.9712      150
0.710017  0.96405 0.185052 -3.74448      150
0.711023 0.964251 0.199158  14.0172      150
0.712032 0.964464 0.213009  13.7338      150
0.713024 0.964619 0.155406 -58.0222      150
0.714025 0.964772 0.152325 -3.07941      150
0.715024 0.964938 0.167109  14.8027      150
0.716023  0.96512 0.181591  14.4864      150
0.717009 0.965313 0.195845  14.4582      150
 0.71801 0.965487  0.17417 -21.6509      150
0.719023  0.96566  0.17068 -3.44594      150
0.720004 0.965842 0.185157  14.7637      150
0.721032 0.966063 0.216999  30.9514      150
0.722031 0.966258 0.194905 -22.1171      150
0.723009 0.966464 0.208903  14.3198      150
0.724025   0.9666  0.13354 -74.2008      150
0.725024 0.966802 0.202071  68.6022      150
0.726025    0.967 0.198066 -4.00124      150
0.727022 0.967194 0.194152 -3.92205      150
0.728023 0.967348 0.154719 -39.4264      150
0.729076 0.967527 0.169283  13.8232      150
0.730025 0.967649 0.130515 -40.8451      150
0.731021 0.967849 0.199094  68.8626      150
0.732021 0.968045 0.195147 -3.94604      150
0.733024 0.968254  0.20907  13.8903      150
0.734023 0.968459 0.204933 -4.13989      150
0.735002 0.968639 0.183139 -22.2681      150
0.736009 0.968801 0.161712 -21.2617      150
0.737026 0.968962 0.158459 -3.19784      150
   0.738 0.969114 0.155384 -3.15985      150
 0.73903 0.969305 0.187851  31.5221      150
0.740034 0.969491 0.184079 -3.75359      150
   0.741 0.969684 0.198331  14.7554      150
0.742024 0.969864 0.176546 -21.2838      150
0.743023 0.970073 0.208638  32.1177      150
0.744023 0.970241 0.168918 -39.7322      150
0.745023 0.970425 0.183368  14.4436      150
0.746022 0.970622 0.197535  14.1781      150
0.747023 0.970816 0.193619  -3.9142      150
0.748016 0.970985 0.172049 -21.7111      150
0.749016 0.971191   0.2042  32.1612      150
0.750017 0.971427 0.235741  31.5129      150
0.751024 0.971624 0.195447 -39.9826      150
0.752024 0.971816 0.191581  -3.8683      150
0.753026 0.972022 0.205573    13.97      150
0.754025 0.972205 0.183709 -21.8659      150
0.755023 0.972385 0.180078 -3.63774      150
0.756023 0.972579  0.19431  14.2398      150
0.757032 0.972787 0.208256  13.8215      150
 0.75801 0.972989 0.204186 -4.15945      150
0.759019 0.973227 0.235691   31.225      150
0.760016 0.973422 0.195445 -40.3746      150
0.761021 0.973596 0.173766 -21.5721      150
0.762025 0.973803 0.205899    32.02      150
0.763011 0.974019 0.219674  13.9731      150
0.764033 0.974185 0.161859 -56.5518      150
0.765024 0.974342 0.158683 -3.20377      150
0.766033 0.974533 0.191128  32.1562      150
0.767024 0.974703 0.169546 -21.7754      150
0.768027 0.974904 0.201796  32.1597      150
0.769011 0.975099 0.197839 -4.02334      150
0.770018 0.975295 0.193887 -3.92175      150
0.771024 0.975522 0.225615    31.55      150
0.772029  0.97569 0.167766 -57.5514      150
0.773026 0.975854 0.164437 -3.34019      150
0.774023 0.976051 0.196779  32.4453      150
0.775032 0.976226 0.175089 -21.4919      150
 0.77603  0.97638 0.153824 -21.3017      150
0.777024 0.976566 0.186367  32.7555      150
0.778023 0.976784 0.218268  31.9117      150
0.779019 0.976997 0.213968 -4.31912      150
0.780017 0.977171 0.174143 -39.8854      150
0.781022 0.977396 0.224061  49.6846      150
0.782021 0.97758 0.18404 -40.052     150
0.783039 0.977745 0.162544 -21.1199      150
0.784006 0.977934 0.195034  33.5891      150
0.784998 0.978161 0.226755  31.9752      150
0.786022 0.978387  0.22219 -4.46002      150
 0.78701 0.978602 0.217843 -4.40018      150
0.788008 0.978779 0.177949 -39.9824      150
 0.78906 0.978981 0.192033  13.3857      150
0.790016 0.979195 0.223999  33.4357      150
0.791021 0.979381 0.183951  -39.842      150
0.792022 0.979579 0.198099  14.1424      150
0.793033 0.979809 0.229756  31.3006      150
0.794023 0.979999 0.189622 -40.5323      150
0.795024 0.980167 0.168071 -21.5278      150
0.796008 0.980399 0.235982  69.0354      150
0.797049 0.980584 0.177763 -55.9032      150
0.798004 0.980752 0.174376 -3.54855      150
0.799019 0.980906 0.153104 -20.9539      150
 0.80002 0.981128  0.22124  68.0765      150
0.800998 0.981324 0.199128 -22.5986      150
0.802017 0.981484 0.159587 -38.8044      150
0.803015 0.981695 0.209783  50.3436      150
0.804013 0.981918 0.223431  13.6723      150
0.805014 0.982156 0.236791  13.3422      150
0.806029 0.982372 0.214278 -22.1921      150
0.807023 0.982528 0.156649 -57.9649      150
0.808023 0.982735 0.206929   50.272      150
0.809018 0.982937 0.202856 -4.09379      150
0.810019 0.983101 0.163244 -39.5774      150
0.811024 0.983295 0.195614  32.2036      150
0.812007 0.983504 0.209563  14.1829      150
   0.813  0.98369 0.187647 -22.0809      150
   0.814 0.983874  0.18393 -3.71653      150
0.814985 0.984088 0.215916  32.4838      150
0.815984 0.984335 0.247229   31.345      150
0.817008 0.984527 0.188878 -56.9831      150
0.818009 0.984695 0.167337 -21.5019      150
0.819021 0.984897 0.199575  31.8758      150
0.820026  0.98511 0.213425  13.7757      150
0.821023  0.98532 0.209178 -4.25822      150
0.822026 0.985543 0.222822  13.6116      150
   0.823 0.985722 0.182902 -40.9875      150
0.823991 0.985936 0.214896  32.2809      150
0.824997 0.986184 0.246196  31.1024      150
0.825995 0.986407 0.223536 -22.7047      150
0.827022 0.986594 0.183446 -39.0599      150
 0.82802 0.986809 0.215409  32.0038      150
0.829065 0.987046 0.228789  12.8098      150
0.830004 0.987209 0.171051 -61.4963      150
0.830999 0.987411 0.203266  32.3565      150
0.832034 0.987579 0.163556 -38.3861      150
0.833031  0.98774 0.160307  -3.2571      150
0.833995 0.987927  0.19284  33.7665      150
   0.835 0.988152 0.224589  31.5932      150
0.835982 0.988386 0.238013  13.6602      150
0.836997 0.988569 0.179857 -57.3001      150
0.838007 0.988745 0.176291 -3.53192      150
0.839018 0.988885 0.137154 -38.7158      150
0.840025 0.989128 0.241175  103.266      150
0.840994 0.989323 0.200947 -41.5174      150
0.842011 0.989559 0.232484   30.992      150
0.843021 0.989771 0.210042 -22.2211      150
0.843994 0.989937 0.170389 -40.7534      150
0.844998 0.990159 0.220386  49.8098      150
0.845998 0.990392 0.233816  13.4377      150
0.847003 0.990604 0.211397 -22.2881      150
0.847983  0.99079 0.189472 -22.3854      150
0.848998 0.990979 0.185665 -3.74947      150
0.849994 0.991178 0.199797  14.1875      150
0.850999 0.991393 0.213615  13.7497      150
0.851998 0.991584 0.191599  -22.049      150
0.852984 0.991769 0.187853 -3.79807      150
0.853983 0.991971 0.201935  14.0997      150
0.854998 0.992208 0.233456  31.0347      150
0.856003 0.992401  0.19325 -40.0089      150
0.856998 0.992591 0.189419 -3.85224      150
0.857997 0.992812  0.22126  31.8589      150
0.859035 0.993018 0.198936 -21.5107      150
0.859999 0.993222 0.212949  14.5344      150
0.860998 0.993432  0.20872 -4.23366      150
 0.86202 0.993677 0.240082  30.7054      150
0.862994 0.993907 0.235441 -4.76322      150
 0.86399 0.994135 0.230821 -4.64013      150
0.865003  0.99431 0.172824 -57.2503      150
0.865997 0.994497 0.187192  14.4524      150
0.866996 0.994663 0.165695  -21.514      150
0.868017 0.994865 0.197926  31.5633      150
0.869025 0.995096  0.22957  31.4065      150
    0.87 0.995281 0.189539 -41.0615      150
0.870998 0.995484 0.203584  14.0626      150
0.871998 0.995666 0.181756 -21.8406      150
0.872996  0.99588 0.213749  32.0411      150
0.874004 0.996071 0.191721 -21.8568      150
0.874996 0.996277 0.205723  14.1205      150
   0.876 0.996461 0.183856 -21.7702      150
0.876997 0.996623 0.162417 -21.5169      150
0.877995 0.996818 0.194797  32.4207      150
0.879015  0.99703 0.208658  13.5896      150
0.879995 0.997213  0.18681 -22.2961      150
0.881004 0.997397 0.183089 -3.68751      150
0.881997 0.997593 0.197284  14.2913      150
0.883031 0.997811 0.211051  13.3134      150
 0.88401 0.997997 0.189133 -22.3948      150
0.884991 0.998197 0.203247  14.3905      150
0.886002 0.998415 0.216996  13.5975      150
0.886982 0.998589  0.17717 -40.6339      150
0.887987 0.998781 0.191449   14.209      150
0.889015 0.998993 0.205333  13.5085      150
0.889994 0.999173  0.18355 -22.2455      150
0.890999 0.999389 0.215484  31.7771      150
0.892008 0.999565 0.175629 -39.5004      150
0.892983 0.999787 0.225593  51.2259      150
0.893998 0.999975 0.185481  -39.549      150
0.894997  1.00017 0.199606  14.1396      150
0.895996 1.00033 0.16007 -39.549     150
0.896986  1.00056 0.228114  68.7706      150
   0.898  1.00075 0.187951 -39.5803      150
0.899017  1.00096 0.201962  13.7786      150
0.899998  1.00113 0.180241 -22.1563      150
0.900998  1.00133 0.194488  14.2416      150
0.901997  1.00154 0.208407  13.9303      150
0.902981   1.0017 0.168752 -40.3113      150
0.903995  1.00189 0.183156  14.2082      150
0.904995  1.00207 0.179529 -3.62586      150
0.905995  1.00226 0.193765  14.2402      150
0.906995  1.00247 0.207726  13.9623      150
0.907996  1.00265 0.185814 -21.8923      150
0.909017  1.00282 0.164275  -21.098      150
0.910007    1.003 0.178874  14.7476      150
   0.911  1.00319 0.193123  14.3456      150
0.911983  1.00338 0.189359 -3.82748      150
0.912995  1.00358 0.203357  13.8302      150
   0.914  1.00378 0.199314 -4.02371      150
0.914998  1.00398 0.195372 -3.94955      150
0.915998  1.00417 0.191502 -3.87138      150
0.916994 1.00437 0.20552 14.0729     150
0.917997  1.00458 0.201439 -4.06656      150
0.919024   1.0048 0.215166  13.3708      150
0.919996  1.00497 0.175402 -40.9276      150
   0.921  1.00518 0.207498   31.946      150
0.921999   1.0054 0.221183  13.6953      150
0.922998   1.0056 0.199017 -22.1988      150
0.923996  1.00579 0.195077 -3.94645      150
0.924998    1.006 0.209004  13.9088      150
0.925998   1.0062  0.20487 -4.13466      150
 0.92701  1.00643 0.218557  13.5231      150
0.928001  1.0066  0.1787 -40.214     150
 0.92902   1.0068 0.192863  13.8921      150
0.929995  1.00702 0.224732  32.6896      150
   0.931  1.00722 0.202471  -22.162      150
0.931983  1.00738 0.162931 -40.2335      150
0.932984   1.0076 0.213083  50.0724      150
0.934013  1.00779 0.190958 -21.5066      150
0.934993  1.00799 0.205046  14.3733      150
0.936001   1.0082 0.200949 -4.06366      150
0.936992  1.00841 0.214826  13.9972      150
0.937997  1.00857  0.15715 -57.3926      150
0.939011  1.00874 0.171793  14.4509      150
0.940028  1.00891 0.168347 -3.38534      150
0.941004  1.00909 0.182877  14.8937      150
0.941997  1.00925 0.161486  -21.547      150
0.942984  1.00941 0.158326 -3.19956      150
0.943989  1.00962 0.208569  50.0079      150
0.944997  1.00982 0.204391 -4.14606      150
0.946002  1.01004 0.218142  13.6868      150
0.946996  1.01024 0.196024  -22.231      150
   0.948  1.01045 0.209936  13.8609      150
0.949018  1.01062 0.170112 -39.1093      150
0.949998  1.01078 0.166814 -3.36587      150
0.951002    1.011 0.216877  49.8888      150
0.952001  1.01121   0.2126 -4.27927      150
0.952983   1.0114 0.190656 -22.3619      150
0.954001  1.01163 0.222395  31.1762      150
0.955003  1.01179 0.164625  -57.664      150
0.956001  1.01197 0.179152  14.5455      150
0.956996  1.01213 0.157817 -21.4386      150
0.957997  1.0123 0.17248 14.6501     150
0.959019  1.01249 0.186787  14.0007      150
0.959997  1.01269 0.200979  14.5146      150
0.961003  1.01289 0.196964 -3.99155      150
0.961982  1.01306 0.175344 -22.0904      150
0.962996  1.01321 0.154031 -21.0183      150
0.964003   1.0134 0.186566  32.2986      150
0.964998  1.01358 0.182872 -3.71285      150
0.966001  1.01376 0.179251 -3.60906      150
0.966997  1.01394 0.175701 -3.56385      150
0.968012  1.01413 0.189966  14.0541      150
0.969016  1.01432 0.186189 -3.76053      150
0.969995  1.01451 0.200373  14.4856      150
0.971001  1.01473 0.214178  13.7275      150
0.972002   1.0149 0.174342 -39.7914      150
0.972987  1.01505 0.153161 -21.5012      150
0.974001 1.01526 0.20346 49.6171     150
0.974999  1.01542 0.163836 -39.7123      150
0.975996   1.0156 0.178389  14.5926      150
0.976997   1.0158 0.192651  14.2493      150
0.977998  1.01597 0.171043 -21.5946      150
0.979021  1.01616 0.185368  13.9996      150
0.979992  1.01632 0.163997 -22.0022      150
0.980998  1.01653 0.214113  49.8345      150
0.981989   1.0167 0.174346 -40.1431      150
0.983028  1.01694 0.224095  47.8466      150
 0.98403   1.0171 0.166287 -57.6883      150
0.984993  1.01728 0.180898  15.1769      150
0.986003  1.01746 0.177295 -3.56659      150
0.986996  1.01768 0.227178  50.2581      150
0.987995  1.01785 0.169302 -57.9081      150
0.989025  1.01804 0.183642  13.9294      150
0.989998  1.01823 0.197913   14.664      150
0.991003  1.01841 0.176189 -21.6123      150
0.991982  1.01861 0.208345  32.8633      150
0.992983   1.0188 0.186422 -21.8932      150
0.994001  1.01902 0.218246  31.2673      150
0.994997   1.0192 0.178353 -40.0394      150
0.995986  1.01935 0.157077 -21.5242      150
0.996996  1.01955 0.189506  32.1103      150
0.997996  1.01973 0.185754 -3.75069      150
 0.99901  1.01997 0.235403  48.9871      150
