         0 0.00184264  0.0395682          0          0
0.000973463  0.00183644 -0.00641722     -47.239         250
0.00195122 0.00184518 0.00877983    15.5428        250
0.00295329 0.00186892  0.0236757     14.865        250
 0.00394702  0.00186207 -0.00693202    -30.8009         250
 0.00495601  0.00185532 -0.00679438    0.136416         250
0.00595546 0.00186381  0.0084098    15.2125        250
 0.00694966  0.00185709 -0.00682633    -15.3249         250
 0.00794744  0.00185045 -0.00669114    0.135493         250
0.00895476 0.00181388 -0.0366989   -29.7897        250
 0.00996852    0.001808 -0.00582485     30.4551         250
 0.0109916 0.00178702 -0.0207761   -14.6143        250
 0.0119834 0.00179682  0.0097744    30.8024        250
  0.0129814   0.0017914 -0.00548868    -15.2934         250
  0.0159099  0.00177604 -0.00517568    0.106882         250
 0.0169976 0.00178685 0.00999275    13.9459        250
 0.0179901 0.00179665 0.00979527  -0.198967        250
 0.0189819 0.00180618 0.00960343  -0.193421        250
 0.0200057 0.00181579 0.00941005  -0.188888        250
  0.0209732  0.00181011 -0.00584515    -15.7676         250
  0.0219996  0.00180425 -0.00572623    0.115871         250
  0.022999 0.00182878  0.0245267    30.2696        250
 0.0239968 0.00180767 -0.0211679   -45.7963        250
 0.0250168 0.00181722  0.0093922    29.9623        250
  0.0259697  0.00181159 -0.00586222    -16.0074         250
  0.026969 0.00183587  0.0243942    30.2803        250
  0.0279806  0.00182959 -0.00623017    -30.2729         250
  0.0290439  0.00182321 -0.00610094    0.121537         250
  0.0299962  0.00181744 -0.00598396    0.122842         250
 0.0309873 0.00184137  0.0242767    30.5322        250
 0.0320284   0.001819 -0.0214143   -43.8841        250
  0.0330031  0.00181326 -0.00592707     15.8899         250
 0.0339985 0.00185251   0.039401    45.5377        250
 0.0350018 0.00186101 0.00848292   -30.8175        250
  0.036001 0.00191491  0.0535203    45.0728        250
 0.0369883 0.00192206 0.00726286   -46.8528        250
 0.0379896 0.00198944  0.0673984     60.054        250
 0.0390358 0.00199552 0.00575128   -58.9259        250
 0.0400045 0.00204522    0.05086    46.5665        250
 0.0410018 0.00206486  0.0197183   -31.2258        250
  0.041996 0.00208424  0.0193283  -0.392326        250
 0.0430028 0.00214851  0.0641539     44.521        250
 0.0439794 0.00221039   0.062905   -1.27892        250
 0.0449855 0.00230216  0.0918003    28.7194        250
 0.0459781 0.00237706  0.0749146   -17.0127        250
 0.0470102 0.00246738  0.0884682    13.1319        250
  0.047997 0.00259923   0.131928    44.0402        250
0.0490322 0.0026858 0.0840443  -46.2546       250
0.0499897 0.0028089  0.127665   45.5573       250
 0.0510025 0.00293499   0.125119   -2.51348        250
 0.0519965 0.00310275   0.167854    42.9939        250
  0.053005 0.00328296   0.179589    11.6365        250
  0.053997 0.00353393    0.25139    72.3755        250
 0.0550029 0.00379547   0.261482    10.0331        250
 0.0560224 0.00405564   0.256228   -5.15392        250
 0.0569661 0.00433889   0.296609    42.7922        250
 0.0579786 0.00467887   0.335871    38.7745        250
 0.0590332 0.00502353    0.32891   -6.60098        250
  0.059994 0.00539379   0.382909       56.2        250
 0.0610077 0.00581817   0.420464    37.0459        250
 0.0619998 0.00625967   0.442295    22.0053        250
 0.0630062 0.00676861   0.508886      66.17        250
 0.0640039 0.00728461   0.513838    4.96379        250
  0.065012 0.00784633   0.563987    49.7485        250
 0.0659847 0.00840596   0.568055    4.18249        250
 0.0669878 0.00903562   0.632204    63.9557        250
 0.0679815 0.00973152    0.69502    63.2117        250
0.0690365 0.0104602  0.695681  0.627181       250
0.0699937 0.0111914  0.757756   64.8473       250
0.0710056 0.0120144  0.818008   59.5465       250
0.0719988 0.0128757  0.862107   44.3978       250
0.0730042 0.0137511  0.875172   12.9954       250
0.0740054 0.0146976  0.948297   73.0426       250
0.0750074 0.0156914  0.989722   41.3392       250
0.0760171 0.0167219   1.01504   25.0713       250
0.0769796 0.0177621   1.08623   73.9679       250
0.0779812 0.0189255   1.15498   68.6427       250
0.0790389 0.0201611   1.17617   20.0307       250
0.0800102 0.0213627   1.22875   54.1356       250
 0.081002 0.0226273   1.28007   51.7387       250
0.0820003 0.0239615   1.32999   50.0103       250
0.0830123 0.0253091   1.34889    18.675       250
0.0839977 0.0267505   1.44277   95.2686       250
0.0850041 0.0282249   1.47448   31.5116       250
0.0859842 0.0297099   1.50597   32.1305       250
0.0869868 0.0312716   1.56666   60.5401       250
0.0879812 0.0328981   1.62606   59.7227       250
0.0890357 0.0346306   1.65258   25.1558       250
0.0899944 0.0363418   1.77171   124.258       250
0.0910058 0.038087  1.73645 -34.8571      250
0.0920057 0.0398911   1.80763   71.1784       250
0.0930033 0.0417387   1.84718   39.6465       250
0.0940006 0.0436433   1.90095   53.9189       250
0.0950003 0.0455555   1.92382    22.873       250
0.0959978 0.0475396   1.97599   52.2988       250
0.0969887 0.049539  2.02783  52.3199      250
 0.097981 0.0515962   2.06314   35.5877       250
0.0990365 0.0537933   2.09567   30.8156       250
0.0999856 0.0558158   2.11628   21.7188       250
 0.101014 0.0579999   2.14904   31.8527       250
 0.101999 0.0602222   2.22714   79.2774       250
 0.103005 0.0624961   2.27345   46.0502       250
 0.103998 0.0648149   2.31886   45.7016       250
 0.105037 0.0672223   2.33174   12.3997       250
 0.105969 0.0694499   2.36357   34.1699       250
 0.106989 0.0718611   2.39174   27.6238       250
 0.107985 0.0742882   2.41958     27.94       250
 0.109035 0.0768705   2.47508   52.8459       250
 0.110003 0.0792856   2.50314   28.9931       250
 0.111011 0.0818523   2.54354   40.1005       250
 0.111985 0.0843604   2.55436   11.1089       250
 0.112993 0.0869569   2.59416   39.4856       250
0.113984 0.089585  2.63331  39.4852      250
 0.114995 0.0922218   2.62617  -7.06761       250
 0.115979 0.0948332   2.63491   8.87436       250
 0.116993 0.0975428    2.6878   52.1844       250
0.117987 0.100238  2.69486  7.10009      250
0.119007 0.10296 2.71674 21.4526     250
0.119933 0.105619  2.73986  24.9896      250
0.120956 0.108424  2.76008  19.7611      250
0.122701 0.113181  2.74141 -10.6986      250
0.123221 0.114687   2.8487  206.335      250
  0.1239 0.114687   2.8487        0      250
0.125015 0.119763  2.82362 -22.5094      250
0.126004 0.122593  2.85868  35.4436      250
0.126984 0.125416  2.87851  20.2371      250
0.127978 0.128328  2.92728  49.0285      250
0.129022 0.131363  2.94287  14.9401      250
0.129987 0.134243  2.94616  3.40642      250
0.130992  0.13719  2.93274 -13.3469      250
0.132023 0.140224  2.94833  15.1263      250
0.132974 0.143097  2.99785  52.0746      250
0.133993 0.146117  2.98299 -14.5943      250
0.134989 0.149134  3.02964  46.8231      250
 0.136004  0.152199   3.02921 -0.416583       250
0.136982 0.155145  3.00044 -29.4116      250
0.137987 0.158167  3.03162  31.0202      250
0.139027 0.161371  3.05918  26.5004      250
0.139995 0.16435 3.07584  17.215     250
0.140978 0.167332  3.03096 -45.6676      250
0.141981 0.170399  3.06125   30.199      250
0.142982 0.173538   3.1362    74.84      250
0.143992 0.176655  3.08861 -47.1389      250
0.144968 0.179729   3.1341  46.5861      250
0.145976 0.182824  3.08694 -46.8188      250
0.146988 0.185968  3.13106  43.5801      250
0.147978 0.189094  3.12939 -1.68817      250
0.149027 0.192398  3.15492  24.3461      250
0.149989 0.195435  3.15504 0.125107      250
0.150995 0.198655  3.19761  42.3093      250
0.151996 0.201819  3.16444 -33.1359      250
0.152995 0.205026  3.20727  42.8661      250
0.153997 0.208222  3.18884 -18.3879      250
0.154996 0.211476  3.26145  72.7024      250
0.155995 0.214696  3.24253  -18.946      250
0.156979 0.21792 3.25424 11.9023     250
0.157978 0.221163  3.25023 -4.02179      250
0.158995 0.224513  3.29019  39.2888      250
0.159999 0.227852  3.31499  24.7009      250
0.161001 0.231107  3.27854 -36.3827      250
0.161996 0.234391   3.2819  3.37047      250
0.163004 0.23768 3.28517 3.24608     250
0.163997 0.240954  3.27479 -10.4549      250
0.165006 0.244246  3.29194  17.0029      250
0.165981 0.247458  3.26886  -23.677      250
0.166984 0.250724  3.27259  3.71665      250
0.167977 0.254011  3.28985  17.3826      250
0.169033 0.257406   3.2352 -51.7731      250
0.169974 0.260505  3.27014  37.1174      250
0.170984 0.263787  3.27354  3.36441      250
   0.172 0.267125  3.26189  -11.455      250
0.173004 0.270357  3.23843 -23.3713      250
0.174004 0.273607  3.25642  18.0082      250
0.175004 0.276883  3.27388  17.4464      250
 0.17603 0.280248   3.2617 -11.8745      250
0.176969   0.2833  3.24185 -21.1451      250
0.177978 0.286571  3.24547  3.58889      250
0.179035  0.28995  3.21907 -24.9835      250
0.179994 0.293035  3.19855 -21.3911      250
0.180996 0.296265  3.21696  18.3739      250
0.181996 0.299445   3.1806 -36.3488      250
0.183004 0.302645   3.1996  18.8585      250
0.183991 0.305844  3.21863  19.2773      250
0.184982 0.308997   3.1828 -36.1437      250
0.185979 0.312189  3.20196  19.2142      250
0.186978 0.315369  3.17956 -22.4235      250
0.187982 0.318594    3.212  32.2916      250
0.189027 0.321919  3.18668 -24.2389      250
0.189982 0.324961  3.16703 -20.5668      250
0.190996 0.328151  3.15836 -8.55016      250
0.192005 0.331322  3.16402  5.61024      250
0.192997 0.334474  3.15609 -7.98688      250
0.193996 0.337606  3.13466 -21.4651      250
0.194993 0.340734  3.14116  6.52186      250
0.195982 0.34385 3.14792 6.82944     250
0.196978 0.346978  3.14051 -7.44457      250
0.197978 0.350097  3.11931 -21.1899      250
0.199028 0.353385  3.13658   16.455      250
0.199975 0.356372  3.13198 -4.85375      250
0.200995 0.359522  3.12413 -7.69725      250
0.201995 0.362673  3.13017  6.04502      250
0.202996 0.365797  3.12284 -7.32304      250
0.203995 0.368912  3.11568 -7.17184      250
 0.20498 0.371974  3.10957 -6.19219      250
 0.20598  0.37505  3.07532 -34.2543      250
0.206978 0.378154  3.11021  34.9738      250
0.207983 0.381298  3.14429  33.9049      250
0.209027 0.384551  3.10646 -36.2521      250
0.209996 0.387534  3.10195  -4.6581      250
0.210997 0.390632  3.06725 -34.6425      250
 0.21201 0.393758  3.08777  20.2645      250
0.212996 0.396799  3.08209 -5.76862      250
0.213995 0.399872  3.07578 -6.30623      250
0.214994 0.402938   3.0696 -6.18443      250
0.215997 0.406066  3.11797  48.2374      250
 0.21698 0.409121    3.112 -6.07308      250
0.217979 0.412223   3.1051 -6.89988      250
0.219036 0.415483  3.10899  3.67544      250
0.219966   0.4184  3.09187 -18.4024      250
0.220966 0.421514  3.09867  6.80504      250
0.221968 0.424656  3.13279   34.055      250
0.222946 0.427647  3.05844 -76.0236      250
0.223946 0.430751  3.10727  48.8215      250
0.224952 0.433881  3.11375  6.44698      250
0.225955 0.437034  3.14765  33.7816      250
0.226964  0.44017  3.09824 -48.9804      250
0.227968 0.443255  3.09167 -6.53622      250
0.228979  0.44638  3.08432 -7.27329      250
0.229966 0.449452  3.10592   21.893      250
0.230995 0.452587  3.07047 -34.4403      250
0.232028 0.455773  3.08978  18.7012      250
0.232989 0.45875 3.09932 9.91787     250
0.233979 0.461802  3.07949 -20.0353      250
0.234979 0.464851  3.04579 -33.6777      250
0.235996 0.467995  3.09382  47.2512      250
0.236986  0.47103  3.08827 -5.61252      250
0.237997  0.47417  3.08062 -7.56402      250
0.239025 0.477326  3.07265 -7.75373      250
0.240004 0.480301  3.04041 -32.9376      250
0.240996 0.483342  3.06262  22.3973      250
0.241994 0.486366  3.02943 -33.2584      250
 0.24298 0.489362  3.03861  9.31009      250
0.243979 0.492419   3.0605  21.9068      250
0.245002 0.495549  3.08093  19.9669      250
0.246007 0.498595  3.03335 -47.3365      250
0.247001 0.501614  3.02812  -5.2546      250
0.247996 0.504664  3.05016  22.1522      250
0.249031 0.507753  3.00169 -46.8317      250
0.250003 0.510722  3.03929  38.6892      250
0.251002  0.51371   3.0068 -32.5144      250
0.251996 0.516713  3.00192 -4.91409      250
0.252985  0.51966  2.99815 -3.80911      250
0.253994 0.522697  2.99256 -5.54003      250
0.255009 0.525688  2.98791 -4.57955      250
0.255998 0.528694   2.9969  9.08638      250
   0.257 0.531664  2.97873 -18.1291      250
0.257981 0.534584  2.96156  -17.498      250
0.259028 0.53773 3.00959 45.8846     250
0.259992  0.54059  2.96574 -45.4912      250
0.260996 0.543567  2.96139  -4.3317      250
0.261994 0.546559  2.99852  37.2133      250
0.262986 0.549498  2.98097 -17.6901      250
0.264006 0.552542  2.98921  8.08066      250
0.264982 0.555489  2.99936  10.3989      250
0.265985 0.558482  2.98073  -18.555      250
   0.267 0.561485  2.97584 -4.81856      250
0.267994 0.564453  2.97164 -4.22757      250
0.269032 0.567512  2.96564 -5.77339      250
0.269987 0.570404  3.00477  40.9665      250
0.270995   0.5734  2.97213 -32.3893      250
0.271981 0.576298  2.94148  -31.105      250
0.272986 0.579243  2.95168  10.1456      250
 0.27401 0.582295  2.95975   7.8839      250
0.275015 0.585276   2.9832  23.3233      250
0.275975 0.588158  2.96677 -17.1124      250
0.276994 0.591162  2.96187 -4.81198      250
 0.27798 0.594062   2.9451  -17.017      250
0.279005 0.59709 2.95366 8.34117     250
0.279974 0.599953  2.95158 -2.14323      250
0.280997 0.602979  2.96017  8.39964      250
0.281978 0.605851  2.94397 -16.5138      250
0.282961 0.608788  2.95436  10.5625      250
0.283957 0.611702  2.92336 -31.1184      250
0.284957 0.614663  2.96114  37.7827      250
0.285956  0.61759   2.9299 -31.2821      250
0.286956 0.620531   2.9402  10.3029      250
0.287958 0.623429   2.8956 -44.5337      250
0.288983 0.626399  2.90532  9.48953      250
0.289994 0.629307   2.8884 -16.7412      250
0.290988 0.63217 2.90027 11.9473     250
0.291979  0.63504  2.87017 -30.3696      250
0.292977 0.637943  2.90912  39.0425      250
0.293977 0.640822  2.87884 -30.2625      250
 0.29498 0.643693  2.86266 -16.1339      250
0.295979 0.646565  2.87727  14.6293      250
0.296978 0.649492  2.92706  49.8454      250
0.297978 0.652432  2.94028  13.2088      250
 0.29901 0.655458  2.93363 -6.44622      250
0.299992 0.658334  2.94812  14.7576      250
 0.30099 0.661291  2.94284 -5.29436      250
 0.30199 0.664298  3.00917  66.3527      250
0.302983 0.667279   3.0034 -5.81561      250
 0.30402  0.67039  2.99505 -8.04609      250
0.304997 0.673293  2.97269 -22.8981      250
   0.306 0.676285  2.98488  12.1594      250
0.306982 0.679248  3.01575  31.4169      250
 0.30798 0.682284   3.0452  29.5239      250
0.309035 0.685424  2.99993 -42.8796      250
0.309989 0.688328  3.01385  14.5974      250
0.310995 0.691407  3.06058  46.4359      250
0.311985  0.69441  3.03622 -24.6237      250
0.312979 0.697495  3.10096   65.107      250
0.313997 0.700676  3.12747  26.0609      250
0.314982 0.703699  3.06641 -61.9369      250
0.315997 0.706875  3.12933  62.0242      250
0.316997 0.709979  3.10295 -26.3829      250
0.318007 0.713059  3.07704 -25.6655      250
0.319031 0.716259  3.10319  25.5352      250
0.319978 0.719216  3.09788 -5.60192      250
0.320977 0.722302  3.10814  10.2761      250
0.321996 0.725476  3.11666  8.35945      250
0.322984  0.72855  3.10901 -7.74077      250
0.323979 0.731653  3.11893  9.97726      250
0.324995 0.734825  3.12749  8.42344      250
0.325974 0.73793 3.15551 28.6067     250
0.327008 0.741147  3.14499 -10.1807      250
0.327997 0.744256  3.11848 -26.7945      250
0.329028 0.747474  3.12611  7.40646      250
 0.32999 0.750532  3.17323  48.9483      250
0.330996 0.753679   3.1278 -45.1671      250
0.332028 0.756927  3.15297  24.3884      250
0.332974 0.759892  3.12937 -24.9543      250
0.333977 0.763094  3.19177  62.1996      250
0.334979 0.766261   3.1641 -27.6247      250
0.336003 0.769505  3.18934  24.6379      250
0.336994 0.772663  3.18001 -9.41446      250
0.337981 0.775811  3.17086 -9.26946      250
0.339033 0.779147  3.19427  22.2474      250
0.340004 0.782227   3.1502 -45.3872      250
0.341003 0.785365  3.15943  9.24814      250
0.341997 0.788515  3.15026  -9.2324      250
 0.34298 0.791623  3.16006  9.96136      250
0.343994 0.794854  3.18557  25.1711      250
0.345008 0.798036  3.17575 -9.68934      250
0.345996 0.801184  3.14845 -27.6295      250
0.347003 0.804363  3.17501  26.3757      250
 0.34798 0.807475  3.16659 -8.61593      250
0.349033 0.810773  3.15445 -11.5296      250
 0.34999 0.813806  3.14762 -7.13824      250
0.351002 0.816984  3.15603   8.3045      250
0.351997 0.820149  3.16472  8.73324      250
 0.35298 0.823289  3.19203  27.7663      250
0.354004 0.826501  3.16346 -27.9237      250
0.354998 0.829664  3.15402 -9.48361      250
0.355997 0.832824   3.1628  8.78026      250
0.357033 0.836049  3.13396 -27.8271      250
0.357981 0.839068  3.14556  12.2391      250
0.359028  0.84231  3.11638 -27.8701      250
0.360004  0.8454 3.16287 47.6332     250
 0.36101 0.848572  3.15325 -9.55445      250
0.361996 0.85169 3.16286 9.74905     250
0.362989 0.854814  3.17235  9.55824      250
0.363978 0.857936  3.12745 -45.3787      250
0.364982 0.861085  3.13645  8.96985      250
0.365997 0.864259  3.12679 -9.51893      250
0.366996 0.867406  3.15398  27.2406      250
 0.36798 0.870484   3.1281  -26.304      250
0.369027 0.873727  3.09891 -27.8649      250
0.370003 0.876783  3.12794  29.7338      250
0.370995 0.879898  3.13761  9.75171      250
0.371989 0.882998   3.1476  10.0468      250
0.372995 0.886162  3.11999 -27.4324      250
0.373981 0.889213  3.09465 -25.7125      250
 0.37498 0.892317  3.10455  9.90281      250
0.375996 0.895481  3.11328  8.59015      250
0.376996 0.898583  3.10506 -8.21721      250
0.377995 0.901662  3.07917    -25.9      250
0.379027 0.904843  3.08754  8.11958      250
0.379993 0.907805    3.064 -24.3741      250
0.381005 0.910913    3.092  27.6634      250
0.381997 0.913997  3.08416 -7.89831      250
0.382982 0.917028  3.07738   -6.888      250
0.383981 0.92011 3.08774 10.3761     250
0.384982 0.923159  3.04428 -43.3791      250
   0.386 0.926269  3.05408   9.6316      250
0.387006 0.929335  3.04662 -7.42115      250
   0.388 0.932371  3.05789  11.3448      250
0.389031 0.935476  3.01334 -43.2112      250
0.390002 0.938409   3.0448  32.4106      250
0.390998 0.941462  3.03759 -7.23273      250
0.391999 0.944461  2.99517 -42.3638      250
0.392982 0.947397  2.99031 -4.94785      250
0.393997 0.950428  2.98354 -6.66786      250
0.394999 0.95343 2.99551 11.9532     250
0.395998 0.956363  2.93626 -59.3299      250
0.396997 0.959274  2.91377 -22.5176      250
0.397983 0.962144  2.91025 -3.56165      250
0.399039  0.9652 2.92115 10.3237     250
0.399992 0.967942  2.84763 -77.0934      250
0.400999 0.970788  2.82643 -21.0526      250
0.401996  0.97355  2.77064 -55.9555      250
0.402982 0.976299  2.78772  17.3235      250
0.403998 0.979071   2.7317 -55.1534      250
0.404998 0.981838  2.76658  34.8933      250
0.406001  0.98454  2.69384 -72.4856      250
0.406986 0.987162  2.65903 -35.3359      250
0.407989 0.989808  2.66003 0.994009      250
0.409032 0.992561  2.62259 -35.9211      250
0.409992 0.995052  2.59041 -33.4967      250
0.411001 0.997647  2.57429 -15.9766      250
0.411997  1.00018  2.54126 -33.1529      250
0.412982 1.00267 2.52733 -14.144     250
 0.41398  1.00516  2.49518 -32.2236      250
0.415005 1.00773 2.51591 20.2257     250
0.416004  1.01018   2.4482 -67.7353      250
0.417004 1.01264 2.47119 22.9938     250
0.417985  1.01503  2.42279 -49.3427      250
0.419036  1.01754  2.40835 -13.7437      250
 0.41999  1.01983  2.38025 -29.4659      250
0.420986  1.02219  2.36895 -11.3495      250
0.421976 1.02455 2.37579 6.91472     250
0.422998  1.02692  2.32778 -46.9682      250
0.424014 1.02929 2.33437 6.49711     250
0.424983  1.03153  2.30736 -27.8792      250
0.425979 1.03385 2.33304 25.7768     250
0.426991   1.0361  2.23318 -98.7333      250
0.427997 1.03837 2.24178 8.54037     250
0.429037  1.04067  2.23155 -9.83367      250
0.429977  1.04278  2.22525 -6.69979      250
0.431007  1.04503  2.19793 -26.5376      250
0.432001  1.04717  2.13666 -61.6585      250
0.433006 1.04932 2.14772 11.0093     250
0.434033  1.05152  2.13947 -8.03454      250
0.435036  1.05358  2.07973 -59.5426      250
0.435977  1.05558   2.0757 -4.28244      250
0.436988 1.05768 2.10582 29.7991     250
 0.43798  1.05976  2.08204 -23.9843      250
0.439037  1.06192  2.05656 -24.1095      250
0.439995  1.06387   2.0172 -41.0504      250
0.441003 1.06587 1.99493 -22.092     250
0.441999  1.06786  1.99102 -3.92864      250
0.442983 1.06983 2.00561 14.8336     250
0.444042  1.07191  1.98172 -22.5509      250
0.445024  1.07385  1.96062 -21.4853      250
0.445988  1.07571  1.92315 -38.8845      250
   0.447  1.07763  1.90244 -20.4709      250
0.447984  1.07947  1.86533 -37.6947      250
0.449035  1.08134  1.79121 -70.5087      250
0.44999 1.08307 1.79268 1.53658     250
0.450997 1.08491 1.82811 35.1757     250
0.452005  1.08668  1.75604 -71.5315      250
0.453006 1.08846 1.79269 36.5997     250
0.453999  1.09023  1.77498 -17.8427      250
0.454997  1.09199  1.76362 -11.3873      250
0.456002  1.09372  1.72862 -34.8053      250
0.456982 1.09537 1.67126 -58.555     250
0.45798 1.09705 1.68562 14.3804     250
0.459028  1.09875  1.62699 -55.9275      250
0.460011 1.10037 1.64277 16.0716     250
0.461015 1.10201 1.63381 -8.9211     250
0.462006  1.10359  1.60195 -32.1619      250
0.462998  1.10518  1.59393 -8.07333      250
0.463996  1.10676  1.58614 -7.80607      250
0.464997   1.1083  1.53099 -55.0878      250
0.465983  1.1098 1.52484 -6.2416     250
 0.46698  1.11131  1.51841 -6.44284      250
 0.46798  1.11282  1.51206 -6.35769      250
 0.46903   1.1144  1.50436 -7.33322      250
0.470009  1.11585  1.47519 -29.8018      250
0.471007 1.11733 1.49366 18.5017     250
0.471999  1.11874  1.41667 -77.6236      250
0.472997  1.12015  1.41238 -4.29467      250
0.473996 1.12158 1.43185 19.4963     250
0.474982 1.12292 1.35647 -76.483     250
0.475999 1.12437 1.42398 66.3859     250
0.477007  1.12578  1.39556 -28.1877      250
0.477983  1.12707  1.32115 -76.2467      250
0.479029 1.12852 1.38864 64.5224     250
0.480001  1.12985  1.38579 -2.93247      250
0.480999  1.13122   1.3582 -27.6554      250
0.481999  1.13253  1.30758 -50.6043      250
0.483002 1.13386 1.32902 21.3738     250
0.483996  1.13518  1.32657 -2.46607      250
0.484999  1.13643  1.25284 -73.5302      250
0.485983 1.13774 1.32324 71.5368     250
 0.48698  1.13898   1.2497 -73.7228      250
 0.48798  1.14021  1.22498 -24.7342      250
0.489038 1.14152 1.24694 20.7474     250
 0.489994   1.14272   1.24679 -0.152976       250
0.491002  1.1439  1.1745 -71.685     250
0.491999 1.14512 1.22244 48.0928     250
0.493002   1.1463  1.17445 -47.8515      250
0.493997  1.14747  1.17502 0.572529      250
0.495005  1.14863  1.15159 -23.2489      250
0.495998  1.14975  1.12895 -22.8047      250
0.496997 1.15093 1.17772 48.7838     250
 0.49799  1.15204  1.13105 -47.0172      250
0.499035   1.1532  1.10761 -22.4165      250
0.499997  1.1543 1.13381 27.2472     250
