         0 0.00165586 -0.0180479          0          0
0.000999928 0.00168337  0.0275185    45.5697        300
0.00198889 0.00169516   0.011907   -15.7858        300
 0.00301313  0.00169169 -0.00339942    -14.9441         300
0.00401282  0.0016731 -0.0183999   -15.0051        300
0.00503373 0.00165474 -0.0180294   0.362834        300
0.00603008 0.00163713 -0.0176741   0.356597        300
 0.00700831  0.00163488 -0.00225762     15.7596         300
0.00802875 0.00161733 -0.0172797   -14.7213        300
0.00901365 0.00163031  0.0132013    30.9481        300
 0.0100024 0.00164311  0.0129424  -0.261806        300
  0.0110104   0.0016407 -0.00238427    -15.2045         300
 0.0120223 0.00165347  0.0127322    14.9395        300
 0.0130441 0.00160433 -0.0477888   -59.2262        300
 0.0140114 0.00161736  0.0134259    63.2864        300
 0.0150642 0.00164704  0.0282087    14.0407        300
  0.0160298  0.00164465 -0.00248065    -31.7828         300
 0.0170176 0.00165714  0.0126394    15.3073        300
 0.0196884 0.00161051  -0.017661   -11.3452        300
 0.0200295 0.00161507  0.0127972    89.2739        300
 0.0210328 0.00162835  0.0125428  -0.253572        300
 0.0220263 0.00161142 -0.0178457   -30.5876        300
 0.0230591 0.00164091  0.0277127    44.1103        300
 0.0240386 0.00162384 -0.0180432   -46.7172        300
  0.025048 0.00162181 -0.0026142    15.2843        300
 0.0260322 0.00163471  0.0125088    15.3659        300
 0.0270121 0.00160298 -0.0329521   -46.3933        300
 0.0280111 0.00161643  0.0129093    45.9085        300
  0.0290284  0.00161453 -0.00241777    -15.0659         300
 0.0300157 0.00164248  0.0277728    30.5792        300
 0.0310378 0.00168594  0.0422821    14.1956        300
 0.0320158 0.00166789 -0.0188305   -62.4878        300
 0.0330608 0.00168061  0.0116848    29.2015        300
   0.034023  0.00167758 -0.00361343    -15.8983         300
 0.0350339 0.00165923 -0.0186092   -14.8341        300
 0.0360675 0.00164099 -0.0182311   0.365756        300
  0.0370255  0.00163872 -0.00280792        16.1         300
 0.0380127 0.00165133  0.0123185    15.3211        300
  0.0390117  0.00164877 -0.00299501    -15.3293         300
  0.0400145  0.00164627 -0.00293593   0.0589127         300
 0.0410295 0.00165916  0.0121899     14.903        300
 0.0420177 0.00168626  0.0270229    15.0094        300
 0.0430615 0.00171429   0.026465  -0.534492        300
 0.0440292 0.00172521  0.0108827   -16.1017        300
 0.0450332 0.00176656  0.0408045    29.8032        300
  0.046032 0.00179181  0.0249281   -15.8965        300
 0.0470321 0.00181663   0.024434  -0.494075        300
  0.048039 0.00188655  0.0691538    44.4159        300
 0.0490429 0.00193941  0.0527194   -16.3692        300
 0.0500159 0.00200522  0.0667679    14.4385        300
 0.0510464 0.00210399   0.095537    27.9191        300
 0.0520074 0.00222343   0.123867    29.4779        300
 0.0530627 0.00231993  0.0911601   -30.9949        300
 0.0540164 0.00240563  0.0894353   -1.80861        300
  0.055033 0.00251041   0.102702    13.0498        300
 0.0560479 0.00265849   0.145845    42.5079        300
 0.0570319 0.00281446   0.158072    12.4266        300
0.0580389 0.0029997  0.185084   26.8221       300
  0.059015 0.00314901    0.15133   -34.5811        300
 0.0600052 0.00338567   0.238791    88.3305        300
0.0610335 0.0036575  0.264062   24.5758       300
0.0620322 0.0039013  0.243769   -20.319       300
 0.0630658 0.00421031   0.299048     53.485        300
 0.0640261 0.00452165     0.3235    25.4616        300
 0.0650311 0.00487083   0.347201    23.5845        300
 0.0660331 0.00521211   0.340312    -6.8749        300
 0.0670395 0.00562085   0.408929    68.1835        300
 0.0680344 0.00608304   0.461095    52.4319        300
 0.0690644 0.00653231   0.436646    -23.738        300
 0.0700223 0.00703046   0.518795    85.7541        300
 0.0710154 0.00753573   0.508593   -10.2735        300
 0.0720127 0.00812308   0.588975    80.5991        300
 0.0730624 0.00879188   0.636996    45.7447        300
 0.0740411 0.00941821   0.639719    2.78168        300
0.0750494 0.0101112  0.687224   47.1162       300
0.0760396 0.0108337  0.734121   47.3631       300
0.0770326 0.0115988  0.764791   30.8858       300
0.0780318 0.0124081  0.809942   45.1865       300
0.0790305 0.0133068  0.899409   89.5806       300
0.0800304 0.0142639   0.95695   57.5445       300
0.0810151 0.0152328  0.983495   26.9589       300
0.0820136 0.0162253  0.994199   10.7198       300
0.0830646 0.0173431   1.06391   66.3331       300
0.0840611 0.0184418   1.10321   39.4349       300
0.0850296 0.0195418   1.14247   40.5357       300
0.0860641 0.0208158    1.2244   79.1962       300
0.0870125 0.0220647   1.30674   86.8221       300
0.0880334  0.02338  1.29555 -10.9615      300
 0.089031 0.0247065   1.33025   34.7869       300
  0.09003 0.0260995   1.39436   64.1709       300
0.0910146 0.0275354   1.45759    64.212       300
0.0920138 0.0290231   1.48903   31.4714       300
0.0930636 0.0306639   1.56356   70.9953       300
0.0940208 0.0322068   1.62459   63.7586       300
0.0950346 0.0338804   1.63692   12.1591       300
0.0960178 0.0355485   1.69545   59.5323       300
0.0970309 0.037291  1.72176   25.967      300
0.0980325 0.0391031   1.80815   86.2543       300
  0.09903 0.0409473   1.84777   39.7139       300
 0.100044 0.0428413   1.87101   22.9355       300
 0.101009 0.0447143    1.9254    56.309       300
 0.102017 0.0466637   1.94752   21.9588       300
  0.10307 0.0487485   1.99769   47.6423       300
 0.104034 0.0507322   2.04983   54.0826       300
 0.105015 0.0527921   2.08508   35.9294       300
 0.106028 0.0549495   2.13376    48.049       300
 0.107015 0.0571314    2.1973   64.3696       300
 0.108011 0.0593843    2.2594   62.3652       300
0.109011 0.061642  2.25992  0.51584      300
 0.110013 0.0639697   2.32052   60.4758       300
  0.11101 0.0662957   2.33503   14.5547       300
 0.112004 0.0686202   2.36493   30.0844       300
0.113015 0.071081  2.40749  42.0778      300
 0.114019 0.0735415    2.4654   57.6686       300
 0.115013 0.0760363   2.49188   26.6488       300
 0.116012 0.0785494   2.51798   26.1373       300
 0.117014 0.0811127   2.55845   40.3733       300
 0.118012 0.0836782   2.56812   9.68478       300
0.118997 0.08626 2.62357  56.339     300
 0.120217 0.0895007   2.65055   22.1024       300
 0.121079 0.0917663   2.65083  0.333051       300
 0.121996 0.0942694   2.70781   62.1012       300
 0.123002 0.0970149   2.72922    21.288       300
  0.12402 0.0997814   2.71946  -9.58901       300
0.125044 0.102599  2.77019  49.5335      300
0.126031 0.105371  2.80641  36.6933      300
0.127013 0.108105  2.78192 -24.9264      300
0.128011 0.11093 2.83249 50.7139     300
0.129012 0.113757  2.82149 -10.9765      300
0.130039 0.116728  2.91524  91.2741      300
0.131044 0.119665  2.90204 -13.1373      300
0.132038 0.122571  2.92021  18.2778      300
 0.13306 0.125554  2.92145  1.21804      300
0.134027 0.128423  2.97107  51.3359      300
0.135046 0.131455  2.97135  0.26832      300
0.136029 0.134365  2.95866 -12.9142      300
0.137017 0.137291  2.96106  2.42482      300
0.138033 0.140377  3.03711  74.8596      300
0.139052 0.143423  3.02169 -15.1171      300
0.140002 0.146346  3.03949  18.7335      300
 0.141012   0.14941    3.0391 -0.386954       300
 0.14201 0.152446  3.03926 0.162642      300
0.143043 0.155597  3.05249  12.8037      300
0.144023 0.158592  3.05348  1.01297      300
0.145033 0.161691  3.06775  14.1347      300
 0.14603 0.164761  3.08261  14.9014      300
0.147029 0.167858  3.09692  14.3211      300
0.148072 0.171039  3.07878 -17.3948      300
0.149024 0.174045  3.12564  49.1824      300
0.150013 0.177162  3.15491  29.6203      300
0.151012 0.180269  3.10752 -47.4233      300
 0.15201 0.183369  3.10638 -1.13432      300
0.153027 0.186552  3.13435  27.5121      300
0.154014 0.189674  3.14815  13.9772      300
0.155031 0.192873   3.1604  12.0529      300
0.156014 0.196014  3.18919  29.2634      300
0.157019 0.199203  3.20163   12.392      300
0.158012 0.202419  3.21353  11.9796      300
0.159013 0.205678  3.25531  41.7373      300
 0.16003 0.208938  3.20484 -49.6196      300
0.161013 0.212134  3.24788  43.7926      300
0.162012 0.215386  3.25905  11.1724      300
0.163045 0.218759   3.2678  8.47497      300
0.164022 0.221969  3.27981  12.2856      300
0.165013 0.225186  3.24558 -34.5378      300
0.166055 0.228561  3.26967  23.1265      300
0.167087 0.231972   3.2748   4.9721      300
0.167999 0.234968     3.27 -5.26529      300
0.169047 0.238377  3.27087 0.827229      300
0.170032 0.24162   3.289 18.4092     300
0.171031 0.244926  3.30587  16.8755      300
0.172014 0.248149  3.28258 -23.7174      300
0.173045 0.251518   3.2703 -11.9059      300
0.174025 0.254731   3.2751  4.89628      300
0.175037 0.25805 3.30565 30.1865     300
0.176062 0.261449  3.29278 -12.5669      300
0.177007 0.264552  3.25796 -36.8136      300
0.178013 0.267838  3.28916  31.0407      300
0.179031 0.271161  3.26387  -24.833      300
0.180062 0.274512  3.25196 -11.5563      300
0.181016 0.277642  3.25842  6.77415      300
 0.18203 0.280933  3.26165  3.18201      300
 0.18306 0.284275  3.24992 -11.3913      300
0.184067 0.287512   3.2403 -9.55284      300
0.185026  0.29063  3.21912 -22.0846      300
 0.18606 0.293984  3.24898  28.9001      300
0.186997 0.297031  3.22925 -21.0547      300
 0.18806 0.300444  3.23004 0.746455      300
0.189011 0.303531  3.22343 -6.94598      300
0.190031 0.306793  3.21331 -9.91647      300
0.191029 0.309963  3.17714 -36.2423      300
0.192016 0.313092  3.16971 -7.53152      300
0.193068 0.316427  3.19996   28.763      300
0.194023 0.319478  3.16621 -35.3712      300
0.195035 0.322709  3.19853   31.947      300
0.196013 0.325852  3.20474  6.34223      300
0.197028 0.329067  3.16767 -36.5403      300
0.198014 0.332194  3.17421  6.63246      300
0.199018 0.335403  3.19304  18.7434      300
0.200045 0.338627  3.14186 -49.8464      300
0.201013 0.341694  3.14958  7.98312      300
0.202036 0.344867  3.14126 -8.13158      300
 0.20306 0.348108  3.14552  4.16657      300
0.204055 0.351244  3.15189  6.39063      300
 0.20501 0.354247  3.11909  -34.337      300
 0.20607 0.357497  3.10922 -9.31543      300
0.207015 0.360497  3.13224  24.3648      300
0.208013 0.363586  3.11165 -20.6384      300
0.209012 0.366701  3.11843   6.7855      300
0.210036 0.369882   3.1239  5.33873      300
0.211035 0.372993  3.11683 -7.07141      300
0.212033 0.376107  3.09574 -21.1282      300
 0.21306 0.379275  3.08752  -8.0071      300
0.214027 0.382266  3.09679  9.58891      300
0.215047  0.38542  3.08886 -7.77807      300
0.216013 0.388415  3.09804  9.50911      300
0.217031 0.391559  3.09031 -7.59868      300
0.218015 0.394566  3.05743 -33.4118      300
0.219013 0.397656  3.09261   35.228      300
0.220038 0.400822  3.11232  19.2371      300
0.221031 0.403903  3.07797 -34.5834      300
 0.22203 0.406957  3.05808  -19.908      300
0.223059 0.410106  3.06422  5.96131      300
0.224021 0.413081  3.08773  24.4342      300
 0.22503  0.41619  3.08071 -6.96675      300
0.226032  0.41927  3.07424 -6.44947      300
0.227014 0.422337   3.1238  50.4863      300
0.228028  0.42548  3.10214 -21.3622      300
0.229038 0.428585  3.09519 -6.87648      300
0.230036  0.43166   3.0749 -20.3266      300
0.231042 0.434761  3.06802 -6.84541      300
0.232027 0.437822  3.10378  36.3087      300
0.233061 0.440988   3.0677 -34.9037      300
0.234013 0.443913  3.05043 -18.1344      300
 0.23503 0.447046  3.09869  47.4734      300
0.236044 0.450164  3.07754 -20.8607      300
0.237003 0.453103  3.05996 -18.3192      300
 0.23804 0.456298  3.10698  45.3612      300
0.239044 0.459404  3.07213 -34.7269      300
0.240017 0.462394  3.06749 -4.76856      300
0.241043 0.46556 3.08721 19.2265     300
 0.24201 0.468518  3.04138    -47.4      300
 0.24306 0.471711  3.06056  18.2668      300
0.244022 0.474671  3.07047  10.2931      300
0.245044 0.477795  3.06312 -7.19151      300
0.246031 0.480818  3.04389 -19.4856      300
0.247039 0.483862  3.06603  21.9693      300
0.248012  0.4869 3.08829 22.8636     300
0.249014 0.489934  3.02702 -61.1802      300
 0.25003 0.493045  3.06178  34.2043      300
0.251029 0.496097  3.05588 -5.90717      300
0.252012 0.499083  3.03739 -18.8111      300
0.253059 0.502238  3.01549  -20.909      300
0.254014 0.505156  3.04017  25.8498      300
0.255044 0.508265  3.03313 -6.82837      300
0.256046 0.511272  3.02816 -4.96999      300
0.257014 0.514256  3.05152  24.1201      300
0.258014 0.517255  3.00488 -46.6539      300
0.259012 0.520279  3.02743  22.6016      300
0.260031 0.523372  3.03468  7.11072      300
0.261031  0.52639  3.01553 -19.1422      300
0.262031 0.529425  3.03786  22.3334      300
 0.26306 0.532513  3.00338 -33.5134      300
0.264023 0.535432  3.02804  25.6136      300
0.265038 0.538437  2.98127 -46.0824      300
0.266062 0.541545  3.01612  34.0087      300
0.266996 0.544392  3.02827  13.0131      300
0.268016 0.547433  2.99473 -32.8735      300
0.269047 0.550537   3.0157  20.3455      300
0.270018 0.553458  2.98457 -32.0594      300
0.271029 0.556436  2.96624 -18.1416      300
0.272014 0.559398  3.00398  38.2898      300
 0.27306 0.562513   2.9829  -20.164      300
0.274037 0.565404  2.99418  11.5317      300
0.275064 0.568478  2.95997 -33.3216      300
0.276036 0.571379  2.98501  25.7574      300
0.277017 0.574309  2.98157 -3.50333      300
 0.27803 0.577322  2.97649  -5.0097      300
0.279031 0.580311  2.98582  9.31727      300
0.280039 0.583301  2.98118 -4.59988      300
0.281033 0.586289  2.99054  9.41849      300
0.282032 0.589247  2.95866 -31.8979      300
0.283072 0.592289  2.95298 -5.45589      300
0.284027 0.595163  2.97856  26.7803      300
0.285037 0.598178  2.98738  8.73923      300
0.286063  0.60122  2.96775 -19.1229      300
0.287025 0.604062  2.95215 -16.2089      300
0.288031 0.607028    2.948 -4.12798      300
0.289031 0.609962  2.93057 -17.4164      300
0.290024 0.612879  2.94134   10.846      300
0.291032 0.615827  2.92362 -17.5655      300
0.292046 0.61878 2.94762 23.6555     300
0.293064 0.621822  2.95589  8.12651      300
0.294013 0.624618  2.94122  -15.461      300
0.295034 0.627589   2.9091 -31.4538      300
0.296033 0.630479  2.89254 -16.5737      300
0.297031 0.633376  2.90372  11.2062      300
0.298017 0.636237  2.90168 -2.06259      300
0.299016  0.63912  2.88528 -16.4211      300
0.300063 0.642145  2.89391   8.2372      300
 0.30103 0.644935  2.89198  -1.9882      300
0.301996 0.647769  2.90733  15.8876      300
0.303064 0.650847  2.89964 -7.20798      300
0.304027 0.653694  2.95101  53.3032      300
0.305031 0.656652  2.94573 -5.26472      300
0.306051 0.659645  2.93973 -5.88438      300
0.307014 0.662524   2.9723  33.8221      300
0.308014 0.665512  3.00272  30.4097      300
0.309015 0.668494  2.97878 -23.9094      300
0.310042 0.671544   2.9898  10.7197      300
0.311031 0.674502  2.96636 -23.7084      300
0.312014 0.677497  3.05104    86.19      300
 0.31307 0.680688  3.02292 -26.6298      300
0.314043 0.683642  3.03584   13.283      300
0.315029 0.686684  3.08329  48.1062      300
0.316015 0.689685  3.04082 -43.0731      300
0.317035 0.692833  3.08616  44.4332      300
0.318014 0.695845  3.07977 -6.52518      300
0.319025 0.698944  3.08978   9.8995      300
0.320032 0.702093  3.09879  8.93763      300
0.321033 0.705184  3.09081 -7.97243      300
0.322034 0.708305  3.11853  27.6825      300
0.323065 0.711527  3.12608  7.32727      300
0.324026 0.714564  3.15546   30.562      300
0.325031 0.717691  3.11046 -44.7628      300
0.326031 0.720843   3.1557  45.2611      300
0.327018 0.723952  3.14734 -8.46424      300
0.328038 0.727143  3.15552   8.0108      300
0.329031 0.730331  3.18187  26.5482      300
0.330032 0.733503  3.17225 -9.61494      300
0.331045 0.736707    3.162 -10.1116      300
0.331996 0.739711   3.1376 -25.6582      300
0.333048 0.743032  3.17948  39.8415      300
0.334014 0.746102  3.17192 -7.82231      300
0.335034 0.749327  3.16123 -10.4832      300
0.336018 0.752447  3.17081  9.74406      300
0.337026  0.75559  3.14362 -26.9771      300
0.338033  0.75875  3.11609 -27.3401      300
0.339031 0.761926  3.17901  63.0288      300
 0.34002 0.764991  3.09895 -80.9501      300
0.341032 0.768119  3.09023 -8.61999      300
0.342031 0.771198  3.08248 -7.75032      300
0.343064 0.774422  3.12631  42.4326      300
0.344041 0.777399  3.04801 -80.1747      300
0.345031 0.780416  3.04152 -6.55713      300
0.346041 0.783454  3.03461  -6.8468      300
0.347015 0.786396  2.99333  -42.375      300
0.348013 0.789359  2.96978 -23.5884      300
0.349016 0.792315  2.94638 -23.3298      300
0.350033 0.795252  2.88705 -58.3734      300
0.351061 0.798264  2.93515  46.7569      300
0.352007 0.800975  2.86223 -77.0859      300
0.353064  0.80399  2.85582 -6.06685      300
0.354043 0.806734  2.80038 -56.5877      300
 0.35504 0.809487  2.78108 -19.3674      300
0.356016 0.812219  2.78033 -0.76982      300
0.357016 0.814927  2.70747 -72.8624      300
0.358014 0.817646  2.72515  17.7188      300
0.359015 0.820356  2.70672 -18.4133      300
0.360033 0.823092  2.68775 -18.6318      300
0.361031 0.825795  2.70575  18.0412      300
   0.36203   0.828495    2.70567 -0.0897253        300
0.363064 0.831253  2.66812 -36.2891      300
0.364039 0.833809  2.65278 -15.7354      300
0.365032 0.836478  2.65332 0.547705      300
0.366066 0.839145  2.58128 -69.6925      300
0.366996 0.841598  2.62243  44.2812      300
0.368013 0.844236  2.60546 -16.6684      300
0.369014 0.846845  2.60721  1.74322      300
0.370028 0.849493  2.62634  18.8782      300
0.371031 0.852108  2.59167 -34.5543      300
0.372038 0.854707  2.59362   1.9437      300
0.373072 0.857356  2.57643 -16.6315      300
0.374037 0.859853  2.58043  4.14457      300
0.375032  0.86237  2.51144 -69.3633      300
0.376034 0.864926  2.55057  39.0552      300
0.377018 0.867423  2.53642 -14.3771      300
 0.37803 0.869975  2.52117 -15.0632      300
 0.37903 0.872482  2.50684 -14.3321      300
0.380032 0.874977  2.49274 -14.0872      300
0.381034 0.877482  2.49661   3.8621      300
0.382024   0.8799  2.46591 -31.0293      300
0.383047 0.882444    2.469   3.0198      300
0.384011 0.884834  2.47515  6.38354      300
0.385015 0.887267  2.42599 -48.9632      300
0.386032 0.889706  2.39489 -30.5682      300
0.387036 0.892125  2.41865  23.6688      300
0.388035 0.894506  2.38869 -30.0039      300
0.389031 0.896905  2.39468   6.0178      300
0.390027 0.899277  2.38308 -11.6518      300
0.39104 0.90168   2.389 5.83939     300
0.39203 0.90407 2.39517 6.22724     300
0.393063 0.906545  2.39965  4.34588      300
0.394028 0.908835  2.37153 -29.1432      300
0.395031 0.911222  2.37777  6.21343      300
0.396017 0.913556  2.36693 -10.9949      300
0.397031 0.915944  2.35499 -11.7699      300
0.398015 0.918251  2.34469 -10.4679      300
0.399018  0.92059  2.33376 -10.9084      300
0.400069 0.92303  2.3571 22.2034     300
0.401004 0.925237  2.31251 -47.6586      300
0.401997 0.927562  2.33816   25.851      300
0.403074 0.930014  2.28861 -45.9896      300
0.403999 0.932175  2.31753  31.2755      300
0.405016 0.934507  2.30673 -10.6121      300
0.406047 0.936907   2.3309  23.4478      300
0.406995  0.93909  2.28679 -46.5356      300
0.408013 0.941447  2.32994  42.3917      300
0.409036 0.943761  2.28321 -45.6678      300
0.410012 0.946023  2.29197  8.97455      300
0.411013 0.948287  2.26438 -27.5625      300
0.412013 0.950562  2.27287  8.49245      300
0.413047 0.952863   2.2264 -44.9289      300
0.414012 0.95504   2.255 29.6475     300
0.415054 0.957378   2.2441 -10.4576      300
0.416013 0.959568  2.27246  29.5748      300
0.417029 0.961858   2.2625 -9.79433      300
0.418059 0.964135  2.23465 -27.0485      300
0.419045  0.96635  2.22621 -8.55781      300
0.420018 0.968541   2.2364  10.4708      300
0.421009 0.970721  2.21052 -26.1037      300
0.422014 0.972932  2.20217 -8.31824      300
0.423062 0.975265  2.22768  24.3426      300
0.424013 0.977377  2.20316 -25.7877      300
0.425035 0.979587  2.17668 -25.9191      300
0.426032 0.981752  2.16925 -7.44446      300
0.427041 0.983951  2.19743  27.9327      300
0.428036 0.986056  2.10045 -97.5006      300
0.429053 0.988238  2.14716  45.9244      300
0.429996 0.990289  2.16015  13.7866      300
0.431026 0.992455   2.1164 -42.4671      300
0.431991 0.994524  2.12905  13.1039      300
0.433044 0.996745  2.12051 -8.11245      300
0.434023 0.998817  2.11494 -5.68648      300
0.435032 1.00093 2.09048 -24.241     300
0.436024  1.00296  2.06758 -23.0949      300
0.437015 1.00504 2.08003 12.5587     300
0.438067   1.0072  2.05455 -24.2052      300
0.439037  1.0092 2.06851 14.4081     300
0.440006  1.01117  2.01069 -59.6508      300
0.441007  1.0132 2.02417 13.4729     300
0.441991  1.01517  2.00253 -21.9953      300
0.443063 1.01735 2.04931 43.6556     300
0.444016  1.01926   1.9925 -59.5948      300
0.445016  1.02118  1.93553 -57.0078      300
0.446032 1.02322 2.00334 66.7312     300
 0.44703  1.02512  1.91036 -93.1584      300
0.448071 1.02715  1.9602 47.8564     300
 0.44903  1.02899   1.9049 -57.6847      300
0.450016  1.03085  1.88546 -19.7185      300
0.451038  1.03277  1.88297 -2.43789      300
0.452003 1.03462 1.91814 36.4385     300
0.453053  1.03658  1.86053 -54.8795      300
0.454032  1.0384 1.87815 17.9906     300
0.455011  1.04026  1.87676 -1.41626      300
0.456013 1.04216 1.89298  16.181     300
0.456994  1.04402  1.89165 -1.35639      300
 0.45799  1.04585  1.83654 -55.3493      300
0.458992 1.04772 1.87129 34.6459     300
0.460007   1.0496  1.85147 -19.5416      300
0.461034  1.05147  1.83187 -19.0736      300
0.462018 1.05329 1.84957 17.9775     300
0.463076  1.05521  1.82898 -19.4554      300
0.46403 1.05701 1.86526 38.0223     300
0.465036  1.05883  1.81036 -54.6127      300
0.466063  1.0607 1.82691   16.11     300
0.466996 1.06242 1.82854  1.7423     300
0.468017  1.06425  1.80969 -18.4499      300
0.46905 1.06614 1.82601 15.8078     300
0.470012 1.06791 1.82649 0.49489     300
 0.471014   1.06974   1.82584 -0.644429       300
0.472002 1.07155 1.84376 18.1235     300
0.473025 1.07347 1.85953 15.4224     300
0.474004  1.07527  1.84124 -18.6842      300
0.475006 1.07713 1.85809 16.8081     300
0.476007 1.07899 1.85681 -1.2798     300
0.477008 1.08087 1.87342 16.6106     300
0.478009  1.08269  1.81854 -54.8001      300
0.479022 1.08456 1.85326  34.288     300
 0.480003   1.08638   1.85278 -0.494606       300
0.480998 1.08827 1.91137 58.9298     300
0.48199 1.09012 1.84985 -62.009     300
0.483021 1.09206 1.88323 32.3606     300
0.483987 1.09389 1.89456  11.722     300
0.484989 1.09585 1.95183 57.1666     300
0.486007  1.09779  1.91249 -38.6418      300
0.486991 1.09971 1.94635 34.4172     300
0.488009  1.10167  1.93083 -15.2436      300
0.48902 1.10368 1.98704 55.6044     300
0.490013  1.10563  1.97191 -15.2451      300
0.49101 1.10762 1.98012 8.23843     300
0.491989 1.10961 2.03654 57.5905     300
0.493022  1.11164  1.97128 -63.1859      300
0.493992 1.11357 1.98079  9.8123     300
0.495009 1.11559 1.98831 7.39056     300
0.496007 1.11763 2.04385 55.6735     300
0.497006  1.11965  2.02712 -16.7275      300
0.498011  1.12167  2.01049 -16.5521      300
0.499015 1.12371 2.04189 31.2661     300
