          0 -0.00600225   0.0136081           0           0
0.000978947 -0.00603353  -0.0318738      -46.46         120
 0.00198221 -0.00604977  -0.0161706     15.6521         120
   0.0029974  -0.00605054 -0.000778536      15.1618          120
 0.00397754 -0.00608085  -0.0309085    -30.7405         120
 0.00499058 -0.00606571    0.014915     45.2336         120
  0.0059762 -0.00603643   0.0296955     14.9961         120
 0.00699639 -0.00605271  -0.0161032    -44.8921         120
 0.00798821 -0.00608356   -0.030854    -14.8725         120
 0.00899124 -0.00606855   0.0149663     45.6821         120
 0.00997519 -0.00605411   0.0146747     -0.2964         120
  0.0109854 -0.00606998  -0.0157552    -30.1232         120
   0.0119791  -0.00607034 -0.000374302       15.478          120
  0.0130055 -0.00605524    0.014699     14.6857         120
  0.0139959 -0.00607081  -0.0157316    -30.7258         120
  0.0149915 -0.00608616  -0.0154213    0.311668         120
  0.0160022 -0.00610131  -0.0151153    0.302763         120
  0.0169981 -0.00607086   0.0303928     45.6966         120
 0.0197725 -0.0060307  0.0139452   -5.92817        120
  0.0199993 -0.00603441  -0.0164907    -134.235         120
  0.0210056 -0.00606583  -0.0312305    -14.6466         120
   0.0219767  -0.00606627 -0.000481528      31.6648          120
  0.0230048 -0.00608219  -0.0155374    -14.6449         120
   0.024004 -0.00609737    -0.01523     0.30759         120
  0.0250063 -0.00609719 0.000141705     15.3363         120
  0.0260127 -0.00609701 0.000138902 -0.00278536         120
 0.026989 -0.006082 0.0152082   15.4347       120
  0.0279734 -0.00606731   0.0149121   -0.300755         120
 0.0289938 -0.0060831 -0.0155224   -29.8251        120
  0.0299873 -0.00609817  -0.0152172    0.307238         120
  0.0309985 -0.00606748   0.0302914     45.0075         120
  0.0319917 -0.00605291   0.0146246    -15.7733         120
   0.0330064  -0.00605363 -0.000736604     -15.1385          120
 0.0339875 -0.0060395  0.0143501    15.3775        120
  0.0349958 -0.00605555  -0.0160734    -30.1739         120
  0.0360048 -0.00607151  -0.0157504    0.320107         120
  0.0369892 -0.00608668  -0.0154432    0.312077         120
  0.0380054 -0.00610202  -0.0151325    0.305747         120
  0.0390117 -0.00607159   0.0303761     45.2208         120
  0.0399895 -0.00605708    0.014712    -16.0204         120
  0.0409734 -0.00605769 -0.00064679    -15.6093         120
   0.041971 -0.00604328   0.0144361     15.1201         120
  0.0430038 -0.00605976  -0.0159885    -29.4576         120
  0.0439954 -0.00604547   0.0144673     30.7143         120
 0.0449932 -0.0060614 -0.0159586   -30.4935        120
  0.0459881 -0.00604686   0.0144968     30.6109         120
   0.046993 -0.00606277  -0.0159296     -30.277         120
   0.0479877  -0.00606328 -0.000544673      15.4672          120
  0.0489984 -0.00604865   0.0145353     14.9209         120
  0.0499878 -0.00603445   0.0142492   -0.289152         120
  0.0509913 -0.00605055  -0.0161724    -30.3154         120
  0.0519686 -0.00603646   0.0142869     31.1676         120
  0.0530152 -0.00602193   0.0139942   -0.279645         120
   0.053987 -0.00602322 -0.00135045    -15.7901         120
  0.0549889 -0.00602452 -0.00132363   0.0267718         120
  0.0559876 -0.00601073   0.0137724     15.1151         120
   0.056988 -0.00599721      0.0135   -0.272325         120
  0.0579891 -0.00598393   0.0132324   -0.267314         120
  0.0589728 -0.00598596 -0.00209761    -15.5837         120
  0.0599716 -0.00594283   0.0431534     45.3083         120
  0.0609875 -0.00589983   0.0422855    -0.85436         120
 0.0619948 -0.0058734  0.0263777   -15.7922        120
  0.0630021 -0.00589297  -0.0193545       -45.4         120
  0.0639753 -0.00591142  -0.0189812    0.383627         120
  0.0649741 -0.00589987    0.011534     30.5538         120
  0.0659773 -0.00591871  -0.0188336    -30.2688         120
  0.0669951 -0.00590685   0.0116796     29.9793         120
 0.0679905 -0.0058803   0.026518    14.9071        120
 0.0689962 -0.0058693  0.0109214    -15.509        120
  0.0699792 -0.00584391   0.0257807     15.1163         120
   0.070996 -0.00583356   0.0101962    -15.3262         120
 0.0719745 -0.0057792  0.0552138    46.0082        120
 0.0730031   -0.00577 0.00889373   -45.0349        120
   0.074002 -0.00574619   0.0237876     14.9092         120
  0.0749912 -0.00573799  0.00825042    -15.7069         120
  0.0759885 -0.00569979   0.0382274     30.0579         120
  0.0769875 -0.00566232   0.0374712    -0.75696         120
  0.0779867 -0.00564061   0.0216594    -15.8242         120
  0.0789917 -0.00561928   0.0212293   -0.427957         120
  0.0799804 -0.00561359  0.00574347    -15.6625         120
  0.0809722 -0.00560793  0.00562997   -0.114441         120
  0.0819712 -0.00558732   0.0205884     14.9738         120
  0.0830033 -0.00556649   0.0201683   -0.407082         120
  0.0839877 -0.00554698   0.0197749   -0.399613         120
   0.085012 -0.00554252  0.00430794    -15.1008         120
  0.0859909 -0.00550887   0.0343705     30.7091         120
  0.0869908 -0.00547507   0.0336885   -0.682028         120
 0.0879889 -0.0054421  0.0330234  -0.666459        120
  0.0889974 -0.00537943   0.0625071     29.2349         120
  0.0899742 -0.00534875   0.0311446    -32.1074         120
  0.0909719 -0.00528817   0.0606691     29.5901         120
  0.0919728 -0.00524369   0.0443972    -16.2576         120
  0.0930035 -0.00522988   0.0133616    -30.1117         120
  0.0939906 -0.00521691   0.0131004   -0.264611         120
  0.0949893 -0.00518899   0.0279111     14.8295         120
  0.0959897 -0.00516159   0.0273585   -0.552414         120
  0.0969896 -0.00511961   0.0418857     14.5282         120
  0.0979912 -0.00513872  -0.0192216    -61.0099         120
 0.0989916 -0.0051122  0.0263678     45.571        120
  0.0999753 -0.00507186   0.0409254     14.7986         120
   0.100972 -0.00506188  0.00997715    -31.0394         120
   0.101972 -0.00500691   0.0549893     45.0477         120
   0.103004 -0.00495128   0.0538661    -1.08776         120
   0.103972 -0.00491467   0.0377577    -16.6371         120
   0.104989 -0.00487701   0.0369976   -0.747878         120
   0.105977 -0.00482631    0.051346     14.5261         120
   0.106998 -0.00480583   0.0201807    -30.4986         120
   0.107977 -0.00474164   0.0650012     45.8178         120
   0.108979 -0.00472308   0.0185042    -46.3676         120
   0.109975 -0.00468993    0.033209     14.7657         120
   0.110992 -0.00464153   0.0476084     14.1574         120
   0.111983 -0.00459528   0.0466749   -0.942802         120
 0.112993 -0.004549 0.0457407 -0.924997       120
   0.113976 -0.00451965   0.0297765    -16.2363         120
   0.114991 -0.00447479   0.0442471     14.2574         120
   0.115986 -0.00440234   0.0735276      29.416         120
   0.116978 -0.00432995    0.072066    -1.47338         120
    0.11798 -0.00428946   0.0405007    -31.4924         120
   0.119689 -0.00419647   0.0541035     7.95958         120
   0.120204 -0.00416886   0.0535448    -1.08495         120
   0.120976 -0.00412842   0.0527267    -1.06072         120
   0.121974 -0.00407686   0.0516837    -1.04482         120
   0.122987 -0.00396467     0.11092     58.4871         120
   0.123987 -0.00388624   0.0785857    -32.3285         120
    0.12499 -0.00382479   0.0619696    -16.5659         120
   0.125977 -0.00373399    0.090882     29.3058         120
   0.126973 -0.00361507    0.119226     28.4409         120
   0.127974 -0.00351324    0.101793    -17.4176         120
   0.128979 -0.00335296    0.160051     57.9861         120
   0.129974 -0.00325662   0.0966084    -63.7363         120
   0.130982 -0.00310125    0.154967     57.9206         120
   0.131963 -0.00293665    0.167012     12.2716         120
   0.133001 -0.00278368    0.148542    -17.7929         120
   0.133978 -0.00264145    0.145667    -2.94343         120
   0.134982 -0.00248225    0.157826     12.1043         120
   0.135982 -0.00232715    0.154691    -3.13475         120
   0.136983 -0.00208615    0.242062      87.336         120
   0.13798 -0.0018494   0.237279   -4.79669        120
   0.138993 -0.00161711    0.232585    -4.63215         120
  0.139965 -0.0013618   0.258171    26.3355        120
   0.140965 -0.00110959    0.253075    -5.09767         120
     0.14196 -0.000846768     0.263139      10.1054          120
    0.142986 -0.000538548     0.303042      38.9038          120
    0.143978 -0.000226513     0.312111       9.1399          120
   0.145012 0.000132918    0.350982     37.6096         120
   0.146013 0.000492357    0.359094      8.1067         120
   0.147019 0.000889461    0.397193     37.8671         120
  0.148012 0.00130844   0.419476    22.4341        120
  0.149023 0.00172001   0.411161    -8.2219        120
  0.149996 0.00214623   0.433293    22.7465        120
     0.151 0.00261518    0.46994    36.5104        120
  0.152003 0.00307573   0.460635   -9.27889        120
  0.153043 0.00357969   0.481216    19.7805        120
  0.154006 0.00407867   0.517241    37.4105        120
 0.155018 0.0046189  0.537077   19.6036       120
  0.156015 0.00519168   0.571629    34.6614        120
   0.15703 0.00580554   0.605356    33.2225        120
  0.158013 0.00641982   0.623689    18.6459        120
  0.159012 0.00708992   0.671646    48.0181        120
  0.159997 0.00770885   0.628398   -43.9317        120
  0.161007 0.00836805   0.661202    32.4575        120
  0.161994 0.00909141   0.723459    63.0887        120
  0.163049 0.00986581   0.738577    14.3232        120
 0.164009 0.0105959  0.754565   16.6564       120
 0.165012 0.0113965  0.799888   45.2086       120
  0.16598 0.0121896  0.814605   15.1965       120
  0.16705 0.0130826  0.842715   26.2702       120
 0.167996 0.0138741  0.826723  -16.9128       120
 0.169014 0.0147704  0.885496   57.7314       120
 0.170022 0.0156976   0.92826   42.4425       120
 0.170997 0.0166078  0.925243  -3.09354       120
0.171995 0.017558 0.952168  26.9718      120
  0.17305 0.0185514  0.947479  -4.44545       120
 0.174008 0.0195351   1.01982   75.4965       120
 0.175013 0.0205398  0.999523  -20.1975       120
 0.176013 0.0215646   1.02494   25.4266       120
 0.176997 0.0226126   1.06526   40.9533       120
 0.177995 0.0237148   1.10448    39.315       120
0.179054 0.02485 1.08155 -21.648     120
 0.179998 0.0259248   1.12131   42.1217       120
 0.181013 0.0270804   1.14409   22.4471       120
  0.18203 0.0282503   1.15121   6.99838       120
 0.183042 0.0294377   1.17335   21.8816       120
 0.183989 0.0305585   1.18144   8.54181       120
 0.185044 0.0318406   1.21707   33.7642       120
  0.18601 0.0330151   1.20872  -8.65184       120
 0.187012 0.0342415   1.23006   21.3117       120
 0.188019 0.0355074   1.26599   35.6627       120
 0.189013 0.0367786   1.27105   5.10147       120
 0.189996 0.0380492    1.2915   20.7862       120
 0.190995 0.0393138   1.26595   -25.592       120
 0.191994 0.0405697   1.25596  -9.99676       120
 0.193042 0.0419355   1.30527   47.0725       120
 0.194022 0.0431897   1.27993  -25.8638       120
 0.195011 0.0444616   1.28498   5.10386       120
 0.196011 0.0457979   1.33486   49.8906       120
0.197006 0.047088   1.3088 -26.1887      120
 0.197996 0.0483683   1.28293  -26.1412       120
 0.198995 0.0496998    1.3329   50.0107       120
 0.200014 0.0510155   1.29095  -41.1838       120
 0.201011 0.0523222   1.31067   19.7708       120
  0.20201 0.0535905   1.26967  -41.0386       120
 0.203042 0.0549508   1.31909   47.8771       120
 0.204007 0.0561711    1.2637  -57.4361       120
 0.205011 0.0574298   1.25364  -10.0077       120
 0.206017 0.0587175   1.28912   35.2731       120
0.207048  0.06002  1.26281 -25.5302      120
 0.207996 0.0612097   1.23877  -25.3357       120
 0.209011 0.0624818    1.2592   20.1271       120
 0.209996 0.0636382   1.17435  -86.1285       120
 0.211009 0.0648473   1.19605   21.4405       120
 0.211972 0.0659703     1.158  -39.4812       120
 0.213042 0.0671922   1.14869  -8.69851       120
 0.214019 0.0683069   1.14154  -7.31977       120
 0.215024 0.0694246   1.11896  -22.4543       120
 0.216017 0.0705517   1.12694   8.04066       120
0.217026 0.071665  1.10445 -22.2763      120
 0.218012 0.0727185   1.06779  -37.1725       120
 0.219019 0.0737964   1.07677   8.91302       120
0.219997 0.074835  1.05578 -21.4548      120
 0.221005 0.0758528   1.01985  -35.6401       120
    0.222 0.0768846   1.02975   9.95829       120
0.223049 0.077924 0.993371 -34.6716      120
0.224016 0.078861 0.974441 -19.5708      120
 0.225012 0.0798532  0.985148   10.7537       120
 0.226011 0.0808187  0.965642  -19.5166       120
 0.227017 0.0817802  0.961592  -4.02526       120
 0.228011 0.0827217  0.942571  -19.1507       120
 0.229019 0.0836927  0.969077   26.2944       120
 0.229996 0.0846266  0.950211  -19.3046       120
   0.231 0.085557 0.931414 -18.7129      120
 0.231994 0.0864539   0.89792  -33.6976       120
 0.233052 0.0874232  0.924481   25.1085       120
0.234006 0.088297 0.906829 -18.5094      120
0.235019 0.089192 0.888747 -17.8411      120
 0.236044 0.0901044  0.885692  -2.98075       120
0.237009 0.090939  0.86883  -17.484      120
 0.238012 0.0918427  0.896699   27.7847       120
 0.239017 0.0927217   0.87894   -17.659       120
 0.239996 0.0935703  0.861796  -17.5128       120
    0.241 0.0944125  0.844781  -16.9598       120
 0.242002 0.0952254  0.812985  -31.7381       120
0.243045 0.096109 0.841277  27.1173      120
 0.244021 0.0969435  0.855159   14.2228       120
 0.245013 0.0977758  0.838343  -16.9548       120
 0.246018 0.0986015  0.821662  -16.5956       120
 0.247002 0.0994195  0.835877   14.4432       120
0.247994 0.100236 0.819373 -16.6395      120
0.249002 0.101056 0.818185 -1.17913      120
0.250013 0.101856 0.786646 -31.1914      120
0.251023 0.102656  0.80124  14.4468      120
0.252019 0.103478 0.815385  14.2072      120
0.253048 0.104264 0.768754 -45.3063      120
0.254006 0.104962 0.723911 -46.8105      120
0.255016 0.105735 0.769782  45.4092      120
0.256027 0.106471 0.724176 -45.1364      120
0.257024 0.107234 0.770236  46.1957      120
0.258011 0.107969 0.740019 -30.6133      120
0.259019 0.108681 0.710266 -29.5227      120
0.260005 0.109381 0.711497  1.24872      120
0.261001 0.110077 0.697436 -14.1158      120
0.261996 0.110761 0.683611 -13.8994      120
 0.26305 0.111509 0.714634  29.4326      120
0.264021 0.112165 0.670659 -45.2849      120
0.264993 0.112793 0.642595  -28.871      120
0.266011 0.113461 0.659842  16.9412      120
0.267042 0.114143 0.661454  1.56319      120
0.268004 0.114753 0.633749 -28.7986      120
0.269022 0.115395 0.636157  2.36493      120
    0.27 0.115993 0.608712 -28.0696      120
0.270995 0.116604 0.611741  3.04425      120
0.271995 0.117218  0.61471  2.96909      120
0.273044 0.117834 0.586884 -26.5183      120
 0.27402 0.118396 0.575528 -11.6294      120
0.275031 0.118996 0.594156   18.436      120
0.276012 0.119523 0.537383 -57.8672      120
0.277012 0.120095 0.571952  34.5715      120
0.278022 0.120627 0.530454 -41.0796      120
0.279014 0.121146 0.519961 -10.5745      120
0.279998 0.121678  0.53997  20.3357      120
0.280996 0.122176 0.499161 -40.8897      120
0.281996 0.122695 0.519415  20.2696      120
0.283047 0.123245 0.523683  4.05857      120
0.284009 0.123711 0.483543 -41.7453      120
0.285042  0.12423 0.503796  19.6001      120
0.286019 0.124698 0.478974 -25.4179      120
 0.28702 0.125195 0.499676  20.6788      120
0.288013 0.125685 0.489783 -9.95837      120
0.288997 0.126113 0.435022 -55.6401      120
0.289996 0.126524 0.411347 -23.7051      120
0.290996 0.126987 0.463481  52.1628      120
0.291995 0.127426 0.439241 -24.2477      120
0.293042 0.127892 0.445211   5.7011      120
0.294009 0.128299 0.421608 -24.4194      120
0.295014 0.128745 0.443349  21.6287      120
0.296021  0.12918 0.434569 -8.71861      120
0.296999 0.129599 0.426092 -8.66717      120
0.297999 0.130017 0.417656 -8.43921      120
0.299007 0.130412 0.394299 -23.1649      120
0.300015 0.130834 0.416511  22.0295      120
0.301015 0.131227 0.393202 -23.3162      120
0.302018 0.131583 0.355254 -37.8512      120
0.303051 0.131972 0.378162  22.1696      120
 0.30401 0.132344 0.386009   8.1835      120
 0.30503 0.132741 0.393374  7.21675      120
0.306016 0.133125   0.3856 -7.88555      120
0.307046 0.133514 0.377745 -7.62787      120
0.307993 0.133882 0.385676  8.37067      120
0.309013 0.134219 0.332737 -51.9273      120
0.309985 0.134537 0.326305 -6.61769      120
0.311031 0.134902 0.349709  22.3761      120
0.311977 0.135257  0.37326  24.8821      120
0.313053 0.135613 0.335294 -35.3087      120
0.314034 0.135906 0.298647 -37.3347      120
0.314995 0.136221  0.32302  25.3604      120
0.315993 0.136552 0.331708  8.71132      120
0.317013 0.136851 0.294906  -36.065      120
0.318016 0.137186 0.334257  39.2413      120
   0.319 0.137508  0.32775 -6.61504      120
0.320001  0.13783 0.321248  -6.4944      120
0.320996 0.138129 0.299847    -21.5      120
0.321996 0.138422  0.29391 -5.93596      120
 0.32304 0.138751 0.318023  23.1069      120
0.324022 0.139031 0.281634 -37.0368      120
0.325012 0.139334  0.30625  24.8607      120
0.326012 0.139634 0.300192 -6.06277      120
0.327012 0.139913 0.279177 -21.0164      120
 0.32801 0.140171 0.258585 -20.6184      120
0.329017 0.140455 0.283604  24.8553      120
0.329997 0.140729 0.278066 -5.65342      120
0.330995 0.141001 0.272572 -5.50093      120
0.332003 0.141283 0.282243  9.59897      120
0.333048 0.141557 0.261337 -19.9965      120
0.333995 0.141787 0.241327 -21.1464      120
0.335018 0.142044 0.251501  9.94468      120
0.336046 0.142297 0.246387 -4.97409      120
0.337015 0.142517  0.22658 -20.4326      120
0.338017 0.142755 0.237149  10.5448      120
0.339016 0.143017 0.262602  25.4856      120
0.339999  0.14327  0.25749 -5.20075      120
0.341004 0.143522 0.252401 -5.06246      120
0.341996 0.143769 0.247408 -5.03518      120
0.343045 0.144054 0.272401  23.8298      120
0.344012 0.144284 0.237029  -36.569      120
0.345013 0.144516 0.232327 -4.69565      120
0.346015  0.14476 0.242787  10.4379      120
0.346999 0.144994 0.238056 -4.80827      120
0.347997 0.145211 0.218286 -19.8142      120
0.348997  0.14544 0.229033   10.751      120
0.350026 0.145654 0.209337 -19.1324      120
0.351014 0.145843 0.190138 -19.4316      120
0.351999 0.146071 0.231644  42.1626      120
0.353047 0.146293 0.211782 -18.9511      120
0.354015  0.14648 0.192643 -19.7671      120
0.355016 0.146699 0.218963  26.2908      120
0.356032 0.146901 0.199496 -19.1672      120
0.357016  0.14711 0.210656  11.3451      120
0.358019 0.147316 0.206493 -4.15053      120
0.359026 0.147533 0.217478  10.9028      120
0.359999 0.147757 0.228321  11.1409      120
0.360998 0.147951 0.193669 -34.7043      120
0.361997 0.148155 0.204908   11.245      120
0.363049  0.14835 0.185584 -18.3747      120
 0.36404 0.148545 0.197016  11.5403      120
0.364999 0.148747 0.208317  11.7792      120
0.366009 0.148952 0.204172 -4.10236      120
0.367046 0.149128  0.16986 -33.1141      120
0.368001 0.149328 0.211906  44.0115      120
0.368996 0.149507 0.177555 -34.5261      120
0.369997 0.149711 0.204175  26.6022      120
0.371012 0.149914 0.200072 -4.04137      120
0.371999 0.150093 0.181086 -19.2259      120
0.373044 0.150294  0.19241   10.842      120
0.374009 0.150476 0.188733 -3.81037      120
0.375015 0.150678 0.200034  11.2275      120
0.376016 0.150859    0.181 -19.0172      120
0.377021 0.151081 0.222637  41.4323      120
0.378015 0.151269 0.188085 -34.7789      120
0.379014 0.151469  0.19943  11.3492      120
    0.38 0.151676 0.210612  11.3479      120
0.380997 0.151852 0.176314 -34.3995      120
0.381996 0.152055 0.202966  26.6857      120
0.383018 0.152226 0.168741 -33.4769      120
0.384009 0.152376 0.150343 -18.5586      120
0.385051 0.152544  0.16233   11.508      120
0.386031   0.1527 0.159189 -3.20649      120
0.387021 0.152825 0.125915 -33.6055      120
0.388015 0.152978  0.15356  27.8001      120
0.389016 0.153129 0.150517  -3.0414      120
0.390001 0.153319 0.192796  42.9063      120
0.391003 0.153477  0.15885 -33.8919      120
0.391997 0.153663 0.185848  27.1548      120
0.393054 0.153838 0.166927 -17.9062      120
0.394025 0.153969 0.133547  -34.365      120
0.395023 0.154129 0.161065  27.5662      120
0.396018 0.154317 0.188008  27.0805      120
0.396998 0.154512 0.199432  11.6583      120
0.397995 0.154662 0.150281 -49.2841      120
0.398998 0.154825 0.162369  12.0625      120
0.400001 0.154985 0.159144 -3.21273      120
0.401017 0.155128 0.140876 -17.9907      120
0.402017 0.155312 0.183292  42.3887      120
0.403054 0.155465 0.149428 -32.6665      120
0.404015 0.155606 0.146583 -2.95929      120
0.405015 0.155736 0.128592 -17.9885      120
0.406006  0.15592 0.186353  58.3355      120
0.407039 0.156078 0.152419 -32.8401      120
0.407994 0.156207 0.134436 -18.8233      120
0.409013 0.156356 0.146808  12.1492      120
0.409997 0.156527 0.174091  27.7216      120
0.411009 0.156654   0.1254 -48.0873      120
0.411974 0.156759 0.107914 -18.1269      120
0.413052 0.156951 0.180947  67.7261      120
0.414027 0.157111 0.162349 -19.0818      120
0.415035 0.157271 0.159109 -3.21371      120
0.416007 0.157424 0.156027 -3.17058      120
0.417013 0.157592 0.168004  11.9072      120
0.418012 0.157742 0.149608 -18.4107      120
0.419008 0.157902  0.16173  12.1695      120
0.419998 0.158045 0.143486 -18.4305      120
0.420995 0.158215 0.170796  27.4169      120
0.422002 0.158322 0.107135 -63.1682      120
0.423043 0.158479 0.150106  41.3091      120
0.424006 0.158606 0.132161 -18.6253      120
0.425012 0.158752 0.144595  12.3547      120
0.426011 0.158893 0.141734 -2.86319      120
0.427012 0.159047 0.153998  12.2555      120
 0.42801 0.159213 0.166021  12.0417      120
0.429012 0.159391   0.1778  11.7625      120
0.429997 0.159518 0.129116  -49.418      120
0.431002 0.159645 0.126564 -2.53792      120
0.431998 0.159784  0.13912  12.6106      120
0.433043 0.159926 0.136245 -2.75166      120
0.434006 0.160113 0.193944  59.8731      120
0.435011 0.160289 0.175016 -18.8441      120
0.436013 0.160461  0.17154 -3.46792      120
0.437015 0.160629  0.16815 -3.38305      120
0.438013 0.160794 0.164817  -3.3415      120
0.439013  0.16094 0.146484 -18.3264      120
0.440004 0.161097 0.158701  12.3243      120
0.440995 0.161252 0.155565   -3.166      120
0.441995 0.161404 0.152485 -3.08113      120
0.443043 0.161545 0.134259 -17.3775      120
 0.44402 0.161673 0.131664 -2.65785      120
0.445026 0.161818  0.14411  12.3671      120
0.446012 0.161988 0.171436  27.7115      120
0.447012 0.162126 0.137903 -33.5363      120
0.447995 0.162273 0.150287   12.596      120
0.449003 0.162421 0.147315 -2.95057      120
0.450018 0.162568 0.144331 -2.94034      120
0.451014 0.162694 0.126414 -17.9828      120
0.452016 0.162818 0.123903 -2.50547      120
0.453044 0.162958 0.136455  12.2149      120
0.453996 0.163114 0.164042  28.9702      120
0.455015 0.163248 0.130587 -32.8157      120
0.456048 0.163364 0.112854 -17.1692      120
0.456999 0.163514  0.15594  45.3153      120
0.458022 0.163638 0.122686 -32.4977      120
0.459016 0.163758 0.120254  -2.4468      120
    0.46 0.163904 0.148054  28.2673      120
0.460996 0.164018 0.114994 -33.1655      120
0.461996 0.164191 0.172996  58.0477      120
0.463047 0.164338 0.139277 -32.0702      120
0.464043 0.164474 0.136529 -2.75863      120
0.465001 0.164617 0.149015  13.0362      120
0.466016  0.16475 0.130949 -17.7949      120
0.467023 0.164878 0.128359 -2.57152      120
0.467999 0.165002 0.125858 -2.56383      120
 0.469001  0.165095 0.0932244  -32.5737       120
0.470003 0.165217 0.121511  28.2083      120
0.471014 0.165353 0.134144  12.4939      120
0.472015 0.165454 0.101349 -32.7744      120
0.473045 0.165588 0.129415  27.2433      120
0.474026 0.165697 0.111828 -17.9348      120
 0.475035  0.165777 0.0794685  -32.0561       120
0.476022 0.165914 0.138202  59.5041      120
 0.47702 0.166019 0.105326 -32.9495      120
0.478013 0.166197 0.178594  73.8194      120
0.478999  0.16631  0.11482 -64.6888      120
0.479999 0.166423 0.112546 -2.27304      120
0.480997 0.166548 0.125392  12.8688      120
0.482003 0.166672 0.122894 -2.48396      120
 0.48304 0.166812 0.135441  12.1032      120
0.483993 0.166925 0.117802 -18.5006      120
0.485003 0.167025 0.100396 -17.2309      120
0.486015 0.167172 0.143571  42.6595      120
 0.486996  0.167265 0.0955592   -48.949       120
0.487995 0.167389 0.123811  28.2873      120
0.489004 0.167511 0.121349  -2.4382      120
0.489998  0.16763 0.118949 -2.41675      120
 0.490995  0.167716 0.0864602  -32.5844       120
0.491995 0.167831 0.114888   28.416      120
0.493034 0.167963 0.127605  12.2427      120
 0.494016  0.168056 0.0949855  -33.2242       120
0.495002 0.168178 0.123255   28.675      120
  0.49601   0.16827 0.0906556  -32.3397       120
0.497021 0.168404 0.134059  42.9049      120
0.498014 0.168506 0.101267 -33.0302      120
   0.499 0.168648 0.144505  43.8584      120
0.500014 0.168792 0.141604 -2.86099      120
   0.501 0.168899 0.108693 -33.3665      120
0.502017 0.169007 0.106506  -2.1504      120
0.503057 0.16913  0.1194  12.398     120
0.504011 0.169229 0.102043 -18.1956      120
 0.50502 0.169329 0.100018 -2.00717      120
 0.506014  0.169412 0.0829682  -17.1535       120
0.507031  0.16954 0.126501   42.791      120
0.508004 0.169646 0.108985 -18.0068      120
 0.509014  0.169739 0.0917373  -17.0697       120
0.510014 0.169859 0.120062  28.3401      120
0.511047 0.170011 0.147739  26.7853      120
0.511996 0.170149 0.144967 -2.92036      120
0.513046  0.17025 0.096766 -45.9376      120
0.514047 0.170361 0.109915  13.1284      120
0.515038 0.170452 0.092687 -17.3913      120
  0.51602  0.170542 0.0908847  -1.83521       120
0.517015  0.17066 0.119233  28.4994      120
  0.51802  0.170748 0.0867222  -32.3354       120
0.519015 0.170877 0.130225  43.7039      120
    0.52 0.171018 0.142754  12.7176      120
0.521004 0.171112 0.094727 -47.8363      120
0.521996  0.17122 0.107923  13.3049      120
0.523047 0.171347 0.120745  12.2056      120
0.524024 0.171448 0.103331 -17.8145      120
 0.525013  0.171533 0.0862356  -17.2901       120
 0.526012  0.171603 0.0694585  -16.7904       120
0.527012 0.171731 0.128364  58.9237      120
0.528013 0.171842  0.11075 -17.6028      120
0.529012 0.171965 0.123627  12.8778      120
0.530006 0.172099 0.136287   12.746      120
0.530995 0.172233 0.133594 -2.72082      120
0.531995 0.172364 0.130951 -2.64536      120
0.533042 0.172498  0.12824 -2.58827      120
0.533998 0.172647 0.155964   28.998      120
0.535015 0.172756  0.10762 -47.5313      120
   0.536 0.172875 0.120592  13.1774      120
0.536996 0.172993 0.118214 -2.38684      120
0.538016 0.173096  0.10076 -17.1083      120
 0.539022  0.173194 0.0987688  -1.97915       120
0.540002  0.17332 0.126979  28.7961      120
0.541014 0.173461   0.1395  12.3656      120
    0.542  0.173551 0.0915606  -48.6272       120
0.543046 0.173692 0.134858  41.4049      120
0.544008 0.173805  0.11721 -18.3444      120
0.545014 0.173936 0.129945  12.6538      120
0.546015 0.174048 0.112299 -17.6383      120
0.547002 0.174172 0.125176  13.0491      120
0.548005 0.174309 0.137777  12.5602      120
 0.549001  0.174399 0.0898332  -48.1312       120
0.550048 0.174523 0.118101  27.0078      120
0.551039 0.174652 0.130852  12.8559      120
0.552003 0.174776 0.128351 -2.59579      120
 0.553046  0.174876 0.0955793  -31.4324       120
0.554008  0.17498 0.108829  13.7591      120
 0.555015  0.175073 0.0915907  -17.1333       120
0.556046 0.175181  0.10479  12.8037      120
0.557005 0.175279 0.102799  -2.0748      120
0.558015 0.175381  0.10074 -2.04013      120
   0.559 0.175508 0.128918  28.6102      120
    0.56 0.175634 0.126366 -2.55215      120
0.560997 0.175758 0.123871 -2.50288      120
0.561996 0.175864 0.106351 -17.5298      120
0.563053 0.175974 0.104141 -2.09059      120
0.564024 0.176088 0.117198  13.4534      120
0.565012 0.176246  0.16012  43.4424      120
0.566003 0.176371 0.126855  -33.571      120
0.567012 0.176497 0.124302 -2.53047      120
0.567997 0.176603 0.106805 -17.7652      120
0.569032  0.17671 0.104629  -2.1016      120
0.570011 0.176811 0.102588 -2.08523      120
0.571023 0.176913  0.10053 -2.03159      120
0.572025 0.177042 0.128675  28.0925      120
 0.57306 0.177172 0.126044 -2.54357      120
0.574009 0.177261 0.093519 -34.2503      120
0.575022 0.177368 0.106725  13.0454      120
0.576015 0.177488 0.119677  13.0304      120
 0.577014  0.177575 0.0871719  -32.5463       120
0.578015 0.177691 0.115583  28.3865      120
0.579014 0.177804 0.113296 -2.28872      120
 0.579999  0.177899 0.0960146  -17.5467       120
0.580996 0.178008 0.109189  13.2132      120
 0.581997    0.1781 0.0919555  -17.2184       120
0.583046 0.178226 0.120173  26.8983      120
0.584003 0.178323 0.102834  -18.122      120
0.585022 0.178441 0.115822  12.7425      120
0.586019  0.17857 0.128601  12.8194      120
0.587019 0.178696 0.126057 -2.54346      120
0.588015 0.178834 0.138628  12.6203      120
 0.589001  0.178924 0.0907056  -48.6217       120
 0.590014  0.179014 0.0888863  -1.79586       120
0.591004 0.179144 0.132368   43.904      120
 0.591996  0.179229 0.0845425  -48.2087       120
 0.593056  0.179331 0.0978513   12.5638       120
0.594025  0.17944 0.111027  13.5948      120
  0.59502  0.179532 0.0937792  -17.3316       120
0.596014  0.17967 0.137131  43.6149      120
0.597006 0.179772  0.10431 -33.0996      120
0.597997 0.179889 0.117321  13.1243      120
 0.599004  0.179989 0.0999234  -17.2709       120
 0.600016  0.180089 0.0979117   -1.9876       120
0.601023 0.180215  0.12611  27.9999      120
 0.602008  0.180307 0.0935102  -33.0992       120
 0.603052  0.180403 0.0915762  -1.85333       120
0.604007 0.180518  0.11998   29.724      120
0.605013 0.180651 0.132661  12.6163      120
0.606012 0.180766 0.114967  -17.708      120
0.607044 0.180882 0.112621  -2.2737      120
 0.608016  0.180975 0.0953785   -17.747       120
0.609013 0.181083 0.108564  13.2149      120
0.609998 0.181203 0.121518  13.1555      120
0.611036 0.181341  0.13411  12.1306      120
0.611984 0.181453 0.116487 -18.6004      120
 0.613045  0.181557 0.0989868  -16.4946       120
0.614011  0.18168 0.127241  29.2388      120
 0.615018  0.181776 0.0945661  -32.4294       120
   0.616 0.181882 0.107795  13.4712      120
 0.617017  0.181958 0.0754962  -31.7862       120
0.618015 0.182077  0.11921  43.7901      120
0.618999 0.182192 0.116885 -2.36144      120
0.620008 0.182307  0.11457 -2.29424      120
0.620997 0.182419 0.112306 -2.28892      120
0.622012 0.182531  0.11005 -2.22348      120
0.623046 0.182658 0.122866  12.3948      120
0.624008 0.182759 0.105445 -18.1089      120
0.625015 0.182893 0.133482  27.8662      120
0.626014 0.183024 0.130841 -2.64188      120
0.627016 0.183138 0.113174 -17.6271      120
 0.628014  0.183233 0.0958695  -17.3384       120
0.629021 0.183372 0.139182  43.0285      120
    0.63 0.183477 0.106319 -33.5701      120
0.630997 0.183596  0.11929  13.0123      120
 0.631997  0.183683 0.0867903  -32.5017       120
0.633046 0.183804 0.115113  26.9864      120
 0.633994  0.183896 0.0978716  -18.1972       120
 0.635015  0.183979 0.0808248  -16.6821       120
   0.636 0.184101 0.124466  44.3315      120
0.636997 0.184208 0.106939 -17.5749      120
0.638023 0.184315 0.104783 -2.10189      120
0.639015 0.184417 0.102709  -2.0898      120
 0.640016  0.184503 0.0856034  -17.1023       120
 0.641014  0.184602 0.0989817   13.3952       120
 0.641999  0.184697 0.0970505  -1.96168       120
 0.643046  0.184797 0.0950433  -1.91737       120
 0.644008  0.184886 0.0932285  -1.88639       120
0.645012 0.184993 0.106444  13.1603      120
0.646013 0.185098 0.104334 -2.10721      120
0.647008 0.185199 0.102295 -2.05038      120
 0.648011  0.185269 0.0701129  -32.0776       120
 0.649011  0.185368 0.0988641   28.7464       120
 0.650009   0.18545 0.0818369  -17.0569       120
0.651013 0.185561  0.11035  28.4068      120
0.652012 0.185669 0.108167 -2.18614      120
 0.653042  0.185762 0.0908985  -16.7585       120
0.653992 0.185876  0.11934  29.9353      120
 0.655015  0.185965 0.0867904  -31.8382       120
0.656055 0.186083 0.115151  27.2643      120
0.656996 0.186148 0.067738 -50.3457      120
0.658031 0.186263 0.111558  42.3778      120
0.659035 0.186418 0.154547  42.7988      120
 0.65998 0.186476 0.061171 -98.7763      120
0.660997 0.186582 0.105151  43.2711      120
 0.661997   0.18667 0.0879992  -17.1448       120
0.663046 0.186792 0.116301  26.9907      120
0.663994   0.1869 0.114112 -2.30753      120
0.665024 0.187014 0.111814 -2.23095      120
 0.666014  0.187108 0.0945244  -17.4703       120
 0.667005    0.1872 0.0926806  -1.86073       120
 0.668028  0.187277 0.0757306  -16.5681       120
 0.669045  0.187352 0.0742131    -1.492       120
0.669981  0.18745 0.102973   30.725      120
 0.671015  0.187523 0.0707461  -31.1591       120
 0.672013  0.187622 0.0994879    28.792       120
 0.673051  0.187707 0.0823926  -16.4683       120
0.674017 0.187814 0.110966  29.5764      120
0.675014 0.187938 0.123829  12.9103      120
 0.676013  0.188014 0.0761678  -47.6871       120
 0.677011  0.188104 0.0897325   13.5916       120
0.678046  0.18821 0.102962  12.7856      120
 0.679038  0.188295 0.0858691  -17.2383       120
 0.679989  0.188376 0.0842476  -1.70367       120
0.680997 0.188474 0.097635  13.2807      120
 0.681996  0.188554 0.0806355   -17.021       120
 0.683054  0.188653 0.0940253   12.6517       120
0.683992 0.188755 0.107337  14.2033      120
0.685014 0.188862 0.105165 -2.12396      120
 0.686011  0.188935 0.0729489  -32.3265       120
0.687012 0.189037  0.10164  28.6456      120
  0.68801  0.189136 0.0996315  -2.01265       120
0.689019 0.189249 0.112724  12.9851      120
 0.690014  0.189344 0.0954263  -17.3818       120
0.690996 0.189436 0.093565  -1.8949      120
 0.692003  0.189528 0.0917142  -1.83869       120
 0.693043  0.189622 0.0898134  -1.82686       120
 0.694027  0.189694 0.0729911  -17.1049       120
 0.69503 0.189811 0.116747  43.6035      120
 0.696015  0.189894 0.0843263    -32.91       120
 0.696998  0.189975 0.0826846  -1.67127       120
0.697997 0.190056 0.081049 -1.63689      120
   0.699 0.190166 0.109578  28.4292      120
 0.700013  0.190244 0.0772445  -31.9321       120
0.701021  0.19035 0.105852  28.3664      120
 0.702015  0.190424 0.0736154  -32.4482       120
 0.703047  0.190514 0.0871781   13.1377       120
0.704044 0.190614 0.100527  13.3946      120
    0.705   0.19068 0.0684605  -33.5487       120
 0.706014  0.190747 0.0670929   -1.3488       120
 0.706999  0.190842 0.0959297   29.2787       120
    0.708  0.190935 0.0940338  -1.89279       120
0.708998 0.191028 0.092168 -1.87041      120
 0.710024   0.19112 0.0903104  -1.81031       120
 0.711034  0.191194 0.0734267  -16.7215       120
 0.711978  0.191277 0.0871172   14.4896       120
0.713048   0.1914 0.115407  26.4501      120
 0.714012  0.191494 0.0981281  -17.9209       120
 0.715017  0.191576 0.0811066   -16.946       120
0.716015 0.191685 0.109642  28.5714      120
 0.717013  0.191777 0.0924052  -17.2792       120
 0.718014  0.191853 0.0755039  -16.8744       120
0.719023 0.191957 0.104147  28.3943      120
0.720015 0.192059 0.102084 -2.07909      120
 0.721013  0.192144 0.0849966  -17.1295       120
 0.721998  0.192241 0.0984089   13.6113       120
 0.723049  0.192326 0.0813034    -16.28       120
0.724022 0.192433 0.109882  29.3579      120
0.725018 0.192541 0.107715 -2.17694      120
0.726011 0.192645 0.105597 -2.13407      120
0.726999 0.192748 0.103531  -2.0912      120
 0.72802 0.192866 0.116522  12.7227      120
 0.729013  0.192965 0.0991429  -17.5017       120
 0.730012  0.193047 0.0821119  -17.0404       120
0.731012 0.193157 0.110626  28.5225      120
 0.732013  0.193236 0.0782935  -32.3035       120
 0.733044   0.19333 0.0917624   13.0649       120
 0.734008  0.193403 0.0749352   -17.444       120
0.735015 0.193522 0.118645  43.4231      120
 0.736001  0.193607 0.0861825  -32.9042       120
0.737006 0.193721 0.114624  28.3216      120
0.738002 0.193864  0.14248  27.9518      120
 0.739007  0.193959 0.0944404  -47.7925       120
 0.740001  0.194036 0.0775109  -17.0445       120
0.741016 0.194144 0.106088  28.1433      120
0.742016 0.194263 0.119057  12.9732      120
0.743047 0.194383 0.116629 -2.35352      120
  0.74401  0.194464 0.0842524  -33.6304       120
 0.745015  0.194547 0.0825759  -1.66823       120
 0.746022  0.194643 0.0960123   13.3483       120
0.746999 0.194751 0.109211  13.5122      120
 0.747997  0.194842 0.0919827  -17.2625       120
 0.748998  0.194933 0.0901598  -1.82006       120
 0.750016  0.195007 0.0732741  -16.5825       120
0.751016 0.195154 0.147174  73.9228      120
0.752004 0.195267 0.114151 -33.4316      120
 0.753046  0.195368 0.0967378  -16.7172       120
 0.753994  0.195458 0.0949169   -1.9189       120
0.755021 0.195583 0.123136  27.4933      120
 0.756045  0.195676 0.0904928  -31.8702       120
 0.756981   0.19576 0.0888022  -1.80706       120
 0.757998  0.195848 0.0870244  -1.74667       120
 0.759003  0.195933 0.0853013  -1.71461       120
 0.760017  0.196034 0.0986473   13.1618       120
0.761014 0.196145  0.11177  13.1642      120
0.762015 0.196255 0.109555 -2.21264      120
 0.763047  0.196334 0.0771906  -31.3861       120
 0.764018  0.196407 0.0757178  -1.51553       120
0.765012 0.196512 0.104351  28.8068      120
0.766013 0.196645 0.132422  28.0463      120
 0.766998  0.196743 0.0996944   -33.237       120
 0.767996   0.19684 0.0977247  -1.97271       120
 0.769013  0.196922 0.0806897  -16.7565       120
0.769997 0.197059 0.139406  59.6591      120
   0.771 0.197196 0.136637 -2.76034      120
 0.772014  0.197286 0.0886912  -47.2953       120
 0.773036  0.197359 0.0718446  -16.4747       120
 0.773994  0.197442 0.0855431   14.2996       120
 0.775015  0.197528 0.0838142  -1.69431       120
0.776017 0.19764 0.11229 28.4236     120
 0.776998  0.197733 0.0950355  -17.5912       120
 0.778018  0.197813 0.0780498  -16.6534       120
 0.779015  0.197889 0.0765074  -1.54589       120
 0.780015  0.197964 0.0749925  -1.51459       120
0.781018 0.198083 0.118713  43.6193      120
 0.782012  0.198168 0.0862532  -32.6565       120
 0.783047  0.198272 0.0995357   12.8336       120
 0.783992   0.19835 0.0825906  -17.9206       120
0.784997 0.198462 0.111087  28.3699      120
0.786016 0.198557 0.093779 -16.9812      120
 0.787013  0.198619 0.0617872  -32.0936       120
 0.787999  0.198708 0.0907231   29.3367       120
   0.789 0.198812 0.103996  13.2581      120
 0.790018  0.198901 0.0868334  -16.8662       120
 0.791025  0.198986 0.0851153  -1.70519       120
0.791998 0.199097 0.113607  29.2827      120
0.793047 0.199214  0.11125 -2.24645      120
0.794011 0.199319 0.109124  -2.2064      120
 0.79502 0.199427 0.106944  -2.1601      120
0.796016 0.199531 0.104835 -2.11975      120
0.797015 0.199619 0.087691  -17.153      120
0.797998 0.199718 0.101056  13.5929      120
 0.798998  0.199817 0.0990552    -2.002       120
 0.800018  0.199916 0.0970703  -1.94515       120
0.801016 0.200011 0.095137 -1.93762      120
0.802004 0.200118 0.108347  13.3704      120
 0.803047  0.200213 0.0910488    -16.58       120
 0.804009  0.200285 0.0742352  -17.4731       120
 0.805012  0.200373 0.0878316   13.5651       120
 0.806013  0.200459 0.0860889  -1.73997       120
 0.806997  0.200542 0.0844129  -1.70455       120
 0.807994   0.20061 0.0676765  -16.7857       120
 0.809026  0.200709 0.0964352   27.8446       120
 0.810016  0.200803 0.0945312  -1.92386       120
0.811032 0.200912 0.107699  12.9679      120
 0.811977  0.200998 0.0905886  -18.0909       120
0.813045 0.201108 0.103749  12.3322      120
 0.813995  0.201176 0.0716406  -33.7779       120
 0.81502 0.201233 0.055121 -16.1173      120
0.816016 0.201302 0.069104  14.0409      120
 0.817017  0.201354 0.0526649  -16.4168       120
0.818008  0.20148 0.126994  75.0318      120
  0.81899  0.201558 0.0792924  -48.5497       120
 0.819983   0.20165 0.0928003   13.6062       120
 0.820973  0.201741 0.0909793  -1.83951       120
0.821993 0.201847 0.104209  12.9708      120
 0.822993  0.201934 0.0870773  -17.1411       120
 0.82399 0.202049 0.115496  28.4823      120
 0.824999  0.202118 0.0679879  -47.1187       120
0.825992 0.202244  0.12693  59.3423      120
    0.827  0.202323 0.0792055  -47.3551       120
0.827992 0.202416 0.092707  13.6095      120
0.828992 0.202522 0.105941  13.2283      120
 0.829978  0.202609 0.0888004  -17.3902       120
 0.830995  0.202697 0.0870227  -1.74705       120
0.831995 0.202797 0.100371   13.359      120
 0.833042  0.202885 0.0832305  -16.3579       120
 0.834012  0.202949 0.0665499  -17.2112       120
 0.835012  0.203029 0.0803061   13.7441       120
 0.836007  0.203107 0.0787378  -1.57704       120
 0.837018    0.2032 0.0922283    13.342       120
 0.838014  0.203291 0.0903949  -1.84015       120
  0.83901  0.203379 0.0886135  -1.79002       120
 0.840013  0.203436 0.0567151  -31.7795       120
0.840995 0.203535 0.100828  44.9191      120
 0.841995  0.203619 0.0837634  -17.0656       120
 0.843043  0.203705 0.0820294   -1.6556       120
 0.844005  0.203768 0.0653862  -17.2873       120
 0.845021  0.203832 0.0640827   -1.2837       120
 0.846012  0.203925 0.0929548   29.1312       120
0.847014 0.204047 0.121249  28.2358      120
 0.848016  0.204121 0.0736352  -47.5381       120
 0.849042  0.204194 0.0721411  -1.45568       120
0.850024 0.204264 0.070738  -1.4284      120
  0.85098  0.204316 0.0543134  -17.1795       120
 0.851995    0.2044 0.0833637   28.6225       120
0.853049 0.204517 0.111765  26.9636      120
 0.854002  0.204593 0.0795019  -33.8307       120
 0.855013  0.204657 0.0628299  -16.4924       120
 0.856042  0.204751 0.0916836   28.0337       120
 0.857003  0.204838 0.0899348  -1.82064       120
 0.858014  0.204927 0.0881364  -1.77813       120
0.859013 0.205013 0.086393 -1.74607      120
 0.859998  0.205067 0.0545636  -32.3171       120
 0.860995   0.20515 0.0836265   29.1415       120
0.861995 0.205217 0.066901 -16.7307      120
0.863054 0.205333 0.110699  41.3557      120
0.864023 0.205439 0.108555 -2.21242      120
 0.865017   0.20553 0.0913456  -17.3178       120
0.866011 0.205649 0.119689  28.5084      120
0.866996 0.205705 0.057066 -63.5671      120
 0.868013  0.205792 0.0860515   28.5117       120
 0.868999  0.205875 0.0843694  -1.70457       120
 0.869997  0.205973 0.0977721   13.4324       120
 0.871014  0.206055 0.0807383  -16.7593       120
 0.872022  0.206119 0.0640696  -16.5319       120
 0.873044  0.206214 0.0928952   28.2089       120
 0.874023  0.206304 0.0910941  -1.83983       120
0.875016 0.206347 0.044088 -47.3027      120
 0.876013  0.206405 0.0582886   14.2526       120
  0.87701  0.206477 0.0722082   13.9539       120
 0.878012  0.206563 0.0858449   13.6181       120
   0.879 0.206676 0.114306  28.7861      120
 0.879996  0.206758 0.0819129  -32.5354       120
 0.881003  0.206853 0.0953624   13.3613       120
 0.881995  0.206916 0.0633333  -32.2622       120
 0.883044  0.206981 0.0620222  -1.25066       120
 0.884006  0.207054 0.0759128   14.4389       120
 0.885012  0.207129 0.0744009  -1.50237       120
 0.886012  0.207217 0.0879974   13.5976       120
 0.887011  0.207288 0.0711865  -16.8322       120
 0.888011  0.207343 0.0547061  -16.4698       120
 0.889009  0.207426 0.0837663   29.1317       120
 0.890006  0.207492 0.0670544  -16.7651       120
 0.890995  0.207573 0.0808006    13.893       120
 0.891994  0.207652 0.0792023  -1.60036       120
 0.893042  0.207749 0.0926238   12.8028       120
 0.893995  0.207835 0.0908752  -1.83631       120
 0.895013  0.207895 0.0589065    -31.38       120
 0.896013  0.207938 0.0426714  -16.2324       120
 0.897015   0.20801 0.0719637   29.2596       120
 0.898011   0.20808 0.0705429  -1.42536       120
 0.899035  0.208166 0.0841958   13.3421       120
 0.899979  0.208216 0.0524434  -33.6226       120
 0.900995  0.208283 0.0664626   13.7998       120
 0.901996  0.208363 0.0802136   13.7323       120
 0.903044   0.20843 0.0634916  -15.9657       120
 0.904007  0.208504 0.0773528   14.3906       120
 0.905013  0.208581 0.0758122   -1.5316       120
0.906013 0.208685 0.104448  28.6178      120
 0.906998  0.208756 0.0722688  -32.6806       120
 0.908004  0.208842 0.0859106   13.5619       120
 0.909047  0.208914 0.0690631  -16.1554       120
 0.909997  0.208993 0.0828389    14.503       120
 0.911035   0.20903 0.0359474   -45.182       120
 0.911978  0.209121 0.0955783    63.239       120
 0.913049  0.209221 0.0935657  -1.87874       120
 0.914025  0.209281 0.0616107   -32.746       120
 0.915022  0.209371 0.0905421   29.0096       120
 0.916006  0.209459 0.0887671  -1.80433       120
0.917009 0.209515 0.056877 -31.7939      120
0.917999 0.209571 0.055753 -1.13521      120
 0.919014  0.209657 0.0847675   28.5873       120
 0.920012   0.20974 0.0830923  -1.67774       120
 0.921005  0.209835 0.0965397   13.5388       120
0.922015 0.209947 0.109665  13.0025      120
0.923034 0.210041 0.092388 -16.9591      120
0.924008 0.210144 0.105678  13.6418      120
 0.925012  0.210233 0.0885077  -17.1059       120
 0.92602  0.21035 0.116894  28.1536      120
 0.927016  0.210419 0.0693631  -47.7051       120
 0.928012  0.210487 0.0679952   -1.3742       120
 0.929012  0.210539 0.0515789  -16.4136       120
 0.929998  0.210618 0.0807155   29.5473       120
 0.930995  0.210697 0.0791219  -1.59909       120
 0.932026  0.210792 0.0925739   13.0425       120
0.933037 0.210884 0.090721 -1.83332      120
 0.934025  0.210957 0.0738745  -17.0469       120
0.935024 0.211014 0.057351 -16.5325      120
0.935999 0.211114 0.101453  45.2375      120
 0.937014  0.211169 0.0542118  -46.5452       120
 0.938015  0.211237 0.0682067   13.9892       120
 0.939016  0.211319 0.0819245   13.6992       120
0.940013 0.211399 0.080307 -1.62265      120
 0.941017  0.211463 0.0636455  -16.5954       120
0.941999 0.211554 0.092548  29.4237      120
 0.943046  0.211633 0.0755693  -16.2144       120
 0.944018  0.211705 0.0741246  -1.48697       120
 0.945013  0.211778 0.0726525  -1.47933       120
 0.946016  0.211849 0.0712099  -1.43823       120
 0.947018  0.211919 0.0697969  -1.40969       120
 0.948014  0.211987 0.0684189  -1.38344       120
 0.949048  0.212072 0.0820863   13.2207       120
 0.949982  0.212162 0.0956343   14.5035       120
 0.950997  0.212241 0.0786555  -16.7367       120
 0.951997  0.212334 0.0921674   13.5129       120
 0.953055  0.212413 0.0751934  -16.0347       120
 0.954009  0.212469 0.0586823  -17.3132       120
 0.955015  0.212542 0.0725823   13.8187       120
0.956048 0.212647 0.101231  27.7383      120
 0.957003  0.212742 0.0993097  -2.01085       120
 0.958018  0.212795 0.0521132  -46.5232       120
 0.959015  0.212876 0.0812249   29.1834       120
0.960014  0.21297 0.094688   13.477      120
 0.960998  0.213047 0.0777703  -17.2019       120
 0.962005  0.213138 0.0913018   13.4363       120
 0.963048  0.213216 0.0743423  -16.2591       120
 0.964023  0.213287 0.0729068  -1.47244       120
 0.965014  0.213373 0.0865454   13.7643       120
0.966012 0.213473 0.099905  13.3829      120
 0.966996  0.213569 0.0979582  -1.97761       120
  0.96801  0.213636 0.0658549  -31.6528       120
 0.968997    0.2137 0.0645688  -1.30356       120
 0.969995  0.213793 0.0934328   28.9212       120
0.971019 0.213901 0.106621  12.8819      120
  0.97201  0.213991 0.0894419  -17.3289       120
0.973042 0.214097 0.102681  12.8274      120
0.974013 0.214195 0.100707 -2.03432      120
 0.975012  0.214263 0.0685729  -32.1668       120
 0.976013  0.214361 0.0973515   28.7395       120
 0.977014  0.214456 0.0954235  -1.92631       120
 0.978015   0.21452 0.0633932  -32.0097       120
0.978999 0.214625 0.107374  44.6874      120
 0.980007    0.2147 0.0751122  -32.0124       120
0.981013 0.214806 0.103736  28.4492      120
 0.982065  0.214881 0.0714523  -30.6905       120
 0.983056   0.21495 0.0700515  -1.41261       120
 0.983994  0.215043 0.0989057   30.7791       120
  0.98504  0.215129 0.0817972  -16.3497       120
  0.98604  0.215194 0.0651079  -16.6905       120
  0.98699  0.215255 0.0638812  -1.29179       120
0.988031 0.215351 0.092695  27.6808      120
 0.988989  0.215438 0.0909377  -1.83399       120
0.989998 0.215559 0.119252  28.0685      120
 0.990997  0.215616 0.0566134  -62.6728       120
 0.991996  0.215701 0.0856329   29.0493       120
 0.992999  0.215785 0.0839325  -1.69519       120
 0.993992  0.215882 0.0973528   13.5212       120
 0.995003  0.215933 0.0502085  -46.6253       120
 0.996016  0.216029 0.0943947   43.5969       120
 0.997016  0.216091 0.0623878  -32.0016       120
 0.998024  0.216183 0.0912919   28.6806       120
 0.999007  0.216256 0.0744408   -17.155       120
 0.999998  0.216329 0.0729697  -1.48434       120
