           0 -0.000170733    0.0034448            0            0
 0.000974417 -0.000167432   0.00337821   -0.0683448          200
  0.00197291 -0.000134043    0.0334514      30.1185          200
  0.00295711 -0.000131415   0.00265324     -31.2929          200
  0.00396323 -0.000143932   -0.0124686     -15.0298          200
  0.00496483 -0.000110937    0.0329873      45.3835          200
   0.0059793 -9.33991e-05    0.0172566     -15.5064          200
  0.00700951 -6.09369e-05    0.0319773      14.2891          200
  0.00801897 -7.50215e-05   -0.0138679     -45.4153          200
  0.00902581 -4.31823e-05    0.0316146      45.1734          200
  0.00998569 -2.77776e-05    0.0159344     -16.3357          200
   0.0110078 -1.19858e-05    0.0156154    -0.312102          200
   0.0120003 -2.67855e-05   -0.0148332     -30.6775          200
   0.0130341 -4.17732e-05   -0.0145304     0.292881          200
   0.0139952 -2.64594e-05    0.0158973      31.6604          200
   0.0150015 -2.59324e-05  0.000511827     -15.2881          200
   0.0159962 -2.54259e-05  0.000501832   -0.0100488          200
   0.0169907 -9.79141e-06     0.015561      15.1433          200
 0.0179832 2.0332e-05  0.0303257    14.8758        200
   0.0190341  1.99099e-05 -0.000428592     -29.2634          200
  0.0199828 3.38565e-05   0.0146567     15.9016         200
  0.0210044 1.77869e-05  -0.0157726    -29.7853         200
  0.0220051 1.74344e-05 -0.00039048     15.3723         200
  0.0230012 3.21022e-05   0.0146875     15.1368         200
   0.0239854  3.14766e-05 -0.000670815      -15.605          200
   0.0249939  3.08527e-05 -0.000657518    0.0131855          200
   0.0259864  3.02418e-05 -0.000644499    0.0131167          200
  0.0270214 1.40457e-05  -0.0156959    -14.5428         200
   0.0279682 -6.01505e-07   -0.0153993     0.313291          200
    0.029017 -5.89098e-07 -1.82737e-05      14.6653          200
  0.0300097 -1.5543e-05  -0.0150887    -15.1801         200
   0.0310028 -3.02167e-05   -0.0147917      0.29908          200
   0.0319874 -5.92884e-05   -0.0295755      -15.014          200
 0.0329854 -7.317e-05 -0.0139206    15.6859        200
   0.0340035 -8.68991e-05   -0.0136428     0.272914          200
   0.0350039 -0.000100379     -0.01337     0.272694          200
   0.0359862 -8.36093e-05    0.0170348      30.9531          200
   0.0369925 -0.000112064   -0.0285117     -45.2585          200
   0.0379992 -0.000109816    0.0021956      30.5059          200
   0.0390356 -9.19754e-05    0.0172151      14.4919          200
   0.0399833 -9.02442e-05   0.00181384     -16.2509          200
   0.0409949 -4.27413e-05    0.0469817      44.6495          200
   0.0420055 -4.18856e-05  0.000837089     -45.6581          200
   0.0430136 -5.61383e-05   -0.0142491     -14.9659          200
   0.0440066 -5.50279e-05   0.00110265      15.4597          200
   0.0449882 -9.55226e-06    0.0462984      46.0444          200
  0.0459864 5.67668e-06   0.0152434    -31.1091         200
  0.0469859 2.06329e-05   0.0149416   -0.301984         200
   0.048003 3.55421e-05   0.0146407   -0.295813         200
  0.0490444 9.74743e-05   0.0595304     43.1046         200
 0.0499988 0.00013887  0.0433267   -16.9782        200
  0.0510049 0.000181576   0.0424637   -0.857672         200
  0.0520127 0.000208118   0.0265532    -15.7874         200
   0.053004 0.000249175   0.0410977     14.6714         200
 0.0540047 0.00031965  0.0704223    29.3058        200
  0.0550108 0.000389072   0.0690197    -1.39404         200
  0.0559893 0.000455258   0.0676825    -1.36665         200
   0.056987 0.000521446   0.0663452    -1.34023         200
  0.0579853 0.000586342   0.0650341    -1.31344         200
  0.0590353 0.000747979    0.154058     84.7849         200
   0.059999 0.000908269    0.166188     12.5868         200
 0.0610092 0.00107161   0.162887   -3.26734        200
 0.0620031 0.00127661   0.204868    42.2353        200
 0.0630043 0.00146269   0.185733    -19.113        200
 0.0640059 0.00169011   0.227261    41.4615        200
 0.0650032 0.00192721   0.237844    10.6117        200
 0.0659878 0.00217166   0.248277    10.5952        200
 0.0669861 0.00247467    0.30365      55.47        200
 0.0679855 0.00275725   0.282567   -21.0949        200
 0.0690353 0.00311043   0.336957    51.8119        200
 0.0700052 0.00347254   0.375747    39.9942        200
 0.0710039 0.00388841   0.413469    37.7705        200
 0.0720029 0.00432335    0.43543    21.9833        200
 0.0730021 0.00480989   0.487096    51.7068        200
 0.0740027 0.00533309   0.522649    35.5299        200
 0.0750034 0.00589051    0.55751    34.8383        200
  0.075989 0.00644428   0.561694    4.24534        200
 0.0769856 0.00705317   0.610887    49.3617        200
 0.0780025 0.00772273   0.658867    47.1841        200
 0.0790243 0.00843706   0.705939    46.0651        200
 0.0799749 0.00914872   0.737668    33.3789        200
 0.0810049 0.00989029   0.722687   -14.5456        200
0.0819883 0.0106904  0.814123   92.9727       200
0.0830185 0.0116052  0.887915   71.6286       200
0.0839875 0.0124834  0.900913   13.4147       200
0.0849957 0.0133842   0.89809  -2.80033       200
0.0859897 0.014409  1.03112  133.836      200
0.0869884 0.0154629   1.05595   24.8639       200
0.0880136 0.016547   1.0648  8.63364      200
0.0890367 0.0177148   1.13348   67.1336       200
 0.089999 0.0188721   1.20231   71.5299       200
0.0910041 0.020103  1.22357  21.1508      200
0.0920024 0.021345   1.2446  21.0658      200
0.0929854 0.0226333   1.31081   67.3485       200
0.0940037 0.0240025   1.34466   33.2407       200
0.0950089 0.0253862    1.3782   33.3729       200
0.095989 0.026771  1.41171  34.1899      200
0.0969934 0.0282405   1.47427   62.2775       200
0.0979869 0.0297928   1.55053   76.7616       200
0.0990362 0.0314165   1.54849  -1.94284       200
0.100012 0.033001  1.62407  77.4552      200
 0.101004 0.0347016    1.7127    89.339       200
 0.102003 0.0364239   1.72403   11.3472       200
 0.103003 0.0381593    1.7351    11.066       200
 0.103986 0.0399351   1.80683   72.9673       200
 0.105001 0.0418089   1.84586   38.4464       200
 0.105999 0.0437176   1.93028   84.5874       200
 0.106987 0.0456794   1.96752   37.6644       200
 0.108022 0.0477017   1.95742  -9.75458       200
0.109024 0.049715    2.009  51.4828      200
 0.109982 0.0516807   2.04613   38.7505       200
 0.110991 0.0538365   2.14096   94.0718       200
 0.111992 0.0559374   2.09852  -42.3832       200
 0.113025 0.0581863   2.17612   75.0858       200
 0.113995 0.0603455   2.22472   50.1076       200
 0.115002 0.0625757   2.24116   16.3326       200
 0.115982 0.0647996   2.24235   1.21812       200
  0.11699 0.0671366   2.31815   75.2069       200
  0.11799 0.0694695   2.33252   14.3664       200
 0.119026 0.0719285   2.37512    41.133       200
 0.119992 0.0742849    2.4351    62.089       200
0.121006 0.076779   2.4616  26.1262      200
 0.122005 0.0792218     2.443  -18.6146       200
 0.123007 0.0817542   2.53021   87.0703       200
 0.124017 0.0843071    2.5555   25.0556       200
 0.125005 0.0868552   2.55015  -5.41585       200
 0.125991 0.0893645   2.54558  -4.64181       200
 0.127023 0.0920298   2.58401   37.2254       200
 0.127977 0.0945383   2.62554    43.515       200
0.129036 0.097337  2.64591  19.2491      200
 0.130008 0.0999759   2.71556   71.6888       200
0.131007 0.102683    2.707 -8.56554      200
0.132006 0.105411  2.72876  21.7569      200
0.133012 0.108138  2.73516  6.36702      200
0.134009 0.110888  2.74111  5.97382      200
0.134989 0.113627  2.79337  53.3572      200
0.135989 0.116459  2.82842  35.0375      200
0.137003 0.119361  2.86204  33.1515      200
0.138005 0.122188  2.82032 -41.6427      200
0.139037 0.125114  2.83809  17.2211      200
0.139999 0.127879  2.87446  37.7762      200
 0.14099 0.130752  2.89329  18.9983      200
0.142002 0.133657   2.8961  2.78267      200
 0.14299 0.136574  2.92941  33.6975      200
0.144015 0.139593   2.9453  15.5034      200
0.144974 0.142433  2.94942  4.29852      200
0.145965 0.145367  2.95164  2.23312      200
0.146987 0.148395  2.98273  30.4354      200
0.147986 0.151376  2.98401  1.27869      200
0.149043 0.154558  3.01202  26.5008      200
0.149998 0.157414  2.98507 -28.2029      200
0.151012 0.16043 3.00101 15.7351     200
0.152005 0.163438  3.00175 0.736291      200
0.153003 0.166477  3.04797   46.361      200
0.154005 0.169545  3.06285  14.8493      200
0.155004 0.17262  3.0776 14.7594     200
0.155993 0.175696   3.1077  30.4239      200
0.156987 0.178754  3.07667 -31.2086      200
0.157985 0.181851  3.10635  29.7416      200
0.159018 0.185054  3.10315 -3.08921      200
0.160011 0.188122  3.10267 -0.49318      200
0.160989 0.191216  3.14777   46.118      200
0.161986 0.194353   3.1459 -1.87347      200
0.162987 0.197485  3.12875 -17.1424      200
0.163985 0.200684  3.20248   73.814      200
0.164994 0.203894  3.18377 -18.5456      200
0.165987 0.207053  3.18145 -2.34131      200
0.166986 0.210213  3.16373 -17.7373      200
0.167986 0.21342 3.20657   42.87     200
 0.16903 0.216731   3.2012  -5.1461      200
0.169981 0.219823  3.21557  15.1057      200
0.170985 0.223075  3.24212  26.4531      200
0.172006 0.226365   3.2218 -19.9203      200
0.173005 0.229625  3.26355  41.7809      200
0.174003 0.232862  3.24286 -20.7358      200
0.175005 0.236129  3.26051  17.6089      200
0.175988 0.239311  3.23804 -22.8593      200
0.176986 0.242547  3.24238   4.3492      200
0.178011 0.245842  3.24555  3.08787      200
0.179024 0.249163  3.24819  2.61021      200
0.179971 0.252237  3.22789 -21.4408      200
0.180995 0.255572  3.27208  43.1729      200
0.181996 0.258823  3.24823 -23.8236      200
0.183005 0.262091  3.23799 -10.1363      200
0.184018 0.265388  3.25504  16.8179      200
0.184985 0.268544  3.24705 -8.26607      200
0.185987 0.271772   3.2376 -9.41939      200
0.187012 0.275065   3.2408  3.12481      200
0.188004   0.2783  3.23122 -9.65656      200
0.189035 0.281617  3.21999 -10.8906      200
0.190009 0.284748  3.21249 -7.69772      200
 0.19102 0.287997  3.21658  4.04258      200
0.191993 0.291139   3.2228  6.39262      200
0.193003 0.294398  3.22668  3.84134      200
0.194001 0.297595  3.20391 -22.8137      200
0.195002  0.30079  3.19514 -8.77163      200
 0.19601 0.303991  3.20019  5.00774      200
0.196985 0.307129  3.19256 -7.82637      200
0.197983 0.310306  3.18414 -8.44669      200
0.199033 0.313664      3.2  15.1025      200
0.199989 0.316706  3.18035 -20.5487      200
0.201011  0.31992  3.14332 -36.2514      200
0.202003 0.323045   3.1499  6.63401      200
0.203003 0.326203  3.15581  5.90183      200
0.204004 0.329368  3.16158  5.76446      200
0.205013 0.332505  3.14004 -21.3596      200
0.205995 0.335609  3.13309 -7.07087      200
0.206986 0.338694   3.1126 -20.6752      200
0.207986 0.341799  3.10563 -6.96888      200
0.209013  0.34495  3.09775 -7.66987      200
0.209992 0.348008  3.09175 -6.12953      200
0.211001 0.351108  3.08489 -6.79579      200
   0.212 0.354196  3.07829 -6.61243      200
0.213003 0.357263  3.05815  -20.084      200
0.214012 0.360326  3.06599  7.76893      200
0.214995 0.36336 3.07439 8.55199     200
0.215988 0.366384  3.02724 -47.4694      200
0.216987 0.369403  3.02203 -5.22327      200
 0.21799 0.372429  3.01667 -5.34085      200
0.219043 0.37562 3.04984 31.4963     200
0.219999  0.37853  3.01893 -32.3181      200
0.221005  0.3816 3.05452 35.3782     200
0.222002 0.384599  3.00788  -46.801      200
0.223013 0.387621  3.01654  8.56534      200
0.224004 0.390605  2.98413 -32.7158      200
0.225004 0.393585  2.97971 -4.41956      200
0.225988 0.396486  2.94898 -31.2294      200
 0.22702 0.399563  2.98443  34.3408      200
0.227976 0.402406  2.96881  -16.338      200
0.229036 0.405541  2.96128 -7.11024      200
0.229999 0.408403  2.97314  12.3187      200
0.230997 0.411355  2.95533 -17.8621      200
0.232018 0.41437  2.9781 22.2951     200
0.233008 0.417327  2.96019   -18.09      200
0.234004 0.420258  2.94279 -17.4582      200
0.234989  0.42314   2.9264 -16.6515      200
0.235989 0.426076  2.93679   10.386      200
0.237003 0.429064  2.94615  9.22915      200
0.238005 0.431999  2.92869 -17.4365      200
0.239037    0.435  2.90991 -18.1885      200
    0.24 0.437816  2.92269  13.2741      200
0.241014 0.440767   2.9328  9.97838      200
0.241991 0.443666  2.94394   11.391      200
 0.24299   0.4466  2.94042 -3.51808      200
0.243987 0.449518  2.92331 -17.1699      200
0.24499 0.45246 2.93358 10.2405     200
0.246006 0.455409  2.90189 -31.1932      200
0.247008   0.4583  2.88532 -16.5341      200
0.247991 0.461148  2.89749  12.3807      200
0.249038 0.464189   2.9058  7.92333      200
0.250008 0.466975  2.89133 -14.9194      200
0.251005 0.469864  2.87479 -16.5844      200
0.252007  0.47274  2.87247 -2.32005      200
0.253006 0.475607  2.87031 -2.15999      200
0.254006 0.478461  2.85448 -15.8312      200
0.255004 0.481335  2.88006  25.6307      200
0.256003 0.484199  2.86404 -16.0357      200
0.256987 0.487026  2.87662  12.7961      200
0.257985 0.489854  2.83344 -43.2583      200
0.259046 0.492829  2.82914 -4.05204      200
0.259997 0.495577  2.85725  29.5533      200
0.261007 0.498444  2.84117 -15.9318      200
0.262004 0.501248   2.8124 -28.8473      200
0.263008 0.504073   2.8111 -1.29421      200
0.264004 0.506858  2.79665 -14.5096      200
0.264988 0.509594  2.78321 -13.6661      200
0.265986 0.512398  2.81021   27.048      200
0.266986  0.51521  2.80918 -1.03039      200
0.267993 0.518029  2.82194  12.6691      200
0.269037 0.520946  2.77696 -43.1156      200
0.269997 0.523632  2.79239  16.0704      200
0.271004 0.526429  2.77771 -14.5822      200
 0.272004  0.529204   2.77743 -0.282007       200
0.273002 0.531962  2.76354 -13.9176      200
0.274001 0.534739  2.77715  13.6166      200
0.275002 0.537505  2.76309 -14.0389      200
0.276001 0.540276  2.77682  13.7497      200
0.276993 0.543009  2.77738 0.566265      200
0.278017 0.545842  2.74803 -28.6604      200
 0.279032  0.548631   2.74746 -0.555218       200
0.279979 0.551238  2.75054  3.25576      200
0.281021   0.5541  2.74851 -1.94745      200
0.281999 0.556765  2.72256 -26.5229      200
0.283042 0.559615  2.72078 -1.71346      200
0.283972 0.562151  2.72528  4.84473      200
 0.284997  0.564933   2.72485 -0.417847       200
0.286014 0.567697  2.73874   13.658      200
   0.287 0.570379   2.6985 -40.8072      200
0.288003 0.573125  2.74062  42.0094      200
0.289033 0.575875  2.67113 -67.4353      200
0.289995 0.578452  2.67481   3.8268      200
0.291002 0.581175  2.70347  28.4595      200
0.292004 0.583896  2.71822   14.727      200
0.293002 0.586596   2.7055 -12.7421      200
0.294004 0.589338  2.73376  28.1955      200
0.295044 0.592092  2.67812 -53.5211      200
0.295971 0.594656  2.72386  49.3247      200
0.296992 0.597369    2.683 -40.0071      200
0.297984 0.600007  2.64365 -39.6812      200
0.299037 0.602834  2.69813   51.752      200
 0.30001 0.605477   2.7005  2.42713      200
0.301017 0.608167  2.67404 -26.2936      200
0.302004 0.610798  2.66272  -11.458      200
0.303002  0.61343  2.63744 -25.3518      200
0.304011 0.616086  2.65348     15.9      200
0.304987 0.618686  2.64278 -10.9706      200
0.305984 0.621324  2.64527  2.49443      200
0.306984  0.62393  2.60656 -38.7128      200
0.307984 0.62654 2.60961 3.05476     200
0.309014 0.629227   2.6111  1.44655      200
0.309995 0.631797  2.61494  3.91347      200
0.311014 0.63446 2.61694 1.96249     200
0.311975 0.636967  2.59416 -23.7029      200
0.313011 0.639624  2.59628  2.05163      200
0.314004 0.642199  2.57214 -24.3048      200
0.315003 0.644813  2.61693  44.8183      200
0.316002 0.647403  2.59249 -24.4646      200
0.316985 0.649941  2.58303  -9.6247      200
0.317984 0.652498  2.55926 -23.7989      200
0.319033 0.655155   2.5335 -24.5591      200
0.319999 0.657649  2.58066  48.8217      200
0.321001 0.660237  2.58285  2.18255      200
0.322012 0.662814  2.56709  -15.589      200
0.323004 0.66542 2.60522 38.4347     200
0.324003 0.668022  2.60712  1.89923      200
0.324989 0.670597  2.60955  2.47293      200
0.325988 0.673203  2.61137  1.81345      200
0.327026 0.675913  2.62927  17.2514      200
0.327996 0.678471  2.61388 -15.8636      200
0.329035 0.681182   2.6136  -0.2745      200
0.329997 0.683756  2.67048  59.1172      200
0.331012 0.686425  2.65288 -17.3464      200
0.332003 0.689111  2.68938   36.821      200
0.333003 0.691801  2.68951  0.13254      200
0.334004 0.694514  2.70732  17.7851      200
0.334988 0.697143  2.67236   -35.53      200
0.335986 0.699843  2.70857  36.3077      200
0.337003 0.702597   2.7074 -1.14831      200
0.338022 0.70537 2.72401 16.2907     200
 0.33903 0.708134  2.74081  16.6762      200
0.340009 0.710775  2.72374  -17.426      200
0.341004 0.71353 2.74072   17.07     200
0.342007 0.716278  2.73967 -1.04853      200
0.343004 0.718993  2.72111 -18.6042      200
0.344004 0.721764  2.77405  52.9418      200
0.345003 0.724499  2.73697 -37.1357      200
0.346007 0.727284  2.77148  34.3519      200
0.346988 0.730034  2.80666  35.8834      200
0.347986 0.732798  2.76899 -37.7652      200
0.349046 0.73574 2.80037 29.5999     200
 0.349998  0.738433   2.80041 0.0387492       200
0.351003 0.741209  2.76248 -37.7344      200
0.352003 0.744023  2.81455  52.0708      200
0.353001 0.746812  2.79451 -20.0689      200
0.354002 0.749628  2.81024  15.7044      200
0.355002 0.752451  2.82583  15.5952      200
0.356001 0.755272  2.82331 -2.51781      200
0.356985 0.758048  2.82168 -1.65231      200
 0.35799 0.760861   2.8193 -2.36894      200
0.359033 0.763815  2.81412 -4.96655      200
0.359986 0.766515  2.83215  18.9141      200
0.361004 0.769359  2.79286  -38.613      200
0.362002 0.772162  2.80885   16.015      200
0.363003 0.774954  2.78875 -20.0801      200
0.364002 0.777738  2.78697 -1.78343      200
 0.364985  0.780479   2.78605 -0.933839       200
0.365983 0.783291  2.82002  34.0407      200
0.366992 0.786131  2.83525  15.0938      200
0.367983 0.788923  2.79701 -38.6083      200
0.369033 0.791891  2.82787  29.3783      200
 0.369996  0.794615   2.82727 -0.616689       200
0.371006 0.79745 2.80631 -20.767     200
0.372005 0.800287  2.83977  33.4849      200
0.373004 0.803103  2.81918 -20.6069      200
0.374003  0.80592  2.81674 -2.43835      200
0.375004 0.808752  2.83215  15.3911      200
0.376015 0.811572  2.81149  -20.434      200
0.376988 0.814381  2.86364  53.6425      200
0.378021 0.817311  2.84078 -22.1356      200
0.379029 0.820156  2.81961 -20.9883      200
 0.379997  0.822884   2.81895 -0.684535       200
0.380988 0.825696  2.83475   15.947      200
0.381987 0.828507  2.81427 -20.5076      200
0.383006 0.831372  2.81086 -3.33827      200
0.384003 0.834154  2.79095 -19.9668      200
0.385015 0.836997  2.84246  50.8762      200
0.385989  0.83978  2.82254 -20.4548      200
0.387009 0.84266 2.83699 14.1722     200
0.388005 0.845515  2.85193  14.9985      200
0.389037 0.848393  2.79378 -56.3377      200
0.389998 0.851068  2.77604 -18.4484      200
0.391002 0.853886  2.80987  33.7231      200
0.392003 0.856732  2.84315  33.2362      200
0.393003 0.859591  2.85802   14.873      200
 0.39401 0.862407  2.81928 -38.4686      200
0.395003 0.865295  2.88801  69.2367      200
0.395987 0.868083  2.83168 -57.2367      200
0.396983 0.870866  2.79362 -38.2183      200
0.397983 0.873693  2.82728  33.6509      200
0.399033 0.876636  2.80415 -22.0188      200
0.399982 0.879348  2.85824  57.0303      200
0.401004 0.882249  2.83594  -21.808      200
0.402003 0.885062  2.81543 -20.5311      200
0.403011 0.887896   2.8308  15.2379      200
0.404004 0.890724  2.82813 -2.68696      200
0.405005 0.893517  2.78986 -38.2444      200
0.406003 0.89632 2.80585   16.01     200
0.406988 0.899096  2.82236  16.7716      200
0.407986 0.901893  2.80217 -20.2283      200
0.409019 0.904763  2.78051 -20.9721      200
0.409999 0.907525  2.81547  35.6594      200
0.411003 0.910316  2.77724 -38.0687      200
 0.41201 0.913086  2.77574 -1.49281      200
0.413005  0.91584  2.75642 -19.4178      200
0.414012 0.918671  2.80816  51.3766      200
0.415005 0.921466  2.80615 -2.02096      200
0.415988 0.924205  2.78712 -19.3607      200
0.416986 0.92695 2.74983 -37.369     200
0.417986 0.929734  2.78435  34.5178      200
0.419036 0.93267 2.79769 12.7026     200
0.419999 0.935315  2.74427  -55.459      200
0.421011 0.938104  2.77868  34.0091      200
0.421987  0.94082  2.76012 -18.9989      200
0.422985 0.943556  2.74117  -18.996      200
0.423992 0.946318  2.73983 -1.32374      200
 0.42502 0.949091  2.70197 -36.8253      200
0.425988 0.95176 2.73879 38.0659     200
0.427022 0.954572  2.73647 -2.24181      200
0.427994   0.9572  2.70153 -35.9426      200
0.429036 0.960029  2.71702  14.8633      200
 0.43002 0.962695  2.73575  19.0409      200
0.430986 0.965348  2.71845 -17.8994      200
0.432002 0.968109  2.71715 -1.28187      200
 0.433002  0.970826   2.71672 -0.430571       200
0.434001 0.973504  2.68078 -35.9656      200
0.435002 0.976205  2.69882  18.0258      200
 0.436003  0.978907    2.6987 -0.118071       200
0.436985  0.98154  2.68181 -17.1982      200
0.437983 0.984202  2.66435 -17.4958      200
0.439026 0.986988  2.69887  33.1165      200
0.440006 0.989625  2.66374 -35.8187      200
0.441003 0.992281  2.66455 0.806129      200
0.442004 0.994969  2.68285  18.2841      200
0.443006 0.997601  2.62968  -53.073      200
0.444004 1.00025 2.64889 19.2555     200
0.445004  1.00288  2.63197 -16.9113      200
0.446004 1.00547  2.5977  -34.28     200
0.447003 1.00809 2.61749 19.8066     200
0.447995 1.01067 2.61987 2.40445     200
0.449035 1.01345  2.6545 33.2771     200
0.450014    1.016  2.60304 -52.5865      200
0.451004 1.01858 2.60533 2.31977     200
0.452004  1.0212 2.62493  19.592     200
0.453002 1.02375 2.55521  -69.84     200
0.453986 1.02629 2.57665 21.7981     200
0.454986 1.02888 2.59681 20.1599     200
 0.45599  1.03144  2.54519 -51.4304      200
0.457012    1.034  2.52967 -15.1813      200
0.458005 1.03656  2.5507 21.1614     200
0.459035 1.03919 2.55211 1.36874     200
0.460013  1.0417 2.57382 22.1815     200
0.461005  1.04419  2.50541 -68.9552      200
0.462005  1.04668  2.49144 -13.9728      200
0.46301 1.04917 2.49554 4.08154     200
0.464005  1.05164  2.46386 -31.8377      200
0.465003 1.05412 2.48635 22.5083     200
0.466012  1.05656  2.43707 -48.8601      200
0.466987   1.059 2.47856 42.5541     200
0.467986  1.06145  2.45324 -25.3535      200
0.469036  1.06399    2.426 -25.9362      200
0.469998  1.0664  2.4983 75.1767     200
0.471008  1.06883  2.42493 -72.6315      200
 0.472002   1.07126   2.42432 -0.614228       200
 0.473007   1.07368   2.42378 -0.538283       200
0.474001   1.0761  2.42316 -0.62537      200
  0.47501   1.07853   2.42259 -0.558663       200
0.475986 1.08096 2.47022 48.8386     200
 0.47699  1.08335  2.39769 -72.2378      200
0.478015 1.08584 2.41991 21.6535     200
 0.479025   1.08829   2.41893 -0.969548       200
0.479986  1.09059  2.39655 -23.2924      200
  0.480986    1.09299    2.39651 -0.0369441        200
  0.481986    1.09538    2.39647 -0.0362385        200
 0.483005   1.09783   2.39553 -0.923104       200
0.484012  1.10017  2.34814 -47.0534      200
0.485006 1.10257 2.39638 48.5509     200
0.485987  1.10488  2.34982 -47.4374      200
0.486993 1.10725 2.37446 24.5017     200
 0.488003   1.10967   2.37401 -0.446717       200
0.489042  1.11202  2.27816 -92.2679      200
   0.49 1.11422 2.28204 4.04989     200
0.491008 1.11656 2.33155  49.131     200
0.492004   1.1188  2.23792 -94.0208      200
0.493011 1.12109 2.28844 50.1394     200
0.494004  1.12335  2.26682 -21.7822      200
0.495006   1.1256  2.24556 -21.2169      200
0.496004 1.12785  2.2486  3.0434     200
0.496987  1.13001  2.20482 -44.5112      200
0.497985 1.13222 2.20863 3.80743     200
0.499036 1.13454 2.21016 1.46108     200
0.499982  1.13659  2.16869 -43.8314      200
