        0    0.7702 -0.027602         0         0
0.00101113   0.770201 0.00027635    27.5714       -150
 0.00200486    0.770201 0.000270877 -0.00550753        -150
0.0030005 0.770242 0.041264  41.1728     -150
  0.00398231     0.770242 -0.000546724     -42.5854         -150
  0.00498104     0.770241 -0.000535929    0.0108081         -150
0.00599551   0.770213 -0.0278526    -26.927       -150
0.00699282  0.770226 0.0136965   41.6613      -150
0.00799656   0.770199 -0.0275722   -41.1148       -150
 0.0090034   0.770185 -0.0133631    14.1126       -150
  0.0100224    0.770186 0.000570911     13.6742        -150
  0.0110364    0.770187 0.000559594  -0.0111611        -150
 0.0120254   0.770173 -0.0131174   -13.8297       -150
0.0130169  0.770188 0.0144746   27.8262      -150
 0.0140262   0.770161 -0.0268082   -40.9054       -150
 0.0150294   0.770148 -0.0126121    14.1499       -150
 0.0160246   0.770149 0.00130373    13.9835       -150
 0.0170312   0.770151 0.00127791 -0.0256504       -150
0.0180612   0.77018 0.0285742   26.5021      -150
  0.0190179    0.770181 0.000690216    -29.1438        -150
  0.0200341    0.770182 0.000676359  -0.0136364        -150
 0.0210149   0.770169 -0.0130051   -13.9486       -150
 0.0245926   0.770076 -0.0254241   -3.47121       -150
 0.0250103   0.770077 0.00227779    66.3186       -150
 0.0260272   0.770066 -0.0114319   -13.4824       -150
0.0270317  0.770097 0.0297928   41.0417      -150
 0.0280604   0.770099 0.00186048    -27.151       -150
 0.0290256   0.770101 0.00182507 -0.0366905       -150
 0.0300262   0.770103 0.00178875 -0.0363006       -150
  0.031023   0.770106 0.00175389 -0.0349677       -150
0.0320122  0.770122 0.0153847   13.7796      -150
 0.0330317    0.77011 -0.0122524    -27.109       -150
 0.0340602   0.770112 0.00165978    13.5262       -150
 0.0350187   0.770114 0.00162828 -0.0328632       -150
  0.036006   0.770116 0.00159623 -0.0324621       -150
 0.0370328   0.770118 0.00156413  -0.031265       -150
 0.0380247   0.770106 -0.0121333   -13.8103       -150
0.0390236  0.770135 0.0291059   41.2815      -150
  0.040031   0.770137 0.00119634   -27.7068       -150
 0.0410173   0.770111 -0.0261621   -27.7374       -150
 0.0420179   0.770113 0.00168965    27.8339       -150
 0.0430691   0.770101 -0.0120054   -13.0282       -150
 0.0439997    0.77009 -0.0117811   0.241027       -150
 0.0450108   0.770093 0.00211897     13.747       -150
 0.0460269   0.770068 -0.0252516   -26.9358       -150
 0.0470312   0.770043 -0.0247521   0.497408       -150
 0.0480621   0.770033 -0.0105841     13.743       -150
 0.0490198   0.770036 0.00328818    14.4845       -150
 0.0500226    0.77004 0.00322249  -0.065507       -150
 0.0510147   0.770043 0.00315912 -0.0638754       -150
 0.0519814   0.770046 0.00309818  -0.063034       -150
 0.0530055   0.770036 -0.0106277   -13.4041       -150
 0.0539889   0.769999 -0.0377551   -27.5831       -150
 0.0549912   0.769935 -0.0643415   -26.5251       -150
 0.0559862   0.769899 -0.0357353    28.7523       -150
 0.0570078   0.769823 -0.0760081   -39.4204       -150
  0.058048   0.769788 -0.0334662    40.8971       -150
0.0590003  0.769691 -0.101186  -71.1157      -150
 0.0600021   0.769592 -0.0991779    2.00405       -150
 0.0610032   0.769495 -0.0972179    1.95781       -150
0.0619857  0.769374 -0.122654  -25.8882      -150
0.0630035  0.769239 -0.133858  -11.0081      -150
0.0639994  0.769067 -0.172205  -38.5058      -150
0.0650222  0.768826 -0.237053  -63.4014      -150
0.0659978  0.768612 -0.218782   18.7271      -150
0.0670125 0.768369 -0.24176 -22.6443     -150
0.0680363  0.768068 -0.291462  -48.5483      -150
0.0690005  0.767793 -0.285913   5.75501      -150
0.0699921  0.767488 -0.307619  -21.8903      -150
0.0709996  0.767118 -0.369852  -61.7661      -150
0.0719864  0.766744 -0.376239  -6.47236      -150
 0.073005  0.766315 -0.423335  -46.2391      -150
0.0740006  0.765859 -0.455949   -32.757      -150
0.0750039  0.765385 -0.474262  -18.2535      -150
0.0760069  0.76488 -0.50587 -31.5123     -150
0.0770037  0.764315 -0.564171  -58.4868      -150
0.0780194  0.763711 -0.593791   -29.163      -150
0.0789881  0.763109 -0.623454  -30.6222      -150
 0.080004  0.762431 -0.665531  -41.4177      -150
0.0810006  0.761742 -0.693431  -27.9963      -150
0.0819876  0.761055 -0.693489 -0.058033      -150
0.0830059  0.760269 -0.775215   -80.259      -150
0.0839999  0.759456 -0.814545  -39.5686      -150
0.0849957  0.758615 -0.853329  -38.9449      -150
0.0860014  0.757724 -0.877154  -23.6906      -150
0.0869904   0.75681 -0.928385   -51.803      -150
0.0880091  0.755838 -0.950589  -21.7947      -150
0.0890033 0.754849 -1.00029 -49.9917     -150
0.0899906 0.753808 -1.04897 -49.3108     -150
0.0910053 0.752742 -1.05533 -6.26172     -150
0.0919876 0.751654 -1.10304 -48.5703     -150
0.0930033 0.750503 -1.13557 -32.0317     -150
0.0940058 0.749323 -1.18144 -45.7511     -150
0.0950034 0.748097 -1.22638 -45.0484     -150
   0.096 0.746853 -1.24307 -16.7497     -150
0.0970027 0.745568 -1.28681 -43.6138     -150
0.0980194 0.744255 -1.28817 -1.34482     -150
0.0989871 0.742945 -1.35927 -73.4704     -150
0.0999868 0.741566 -1.37325 -13.9793     -150
0.101003 0.740148 -1.40036 -26.6894     -150
0.101999 0.738693 -1.45463 -54.4809     -150
0.103009 0.737225 -1.46679 -12.0395     -150
0.104011 0.735704 -1.50579 -38.9031     -150
0.105024 0.734189 -1.50306  2.68878     -150
0.106006 0.732655 -1.55572 -53.6375     -150
0.107007 0.731053 -1.60701 -51.2618     -150
0.108001 0.729413 -1.64358 -36.7597     -150
0.109012 0.727753 -1.65187 -8.20457     -150
0.110005 0.726084 -1.67392 -22.2066     -150
0.111009 0.724362 -1.72278 -48.6705     -150
0.112013 0.722663  -1.7024  20.2993     -150
0.113011 0.720946 -1.70955 -7.16638     -150
0.114004 0.719218  -1.7304 -20.9944     -150
0.114995 0.717464 -1.77861 -48.6593     -150
 0.11599 0.715682 -1.78443 -5.84507     -150
 0.11701 0.713847 -1.80315 -18.3523     -150
0.118004 0.712029 -1.82218 -19.1413     -150
0.118974 0.710226 -1.82757  -5.5631     -150
0.120301 0.707817 -1.83484 -5.47589     -150
0.120979 0.706529 -1.86442 -43.5965     -150
0.121973  0.70466 -1.86849 -4.09963     -150
0.123037 0.702682 -1.89826 -27.9643     -150
0.123966  0.70088 -1.88974  9.17827     -150
0.125034 0.698871 -1.91891 -27.3275     -150
 0.12603 0.696952 -1.92195 -3.05206     -150
0.127035 0.695011 -1.93852 -16.4919     -150
0.127985  0.69317 -1.92918   9.8194     -150
0.128996 0.691189 -1.97283 -43.2021     -150
0.130011 0.689238 -1.93341  38.8317     -150
0.130995 0.687292  -1.9638 -30.8697     -150
0.131975 0.685356  -1.9665 -2.75481     -150
0.133001 0.683334 -1.98145 -14.5604     -150
 0.13399 0.681347 -1.99708 -15.8033     -150
0.134992 0.679351 -1.99856 -1.48138     -150
0.135989 0.677323 -2.02732 -28.8641     -150
0.136992 0.675282 -2.04184 -14.4692     -150
0.137975 0.673293  -2.0156  26.7055     -150
0.138989 0.671231  -2.0576 -41.4408     -150
0.140042 0.669053  -2.0694 -11.2077     -150
0.141008  0.66707 -2.07114 -1.80562     -150
0.142015  0.66495 -2.08409 -12.8554     -150
 0.143021  0.662876  -2.08403 0.0597819      -150
 0.14399 0.660837 -2.07071  13.7541     -150
 0.14502 0.658718 -2.08368 -12.5936     -150
 0.14601 0.656652 -2.06983  13.9771     -150
0.147017 0.654594 -2.05613  13.5996     -150
0.148034  0.65246 -2.11063 -53.6077     -150
0.149023 0.650358    -2.11  0.63971     -150
0.150023 0.648239 -2.10901 0.988886     -150
0.151032 0.646111 -2.12178 -12.6653     -150
0.152026 0.643977 -2.13444 -12.7237     -150
0.153031 0.641834 -2.14692 -12.4308     -150
0.154013 0.639726 -2.13221  14.9739     -150
 0.15502 0.637568 -2.15832 -25.9474     -150
0.156013  0.63544 -2.12928  29.2425     -150
0.157025 0.633326 -2.11446  14.6505     -150
0.158062 0.631069 -2.15256 -36.7331     -150
0.159021 0.628975 -2.17994 -28.5424     -150
0.160025 0.626789  -2.1776  2.33063     -150
0.161031 0.624616 -2.17552  2.06442     -150
0.162025  0.62244 -2.17339  2.14026     -150
0.163031 0.620255 -2.18502  -11.563     -150
0.164024 0.618034  -2.2238 -39.0661     -150
 0.16503  0.61581 -2.22071  3.06515     -150
0.166035 0.613593 -2.21774  2.95935     -150
0.167034 0.611374 -2.21473  3.01025     -150
0.168023 0.609161 -2.22581 -11.1982     -150
0.169025 0.606984 -2.18182  43.8757     -150
0.170026 0.604723 -2.24769 -65.8246     -150
0.171008 0.602548 -2.21768  30.5391     -150
0.172004 0.600285 -2.25563 -38.1336     -150
0.173033 0.598019 -2.22379   30.929     -150
0.174025 0.595794  -2.2346 -10.9039     -150
0.175038 0.593546 -2.24497 -10.2329     -150
0.176024 0.591321 -2.22789  17.3041     -150
 0.17703 0.589069 -2.25211 -24.0763     -150
0.178023 0.586811 -2.26227 -10.2292     -150
0.179011 0.584606 -2.24561   16.869     -150
0.180026 0.582318 -2.24121    4.333     -150
0.181031 0.580052 -2.26515 -23.8205     -150
0.182027 0.577762 -2.28859   -23.54     -150
0.183033 0.575491 -2.27061  17.8596     -150
0.184041 0.573213 -2.26641  4.16589     -150
0.185021 0.570975 -2.27696 -10.7567     -150
0.186025 0.568666 -2.28609 -9.09832     -150
0.187032 0.566369 -2.29545 -9.29065     -150
0.188014 0.564119 -2.27787  17.8905     -150
0.189011 0.561806  -2.3148 -37.0623     -150
0.190023 0.559471 -2.30946  5.27184     -150
0.191032 0.557173 -2.29093  18.3711     -150
0.192027 0.554887 -2.28656  4.38429     -150
0.193017 0.552614 -2.31035 -24.0258     -150
0.194026 0.550285  -2.2912  18.9761     -150
0.195034  0.54801 -2.27312  17.9409     -150
0.196025 0.545718 -2.29653 -23.6133     -150
0.197017 0.543471 -2.27902   17.657     -150
0.198023 0.541144 -2.30172 -22.5648     -150
0.199024 0.538856 -2.29732  4.39617     -150
0.200022 0.536543 -2.30636  -9.0605     -150
0.201037 0.534207 -2.31494 -8.45749     -150
0.202014 0.531943 -2.31102  4.01047     -150
0.203004 0.529604 -2.34744 -36.8028     -150
0.204004 0.527281 -2.32838  19.0509     -150
0.204993 0.524981 -2.32373  4.69417     -150
0.206001 0.522616 -2.33174  -7.9422     -150
0.207034 0.520257 -2.31198  19.1334     -150
0.208061 0.517837 -2.34677 -33.8791     -150
0.209015 0.515626  -2.3439  3.01362     -150
 0.21001 0.513245 -2.35159 -7.73288     -150
0.211033 0.510872 -2.34547  5.97961     -150
0.212027   0.5085 -2.35476 -9.34457     -150
 0.213001  0.506215   -2.3547 0.0603014      -150
0.214002 0.503867 -2.33802  16.6682     -150
0.215006 0.501515 -2.35201 -13.9275     -150
0.216002 0.499132 -2.38074 -28.8533     -150
0.216991 0.496804 -2.36444  16.4866     -150
0.218007 0.494383 -2.37705  -12.421     -150
0.219004 0.491992 -2.40562 -28.6426     -150
0.220009 0.489555 -2.43324 -27.4971     -150
0.221022 0.487101 -2.41442  18.5657     -150
0.222029  0.48465 -2.42642 -11.9148     -150
0.223002 0.482298 -2.42502  1.44084     -150
0.224002 0.479851 -2.43708 -12.0695     -150
0.225006 0.477418 -2.43404  3.03358     -150
0.226001 0.474987 -2.43106  2.99772     -150
0.226992 0.472533 -2.48908 -58.5899     -150
0.228005 0.470006 -2.48417  4.84251     -150
0.229007  0.46754 -2.48048  3.68927     -150
0.230004 0.465082 -2.44619  34.3886     -150
0.231026 0.462537 -2.50241 -55.0341     -150
0.231998 0.460098 -2.49926  3.24708     -150
0.233006 0.457606 -2.47966  19.4317     -150
0.234004  0.45511 -2.49074 -11.1007     -150
0.235004 0.452633 -2.48682  3.92147     -150
0.236001 0.450116 -2.51284 -26.0731     -150
0.237005 0.447577 -2.53842 -25.4873     -150
0.238032 0.445037 -2.48711  49.9851     -150
0.239004 0.442564 -2.52938 -43.4791     -150
0.240004 0.440049 -2.50933  20.0505     -150
0.241007 0.437517 -2.53504  -25.628     -150
0.242002 0.435002 -2.51499  20.1565     -150
0.242992 0.432494 -2.54118 -26.4571     -150
0.243985 0.429995 -2.50608  35.3495     -150
0.244991 0.427457 -2.53167 -25.4299     -150
0.245991  0.42497 -2.48143  50.2489     -150
0.247014 0.422389  -2.5523 -69.2378     -150
0.248025 0.419772 -2.56093 -8.54207     -150
0.248991 0.417322 -2.54218  19.3968     -150
0.250003 0.414762 -2.52122  20.7297     -150
0.251006 0.412231 -2.53158 -10.3202     -150
0.252001 0.409694 -2.54183 -10.3043     -150
0.253002 0.407132 -2.56695 -25.0948     -150
 0.25399 0.404609 -2.54672  20.4728     -150
0.254994 0.402052 -2.55656 -9.80522     -150
0.255995 0.399476 -2.58139  -24.804     -150
0.257007 0.396877 -2.55965  21.4717     -150
0.258017 0.394288 -2.55347  6.12012     -150
   0.259 0.391812 -2.51883  35.2634     -150
0.260003 0.389245 -2.55922 -40.2488     -150
0.261006 0.386692 -2.55376  5.44802     -150
0.262002 0.384116 -2.57859 -24.9297     -150
0.263006  0.38157 -2.54254  35.8866     -150
0.264002 0.378988 -2.58262 -40.2614     -150
0.265012 0.376427 -2.56162  20.7896     -150
0.266001 0.373858 -2.57123  -9.7076     -150
0.266991  0.37133 -2.56628  5.00318     -150
0.268006 0.368706 -2.57478 -8.36677     -150
0.269003 0.366152 -2.56931  5.48639     -150
0.270002 0.363568 -2.57861 -9.30025     -150
0.271009 0.360991 -2.57266  5.90395     -150
0.271998 0.358424 -2.58231 -9.75221     -150
0.273006 0.355853 -2.56111  21.0375     -150
0.274008 0.353252 -2.60081 -39.6047     -150
0.275006 0.350683 -2.56428  36.5873     -150
0.276002 0.348126 -2.55876  5.55274     -150
0.276989 0.345554  -2.6144 -56.3457     -150
0.278023 0.342869 -2.59092  22.7187     -150
0.279002 0.340346 -2.58605  4.97232     -150
0.280004 0.337707 -2.62501 -38.8943     -150
0.281004 0.335142 -2.57318   51.782     -150
0.282001 0.332557 -2.58246 -9.31543     -150
0.283011 0.329995 -2.56146  20.7886     -150
0.284002 0.327424 -2.57102  -9.6527     -150
0.284989  0.32487 -2.59628 -25.5912     -150
   0.286 0.322272 -2.55917  36.6858     -150
0.286991 0.319736 -2.56944 -10.3582     -150
0.288016 0.317086 -2.57741 -7.77832     -150
0.288993 0.314586 -2.57301  4.50428     -150
0.290003 0.311965 -2.58157 -8.48068     -150
0.291007 0.309387 -2.57562  5.92804     -150
0.292008 0.306837 -2.55486  20.7424     -150
0.293005  0.30427 -2.56449  -9.6585     -150
0.294003 0.301711 -2.55892  5.58392     -150
0.295004 0.299178 -2.53849  20.3933     -150
   0.296  0.29663 -2.54851 -10.0608     -150
0.296991 0.294077 -2.58917 -41.0461     -150
0.298006 0.291476   -2.552  36.6019     -150
0.299002 0.288917 -2.57717 -25.2624     -150
0.300005 0.286398 -2.51092  66.0694     -150
 0.30103 0.283902 -2.52198 -10.7974     -150
0.302006 0.281319 -2.54669 -25.3068     -150
 0.30299 0.278828 -2.54247  4.28473     -150
0.303985 0.276293 -2.53739  5.11079     -150
0.304989 0.273776 -2.51729  20.0209     -150
   0.306 0.271208 -2.52693 -9.53512     -150
0.307004 0.268655 -2.55223 -25.1973     -150
0.308017 0.266099 -2.51596  35.7989     -150
0.309002 0.263632 -2.51225  3.77533     -150
 0.31001   0.2611 -2.52258 -10.2497     -150
0.311007 0.258582 -2.51784  4.74944     -150
0.312001 0.256074  -2.5133  4.58096     -150
0.313005 0.253532 -2.53882 -25.4006     -150
0.314001 0.251031 -2.50367  35.3221     -150
0.315005 0.248529 -2.49926  4.39202     -150
0.316001 0.246022  -2.5101 -10.8833     -150
 0.31699 0.243578 -2.47611  34.3574     -150
0.318006 0.241062  -2.4714  4.63473     -150
0.319009 0.238579 -2.49811 -26.6214     -150
0.320003 0.236062 -2.50877  -10.725     -150
0.321007 0.233591 -2.47422   34.436     -150
0.322002  0.23112 -2.47044  3.79759     -150
0.323006 0.228668 -2.45165  18.7166     -150
0.324002 0.226173 -2.49348 -41.9723     -150
0.325005 0.223716 -2.45922  34.1589     -150
0.326001  0.22129 -2.42559  33.7655     -150
0.326991 0.218857 -2.46866 -43.5228     -150
0.328013 0.216363 -2.44904  19.1889     -150
0.328991 0.213948 -2.46174  -12.996     -150
0.330004 0.211434 -2.47245 -10.5717     -150
0.331007  0.20901 -2.42349  48.8065     -150
0.332001 0.206594 -2.42082  2.68903     -150
0.333005 0.204176 -2.41808  2.72403     -150
   0.334 0.201778 -2.40039  17.7789     -150
0.335004  0.19938 -2.39807   2.3086     -150
0.336002 0.196949 -2.42583 -27.8329     -150
0.337011 0.194561 -2.39296  32.5855     -150
0.338024 0.192115  -2.3897  3.22361     -150
0.339004 0.189814 -2.35858  31.7523     -150
0.340003  0.18742 -2.38709  -28.512     -150
0.341005 0.185083 -2.33987  47.1554     -150
0.342002 0.182684 -2.39903 -59.3328     -150
0.343004 0.180337 -2.35162  47.3014     -150
0.343987 0.177999 -2.36589 -14.5242     -150
0.345006 0.17563 -2.3334 31.8639    -150
0.346008  0.17327  -2.3626 -29.1452     -150
0.347005 0.170939 -2.33089  31.7952     -150
0.348002  0.16861 -2.32994 0.944989     -150
0.349002 0.166257 -2.35929 -29.3718     -150
0.350004 0.163933 -2.31235  46.8148     -150
0.351012   0.1616  -2.3267 -14.2446     -150
0.352025 0.159278 -2.27981  46.2911     -150
0.353001 0.157018 -2.32636 -47.7143     -150
0.353988 0.154758 -2.28071   46.236     -150
0.354997 0.152464 -2.29586 -15.0185     -150
0.356001 0.150152 -2.27991  15.8962     -150
0.357008 0.147848 -2.29486 -14.8482     -150
0.358019 0.145541 -2.27902  15.6603     -150
0.358999 0.143317 -2.26484  14.4785     -150
 0.360003  0.141043  -2.26502 -0.183005      -150
0.361018  0.13874    -2.28 -14.7569     -150
0.362026 0.136461 -2.24934  30.3962     -150
0.363003 0.134274 -2.25126 -1.96178     -150
0.364008 0.132028 -2.23664  14.5333     -150
0.365007 0.129803 -2.22244  14.2199     -150
0.366001 0.127569  -2.2388 -16.4582     -150
0.366991 0.125373 -2.22519  13.7412     -150
0.368006 0.123076 -2.25568 -30.0441     -150
0.368991  0.12086 -2.25703  -1.3661     -150
0.370003   0.1186 -2.22674  29.9313     -150
0.371032 0.116352 -2.19671   29.172     -150
0.372026 0.114126  -2.2286 -32.1124     -150
0.373017 0.111965 -2.20033  28.5329     -150
0.373988 0.109834 -2.17266   28.495     -150
0.375001 0.107614 -2.18931 -16.4308     -150
   0.376 0.105425  -2.1912 -1.89391     -150
0.377006  0.10323 -2.19299 -1.77208     -150
 0.37802 0.101042 -2.14879  43.5795     -150
 0.379003 0.0989499  -2.13727   11.7209      -150
 0.380002 0.0968033  -2.14003  -2.76097      -150
 0.381005 0.0946776  -2.12784   12.1617      -150
 0.382011 0.0925469  -2.13092  -3.05866      -150
 0.382992 0.0904552  -2.11941   11.7326      -150
 0.384003 0.0883031  -2.12206   -2.6264      -150
 0.385006 0.0862101  -2.09515   26.8322      -150
 0.386001 0.0840938   -2.1139   -18.841      -150
 0.387006 0.0820068  -2.08711   26.6538      -150
 0.388015 0.0799194  -2.06032   26.5359      -150
 0.389002 0.0778874  -2.06539   -5.1352      -150
 0.390002 0.0757964  -2.08464  -19.2538      -150
 0.390999 0.0737495  -2.07404   10.6451      -150
 0.392002 0.0716578  -2.06254   11.4623      -150
 0.393007 0.0696211  -2.03677   25.6418      -150
 0.394002 0.0675665  -2.05676  -20.0966      -150
 0.395006 0.0654879  -2.07626  -19.4153      -150
 0.396001 0.0634999  -1.98998   86.7626      -150
 0.397003 0.0614629  -2.04108  -50.9751      -150
 0.398024 0.0594147   -1.9997   40.5195      -150
 0.399002 0.0574758  -1.99127   8.61723      -150
0.400009 0.055486 -1.98182  9.38503     -150
 0.400992 0.0535131  -2.00346   -22.011      -150
0.402001 0.051491 -1.99336   10.005     -150
0.403004 0.049509 -1.98407  9.26115     -150
 0.404003 0.0475281   -1.9748   9.27819      -150
 0.405004 0.0455534  -1.98103  -6.22263      -150
 0.406001 0.0435944  -1.95683   24.2722      -150
 0.407005 0.0416293  -1.96326  -6.40154      -150
 0.408018 0.0396589  -1.93883   24.1145      -150
 0.409015 0.0377404  -1.94619  -7.38497      -150
 0.410008 0.0357515  -1.98288  -36.9517      -150
0.410994 0.033885 -1.89907    84.96     -150
 0.411987 0.0319821  -1.90674  -7.73556      -150
 0.413001 0.0300642  -1.89875   7.87909      -150
 0.414001 0.0281219  -1.93639  -37.6384      -150
0.415007  0.02622 -1.89797   38.215     -150
0.416001 0.024303 -1.92074 -22.9096     -150
 0.417005 0.0224036  -1.89774   22.9002      -150
 0.418028 0.0204777  -1.88959   7.96351      -150
 0.419003 0.0186642  -1.85295   37.5707      -150
 0.420003 0.0167989   -1.8614  -8.44853      -150
 0.421005 0.0149594  -1.83961   21.7252      -150
 0.422024 0.0130552  -1.86265  -22.6123      -150
 0.423005 0.0112285  -1.87186   -9.3901      -150
  0.424004 0.00940162   -1.81958    52.3717       -150
  0.425006 0.00757472    -1.8288   -9.19037       -150
  0.426001 0.00573879   -1.83783   -9.08199       -150
 0.427011 0.0038772  -1.86172  -23.6436      -150
  0.428024 0.00201242   -1.82405    37.2036       -150
   0.429002 0.000224856    -1.83405    -10.2273        -150
   0.430002 -0.00160851    -1.82776     6.28745        -150
  0.431006 -0.0034456   -1.83678   -8.97518       -150
      0.432 -0.00528935    -1.84565    -8.92551        -150
   0.432991 -0.00707314    -1.80962     36.3843        -150
   0.434002 -0.00890376    -1.80339     6.15808        -150
  0.435005 -0.0107471   -1.84302    -39.504       -150
  0.436007 -0.0125836   -1.83667    6.33758       -150
  0.437004 -0.0143821   -1.80034    36.4646       -150
  0.438017 -0.0162209   -1.80932   -8.86547       -150
  0.439002 -0.0179904   -1.80432    5.08169       -150
  0.440002 -0.0197962   -1.79859    5.72818       -150
  0.441006 -0.0216047   -1.80818   -9.55299       -150
  0.442001 -0.0234071   -1.80251    5.68985       -150
  0.443008 -0.0252207     -1.812   -9.41647       -150
  0.444003 -0.0269971   -1.77611    36.0777       -150
  0.444996 -0.0287549   -1.78672   -10.6752       -150
  0.446002 -0.0305627   -1.78095     5.7356       -150
  0.447008 -0.0323271   -1.76068    20.1496       -150
  0.448041 -0.0341767   -1.78484   -23.3805       -150
   0.44899 -0.0358343   -1.75135    35.2809       -150
  0.450001 -0.0376053   -1.74633    4.97012       -150
  0.451007 -0.0393642   -1.75692   -10.5312       -150
     0.452 -0.0411598   -1.79751   -40.8711       -150
  0.453004 -0.0429367   -1.77699    20.4395       -150
  0.454006 -0.0446917   -1.75691    20.0301       -150
   0.45499 -0.0464513   -1.78285   -26.3665       -150
  0.455986 -0.0481987   -1.74755    35.4466       -150
  0.457004 -0.0499659    -1.7426    4.86146       -150
  0.458014 -0.0517418   -1.75286    -10.151       -150
0.459001 -0.05338 -1.65827  95.8233     -150
  0.460002 -0.0551108   -1.73093    -72.573       -150
  0.460991 -0.0568435   -1.75741   -26.7863       -150
  0.462002 -0.0585916    -1.7221    34.9334       -150
  0.463023 -0.0603114   -1.70273    18.9706       -150
  0.464003 -0.0620089   -1.71456   -12.0685       -150
  0.465004 -0.0637028   -1.69571    18.8116       -150
  0.466002 -0.0653648   -1.66214    33.6737       -150
  0.466991 -0.0670459   -1.70504    -43.347       -150
  0.468005 -0.0687451   -1.67071    33.8436       -150
  0.469002 -0.0704648   -1.72821    -57.668       -150
  0.470002 -0.0721619   -1.69393    34.2937       -150
  0.471012 -0.0738611   -1.69035    3.53988       -150
   0.47201 -0.0755262   -1.67209    18.3135       -150
  0.473009 -0.0771534   -1.62384    48.2734       -150
  0.474002 -0.0788473   -1.69724    -73.933       -150
  0.475006 -0.0805259    -1.6787    18.4532       -150
  0.476001 -0.0821998   -1.67564    3.08346       -150
  0.477004 -0.0838556   -1.65756    18.0217       -150
 0.478006 -0.085517  -1.65475   2.80854      -150
  0.479003 -0.0871447   -1.63724    17.5507       -150
  0.480002 -0.0887842   -1.63487    2.37344       -150
  0.481011 -0.0904321    -1.6477   -12.7168       -150
  0.482019 -0.0920879   -1.62963    17.9288       -150
 0.483003 -0.093685  -1.62811   1.54357      -150
  0.484002 -0.0953174   -1.62588    2.23035       -150
   0.48499 -0.0969006   -1.60927    16.8207       -150
  0.486002 -0.0985334   -1.60704     2.2044       -150
 0.487007 -0.100139  -1.60535   1.68024      -150
 0.488027 -0.101795  -1.61803  -12.4313      -150
 0.488991 -0.103321  -1.58721    31.988      -150
  0.49001 -0.104932  -1.58541   1.76289      -150
 0.491007 -0.106484  -1.55405   31.4461      -150
 0.492002 -0.108053  -1.56849  -14.5163      -150
 0.493005 -0.109634  -1.58267  -14.1401      -150
 0.494001 -0.111185  -1.55133   31.4589      -150
 0.495006 -0.112736  -1.55075  0.574165      -150
 0.496001 -0.114256  -1.52005   30.8319      -150
  0.49699 -0.115798  -1.56575  -46.2247      -150
 0.498006 -0.117346   -1.5191   45.9236      -150
 0.499008 -0.118883  -1.54954  -30.3986      -150
 0.500002 -0.120408  -1.51874   30.9835      -150
 0.501008 -0.121944  -1.53384  -15.0067      -150
0.501998 -0.12344 -1.50362  30.5272     -150
 0.503006 -0.124919  -1.47373   29.6598      -150
    0.504 -0.126376  -1.45968   14.1433      -150
0.505006 -0.12787 -1.49099 -31.1093     -150
 0.506001 -0.129301  -1.43133   59.9511      -150
 0.507004 -0.130718  -1.41809   13.2068      -150
 0.508018 -0.132169   -1.4349  -16.5787      -150
 0.509002 -0.133557  -1.40685    28.513      -150
 0.510003 -0.134987  -1.42409  -17.2289      -150
 0.511006 -0.136368  -1.38083   43.1155      -150
    0.512 -0.137687  -1.32342   57.7792      -150
 0.513003 -0.139015  -1.32736  -3.92203      -150
 0.513998 -0.140345  -1.33124  -3.90277      -150
 0.515005 -0.141668  -1.31987   11.2955      -150
    0.516 -0.142946  -1.27869   41.3887      -150
0.516995 -0.14421 -1.28389 -5.21924     -150
 0.518005 -0.145477  -1.24292   40.5932      -150
 0.519005 -0.146704   -1.2335   9.41795      -150
 0.520003 -0.147947  -1.23914  -5.65011      -150
 0.521006 -0.149161  -1.21463   24.4262      -150
0.522001 -0.15035 -1.19061  24.1669     -150
 0.523006 -0.151563  -1.21222  -21.5013      -150
 0.524003 -0.152708  -1.14298    69.459      -150
 0.525005 -0.153827  -1.12037   22.5574      -150
 0.526008 -0.154955  -1.12833  -7.93218      -150
 0.526993 -0.156077  -1.13641  -8.21327      -150
 0.528008 -0.157211  -1.11351   22.5513      -150
 0.528991 -0.158237  -1.04666   67.9934      -150
 0.530003 -0.159355  -1.10096  -53.6695      -150
 0.531006 -0.160434  -1.07916   21.7331      -150
 0.532002 -0.161491  -1.05781   21.4304      -150
 0.533007 -0.162529  -1.03685   20.8813      -150
0.534003 -0.16356 -1.03139  5.48235     -150
 0.535012 -0.164556 -0.995895   35.1666      -150
    0.536 -0.165529 -0.976232   19.8966      -150
 0.537005 -0.166504 -0.971912   4.29613      -150
 0.538025 -0.167462  -0.93718    34.061      -150
 0.539004 -0.168388 -0.949213  -12.2889      -150
 0.540002 -0.169335 -0.945448   3.77324      -150
 0.541006 -0.170292 -0.956868  -11.3717      -150
 0.542017 -0.171242 -0.937676   18.9984      -150
    0.543 -0.172142 -0.919496   18.4811      -150
  0.54401 -0.173052 -0.901127   18.1841      -150
 0.544991  -0.17398 -0.943855  -43.5943      -150
 0.546002 -0.174872 -0.879704   63.4449      -150
 0.547006 -0.175766 -0.892404  -12.6441      -150
 0.548015 -0.176636 -0.859454    32.672      -150
 0.549001 -0.177465 -0.842706   16.9717      -150
 0.550003 -0.178309 -0.841023   1.68108      -150
 0.551022 -0.179191 -0.869341  -27.7842      -150
 0.552006 -0.180018  -0.83726   32.6202      -150
 0.553011 -0.180851   -0.8358   1.45306      -150
 0.553987 -0.181674 -0.834553   1.27634      -150
 0.554991 -0.182521 -0.848185  -13.5804      -150
    0.556 -0.183364 -0.831157   16.8682      -150
 0.557004 -0.184209 -0.844835  -13.6341      -150
 0.558019 -0.185021 -0.797678   46.4306      -150
 0.558999 -0.185832 -0.827411  -30.3583      -150
 0.560003  -0.18663 -0.795909   31.3773      -150
 0.561007 -0.187426 -0.795205  0.701281      -150
 0.562009 -0.188221 -0.794526  0.677942      -150
 0.563007 -0.188969 -0.748669   45.9473      -150
 0.564001 -0.189732 -0.763999  -15.4195      -150
 0.565005 -0.190467 -0.733788    30.084      -150
 0.566001 -0.191186 -0.719256   14.5856      -150
 0.566992 -0.191882   -0.7052   14.1892      -150
 0.568006 -0.192615 -0.721147  -15.7349      -150
 0.568991 -0.193339 -0.737266   -16.362      -150
 0.570005 -0.194028 -0.677209   59.2284      -150
 0.571028 -0.194685 -0.648571   27.9861      -150
 0.572001 -0.195294 -0.620896   28.4291      -150
 0.573007  -0.19598 -0.683899  -62.6782      -150
 0.574002 -0.196636 -0.655288     28.75      -150
 0.575006 -0.197278 -0.642313    12.914      -150
 0.576003 -0.197938  -0.65972    -17.47      -150
 0.577006 -0.198539  -0.60146   58.0976      -150
 0.578005 -0.199131 -0.589515    11.952      -150
 0.579002 -0.199749 -0.623135  -33.7187      -150
 0.580009 -0.200378 -0.625816  -2.66462      -150
 0.581005  -0.20096 -0.583297   42.6646      -150
    0.582 -0.201547 -0.586818  -3.53676      -150
 0.583014 -0.202126 -0.575116   11.5479      -150
 0.584012 -0.202706 -0.578774  -3.66432      -150
 0.585013 -0.203265 -0.567496   11.2658      -150
 0.585999 -0.203837 -0.571308  -3.86464      -150
 0.586996 -0.204424 -0.590201  -18.9671      -150
 0.587984 -0.204969 -0.548443   42.2345      -150
 0.589017 -0.205517 -0.537379     10.71      -150
 0.590003 -0.206072 -0.556899  -19.8144      -150
 0.591007 -0.206603 -0.530803   25.9804      -150
    0.592 -0.207108 -0.505243   25.7336      -150
 0.593005 -0.207618 -0.510308  -5.03988      -150
 0.594002 -0.208149 -0.530322  -20.0769      -150
 0.595014 -0.208656   -0.5047   25.3153      -150
 0.596001 -0.209163 -0.509837  -5.20519      -150
 0.596996 -0.209675 -0.514882   -5.0721      -150
 0.598005 -0.210181 -0.504647    10.142      -150
 0.598999 -0.210675 -0.494673   10.0384      -150
 0.599988 -0.211141 -0.469884   25.0598      -150
 0.601032 -0.211663 -0.505479  -34.0699      -150
 0.602028 -0.212159 -0.495452   10.0737      -150
 0.603033 -0.212629  -0.47059   24.7334      -150
 0.604027  -0.21306 -0.431133   39.7061      -150
 0.605032 -0.213513 -0.452734  -21.4847      -150
 0.606061 -0.213987 -0.458543  -5.64627      -150
 0.607045 -0.214424 -0.449706   8.98315      -150
 0.608018  -0.21486 -0.440907   9.04332      -150
 0.609015 -0.215287  -0.43228   8.65018      -150
 0.610023 -0.215717 -0.423584   8.62309      -150
 0.611032 -0.216163 -0.445328  -21.5608      -150
 0.612031 -0.216602 -0.436456   8.87856      -150
  0.61302 -0.217008 -0.412887   23.8265      -150
 0.614025 -0.217478 -0.464896   -51.753      -150
 0.615032 -0.217889 -0.410471   54.0417      -150
 0.616022 -0.218255 -0.372321   38.5669      -150
 0.617033 -0.218657 -0.394965  -22.3897      -150
 0.618058 -0.219055 -0.386912   7.85304      -150
 0.619027 -0.219421 -0.379532   7.62269      -150
 0.620017 -0.219761 -0.341898   37.9897      -150
 0.621044 -0.220149 -0.380201  -37.3096      -150
 0.622005 -0.220498 -0.357787   23.3344      -150
 0.623007 -0.220863 -0.365786  -7.97888      -150
 0.624001 -0.221191 -0.328411   37.5932      -150
 0.625013 -0.221528 -0.336971  -8.46068      -150
 0.626001 -0.221858 -0.330304   6.74658      -150
 0.626991 -0.222177 -0.323855   6.51931      -150
  0.62802 -0.222518  -0.33235   -8.2514      -150
 0.629009 -0.222826 -0.310756   21.8246      -150
 0.630006 -0.223161 -0.334729  -24.0605      -150
 0.631007 -0.223473 -0.313051   21.6429      -150
 0.631999 -0.223764 -0.291795    21.432      -150
 0.633006 -0.224081 -0.316144  -24.1893      -150
 0.634036 -0.224397 -0.309772   6.18363      -150
 0.635035 -0.224715 -0.318702  -8.94376      -150
 0.636026 -0.224982 -0.267194   51.9456      -150
  0.63703 -0.225289 -0.307118  -39.7753      -150
 0.638062 -0.225585 -0.285762   20.7014      -150
 0.639024 -0.225882 -0.310496  -25.7177      -150
 0.640022 -0.226172 -0.289255   21.2837      -150
 0.641009 -0.226437 -0.268524    21.003      -150
 0.642028 -0.226736 -0.293246  -24.2609      -150
 0.643041 -0.226978  -0.24223   50.3468      -150
 0.644012 -0.227241 -0.267653  -26.1863      -150
 0.645018 -0.227504 -0.262353   5.26848      -150
 0.646026 -0.227811 -0.302284  -39.6029      -150
 0.647033 -0.228107 -0.296292   5.94731      -150
 0.648024 -0.228351 -0.245238   51.5245      -150
 0.649015 -0.228618 -0.270597  -25.5868      -150
 0.650028 -0.228873 -0.250066   20.2712      -150
 0.651035 -0.229118 -0.245115   4.91997      -150
 0.652035 -0.229358 -0.240275   4.83986      -150
 0.653033 -0.229624 -0.265647  -25.4034      -150
 0.654026 -0.229869 -0.245322   20.4775      -150
 0.655019 -0.230091 -0.225461   20.0013      -150
 0.656026 -0.230331 -0.236002  -10.4623      -150
 0.657033 -0.230547 -0.216254    19.623      -150
 0.658062 -0.230797 -0.241957  -24.9608      -150
0.659021 -0.23101 -0.22228  20.5346     -150
 0.660027  -0.23126 -0.247995  -25.5584      -150
  0.66104 -0.231488  -0.22801   19.7237      -150
 0.662029 -0.231742  -0.25363  -25.9188      -150
 0.663033  -0.23196 -0.218478   35.0047      -150
 0.664029 -0.232174 -0.214143   4.35299      -150
 0.665036   -0.2324 -0.224967  -10.7408      -150
 0.666029  -0.23259 -0.190374   34.8539      -150
 0.667022 -0.232789 -0.201728  -11.4403      -150
 0.668023 -0.232973 -0.182637   19.0652      -150
 0.669022 -0.233196  -0.22425  -41.6558      -150
 0.670038 -0.233387 -0.189625   34.0915      -150
  0.67103 -0.233617 -0.231104  -41.7813      -150
 0.672012 -0.233811 -0.196436   35.3198      -150
 0.673035 -0.234023 -0.207543  -10.8524      -150
 0.674028 -0.234211 -0.188368   19.3195      -150
 0.675036 -0.234426 -0.214773  -26.2007      -150
 0.676028 -0.234636  -0.21053   4.27844      -150
 0.677032 -0.234827  -0.19129   19.1583      -150
 0.678024 -0.235014 -0.187522   3.79892      -150
 0.679034 -0.235182 -0.168746   18.5955      -150
 0.680022 -0.235378 -0.195536  -27.1026      -150
 0.681032 -0.235555 -0.176584   18.7662      -150
 0.682028 -0.235759  -0.20322  -26.7462      -150
 0.683032 -0.235957 -0.199203    4.0002      -150
 0.684026 -0.236123 -0.165119   34.2831      -150
 0.685032 -0.236284  -0.16185   3.25097      -150
 0.686006 -0.236455 -0.173778  -12.2477      -150
 0.687028 -0.236674 -0.215484  -40.7945      -150
 0.688072 -0.236846 -0.165861    47.541      -150
 0.689025  -0.23703 -0.192872  -28.3375      -150
 0.690028 -0.237176 -0.143807   48.8932      -150
 0.691034 -0.237332 -0.156033  -12.1565      -150
 0.692027  -0.23747 -0.137873   18.2825      -150
 0.693034  -0.23765 -0.180349  -42.2068      -150
 0.694028 -0.237842 -0.191848  -11.5631      -150
 0.695033 -0.238045 -0.203126  -11.2285      -150
 0.696028 -0.238199 -0.153888   49.4662      -150
 0.697042 -0.238365 -0.165917  -11.8628      -150
 0.698018 -0.238511 -0.147587   18.7742      -150
 0.699022 -0.238686 -0.174803  -27.1279      -150
      0.7 -0.238855 -0.171383    3.4972      -150
0.700983 -0.23902 -0.16805  3.38846     -150
 0.701992 -0.239172 -0.149609    18.277      -150
 0.703001 -0.239319 -0.146641   2.94209      -150
 0.703999 -0.239448 -0.128662   18.0233      -150
 0.704997 -0.239633 -0.186406  -57.8309      -150
 0.705986 -0.239784 -0.152625   34.1495      -150
 0.706996 -0.239905 -0.119423    32.875      -150
 0.707992 -0.240067  -0.16227  -43.0247      -150
 0.708994 -0.240241  -0.17413  -11.8382      -150
 0.709996 -0.240382 -0.140534   33.5433      -150
 0.711001  -0.24055 -0.167887   -27.206      -150
 0.711993 -0.240714 -0.164569   3.34362      -150
 0.712996 -0.240876  -0.16131   3.25016      -150
 0.713993 -0.241019 -0.143047   18.3218      -150
 0.715003 -0.241159 -0.140211   2.80576      -150
 0.715993 -0.241312 -0.152507  -12.4246      -150
  0.71698 -0.241459 -0.149536    3.0123      -150
 0.717983 -0.241576 -0.116425   32.9953      -150
 0.718996 -0.241752 -0.174363  -57.1927      -150
 0.719995 -0.241908 -0.155838   18.5398      -150
 0.720994 -0.242075 -0.167834  -12.0144      -150
  0.72199 -0.242195 -0.119302   48.7333      -150
 0.722994 -0.242342 -0.147076  -27.6508      -150
 0.723996 -0.242501 -0.159237  -12.1382      -150
 0.724993 -0.242612 -0.110875   48.5275      -150
  0.725992  -0.242706 -0.0936055     17.283       -150
 0.726979 -0.242826 -0.121924  -28.6757      -150
 0.727982 -0.242946 -0.119502    2.4159      -150
  0.72899 -0.243093 -0.147265  -27.5413      -150
 0.730031 -0.243212 -0.114111   31.8209      -150
 0.731034 -0.243353 -0.141999   -27.817      -150
 0.732027 -0.243508 -0.154259  -12.3465      -150
 0.733045 -0.243644 -0.136123   17.8142      -150
 0.734028 -0.243807 -0.163577  -27.9349      -150
 0.735059 -0.243941 -0.130131   32.4197      -150
 0.736007 -0.244063 -0.127654    2.6154      -150
 0.737036 -0.244206 -0.140151  -12.1449      -150
 0.738063 -0.244348 -0.137288   2.78781      -150
  0.73903 -0.244492 -0.149747   -12.884      -150
 0.740024 -0.244623  -0.13171   18.1381      -150
 0.741034 -0.244753 -0.129091   2.59314      -150
 0.742038 -0.244895 -0.141604  -12.4694      -150
  0.74304 -0.245034 -0.138787   2.81115      -150
  0.74403 -0.245155 -0.120976   17.9874      -150
 0.745021 -0.245257 -0.103547   17.5902      -150
  0.74603 -0.245375 -0.116532  -12.8721      -150
 0.747036 -0.245489 -0.114226   2.29164      -150
 0.748024 -0.245601 -0.111978   2.27506      -150
  0.749028  -0.245695 -0.0946907    17.2142       -150
 0.750031 -0.245819  -0.12294  -28.1773      -150
 0.751043 -0.245925 -0.105438   17.2927      -150
 0.752027 -0.246028 -0.103354   2.11668      -150
 0.753035 -0.246159 -0.131445  -27.8735      -150
 0.754027 -0.246288 -0.128845   2.62095      -150
  0.75502 -0.246428 -0.141398  -12.6414      -150
 0.756014 -0.246566 -0.138598   2.81666      -150
  0.757034  -0.246658 -0.0906131    47.0684       -150
 0.758067 -0.246781 -0.118881  -27.3506      -150
 0.759022 -0.246907 -0.131706  -13.4376      -150
 0.760036 -0.247022 -0.114014   17.4355      -150
  0.761034  -0.247119 -0.0966843     17.364       -150
  0.76203 -0.247229 -0.109836  -13.2028      -150
 0.763036 -0.247337 -0.107663   2.16099      -150
 0.764031 -0.247442 -0.105527   2.14664      -150
 0.765033  -0.24753 -0.088375   17.1204      -150
  0.766029  -0.247617 -0.0866236    1.75873       -150
 0.767021 -0.247731 -0.115074  -28.6708      -150
 0.768023 -0.247844 -0.112782   2.28824      -150
 0.769024 -0.247998 -0.155787  -42.9265      -150
  0.770032  -0.248093 -0.0923692    62.9421       -150
 0.771035 -0.248243 -0.150828  -58.2966      -150
 0.772039 -0.248377 -0.132753   17.9953      -150
 0.773034 -0.248491 -0.115072   17.7715      -150
  0.77403 -0.248649 -0.157999  -43.1156      -150
  0.775035  -0.248744 -0.0945942    63.0785       -150
  0.776029  -0.248836 -0.0927195     1.8861       -150
  0.77702 -0.248956 -0.121057  -28.6055      -150
 0.778033 -0.249075 -0.118638   2.38672      -150
 0.779029 -0.249177 -0.101219   17.4909      -150
  0.780034  -0.249277 -0.0991933    2.01594       -150
 0.781032 -0.249404 -0.127382  -28.2312      -150
  0.78203 -0.249514 -0.109783    17.634      -150
 0.783035 -0.249636 -0.122683  -12.8401      -150
  0.784026  -0.249711 -0.0750488    48.0504       -150
 0.785073 -0.249819 -0.103633  -27.3162      -150
 0.786004 -0.249943 -0.131863  -30.3291      -150
  0.787043  -0.250044 -0.0990549    31.5757       -150
 0.788065 -0.250191 -0.142221  -42.2329      -150
 0.789028 -0.250311 -0.124444    18.461      -150
  0.790023  -0.250403 -0.0918384    32.7483       -150
  0.791034  -0.250493 -0.0900105    1.80771       -150
 0.792027 -0.250581  -0.08823   1.79477      -150
  0.793036  -0.250668 -0.0864798    1.73384       -150
  0.794029  -0.250738 -0.0696974    16.8923       -150
0.795072 -0.25084  -0.0984 -27.5423     -150
 0.796015 -0.250946 -0.111626  -14.0152      -150
  0.79702 -0.251055 -0.109413    2.2014      -150
 0.798023 -0.251194 -0.137366  -27.8755      -150
 0.799028 -0.251328 -0.134646   2.70776      -150
  0.80003 -0.251431 -0.101822   32.7486      -150
 0.801042 -0.251562 -0.129931   -27.774      -150
 0.802029 -0.251688 -0.127376   2.58916      -150
 0.803035 -0.251783 -0.094715   32.4549      -150
 0.804028 -0.251891 -0.107913  -13.3006      -150
  0.805042  -0.251981 -0.0907045    16.9672       -150
  0.806013  -0.252069 -0.0889369    1.82062       -150
  0.807036  -0.252158 -0.0871444    1.75173       -150
 0.808067 -0.252262 -0.100424  -12.8838      -150
   0.80903  -0.252356 -0.0985178    1.97803       -150
  0.810009  -0.252437 -0.0815132    17.3661       -150
  0.811038  -0.252518 -0.0798722    1.59584       -150
 0.812029 -0.252626 -0.108434  -28.8178      -150
 0.813062 -0.252763 -0.136423  -27.0811      -150
 0.814078 -0.252868 -0.103554   32.3468      -150
  0.815075  -0.252954 -0.0864379     17.171       -150
 0.816051 -0.253067 -0.114898  -29.1642      -150
 0.81706 -0.25318 -0.11262  2.25843     -150
 0.818024  -0.25329 -0.110394   2.30781      -150
  0.819028  -0.253353 -0.0630027     47.215       -150
  0.820027   -0.25343 -0.0768167   -13.8183       -150
  0.821035   -0.25349 -0.0602232    16.4691       -150
  0.822029  -0.253564 -0.0741005   -13.9615       -150
  0.823028  -0.253651 -0.0877267   -13.6337       -150
  0.824028  -0.253738 -0.0859676    1.76009       -150
  0.825035  -0.253837 -0.0993329   -13.2683       -150
  0.826029   -0.25392 -0.0822964    17.1481       -150
 0.827021 -0.254029 -0.110831  -28.7492      -150
  0.828024  -0.254108 -0.0784838     32.265       -150
 0.829028 -0.254215 -0.107069  -28.4653      -150
 0.830029 -0.254321 -0.104936    2.1316      -150
 0.831036 -0.254424 -0.102857   2.06458      -150
 0.832038 -0.254525 -0.100822   2.03042      -150
  0.833019  -0.254622 -0.0988572    2.00158       -150
  0.834028   -0.25472 -0.0968685      1.972       -150
  0.835035  -0.254815 -0.0949505    1.90495       -150
 0.836035 -0.254939 -0.123194  -28.2258      -150
  0.837033  -0.255029 -0.0906304    32.6442       -150
 0.838065 -0.255121 -0.088772   1.80017      -150
   0.83903  -0.255205 -0.0870857    1.74766       -150
  0.840027  -0.255291 -0.0853545    1.73672       -150
 0.841042 -0.255405 -0.113802  -28.0413      -150
 0.842016 -0.255485  -0.08143   33.2052      -150
  0.843028  -0.255565 -0.0798097     1.6017       -150
  0.844014  -0.255643 -0.0782433    1.58927       -150
  0.845018   -0.25572 -0.0766941    1.54197       -150
 0.846029 -0.255826 -0.105288  -28.3056      -150
 0.847034  -0.25593 -0.103203   2.07347      -150
 0.848022 -0.256045 -0.116244  -13.1965      -150
  0.849019  -0.256128 -0.0838209    32.5496       -150
   0.85004  -0.256196 -0.0670631    16.4031       -150
 0.851038 -0.256307 -0.110944  -43.9999      -150
  0.85203 -0.256356  -0.04847   62.9291      -150
 0.853024 -0.256477 -0.122879  -74.8967      -150
  0.854019  -0.256568 -0.0903047     32.725       -150
 0.855035 -0.256672 -0.103569  -13.0536      -150
  0.856014  -0.256743 -0.0714028    32.8499       -150
  0.857029  -0.256828 -0.0850462   -13.4456       -150
  0.858069    -0.2569 -0.0682261    16.1735       -150
 0.859037 -0.257007 -0.112157  -45.4068      -150
   0.86003  -0.257057 -0.0496497    62.9322       -150
  0.861033  -0.257136 -0.0788085   -29.0708       -150
 0.862029 -0.257243 -0.107388  -28.7043      -150
 0.863035 -0.257364 -0.120326  -12.8507      -150
 0.864028 -0.257466 -0.102878   17.5707      -150
  0.865037  -0.257552 -0.0857675    16.9703       -150
  0.866027  -0.257621 -0.0690043    16.9217       -150
   0.86702  -0.257718 -0.0977988    -29.004       -150
  0.868033  -0.257814 -0.0958468    1.92682       -150
  0.869028  -0.257893 -0.0788777    17.0557       -150
  0.870062  -0.257989 -0.0923226   -13.0025       -150
   0.87101  -0.258075 -0.0905887    1.82998       -150
  0.872013  -0.258164 -0.0887862    1.79582       -150
  0.873014  -0.258251 -0.0870278    1.75766       -150
  0.874029  -0.258338 -0.0852774    1.72421       -150
  0.875035  -0.258391 -0.0534508    31.6253       -150
 0.876027 -0.258504 -0.112674  -59.7407      -150
  0.877042  -0.258584 -0.0802982    31.8994       -150
  0.878023  -0.258663 -0.0787192    1.60866       -150
  0.879014  -0.258739 -0.0771819    1.55071       -150
   0.88001  -0.258815 -0.0756508    1.53779       -150
 0.881038 -0.258921 -0.104255  -27.8294      -150
  0.882028  -0.259008 -0.0871264    17.2943       -150
  0.883037  -0.259094 -0.0853977    1.71377       -150
  0.884028  -0.259177 -0.0837116    1.70203       -150
  0.885097  -0.259264 -0.0819525    1.64586       -150
  0.886027  -0.259353 -0.0955261   -14.5905       -150
  0.887035  -0.259417 -0.0634762    31.7945       -150
  0.888023  -0.259509 -0.0923709   -29.2526       -150
 0.889012 -0.259612 -0.105647   -13.424      -150
  0.890025  -0.259703 -0.0884468    16.9666       -150
  0.891012  -0.259774 -0.0716417    17.0337       -150
 0.892027  -0.25986 -0.085271  -13.4286      -150
  0.893034  -0.259959 -0.0986485   -13.2834       -150
  0.894028  -0.260056 -0.0966971    1.96229       -150
 0.895043 -0.260166  -0.10985  -12.9594      -150
  0.896027  -0.260258 -0.0926093    17.5263       -150
   0.89702  -0.260348 -0.0908008    1.82127       -150
  0.898023  -0.260437 -0.0889868    1.80893       -150
  0.899028  -0.260494 -0.0570869    31.7509       -150
  0.900028  -0.260581 -0.0860858   -28.9803       -150
  0.901036  -0.260681 -0.0994453    -13.253       -150
  0.902027  -0.260778 -0.0974842     1.9787       -150
  0.903034  -0.260859 -0.0804839    16.8848       -150
  0.904038  -0.260922 -0.0638193    16.6065       -150
  0.905019  -0.261014 -0.0927184   -29.4417       -150
 0.906013 -0.261165 -0.151163  -58.8418      -150
  0.907035  -0.261239 -0.0727841    76.6306       -150
  0.908065  -0.261313 -0.0712944    1.44741       -150
  0.909027   -0.26138 -0.0699401    1.40671       -150
  0.910028  -0.261464 -0.0836156   -13.6602       -150
  0.911034  -0.261531 -0.0668903    16.6313       -150
  0.912033  -0.261597 -0.0655593    1.33267       -150
  0.913039   -0.26169 -0.0944275   -28.6856       -150
  0.914029  -0.261768 -0.0774658    17.1345       -150
  0.915034  -0.261829 -0.0608649    16.5155       -150
  0.916028  -0.261904 -0.0747295   -13.9588       -150
  0.917033  -0.261977 -0.0732481    1.47271       -150
  0.918022  -0.262063 -0.0868785   -13.7925       -150
  0.919027  -0.262133 -0.0700901     16.702       -150
  0.920029  -0.262203 -0.0686898    1.39699       -150
  0.921036   -0.26227 -0.0673298    1.35081       -150
  0.922036  -0.262336 -0.0659992    1.33007       -150
  0.923033  -0.262431 -0.0948314   -28.9171       -150
 0.924028 -0.262554 -0.123091  -28.4176      -150
 0.925035 -0.262615 -0.060373   62.3068      -150
  0.926027  -0.262674 -0.0591812    1.20125       -150
  0.927019  -0.262716 -0.0429528    16.3466       -150
  0.928021  -0.262804 -0.0873022   -44.2577       -150
 0.929017 -0.262904  -0.10066  -13.4198      -150
   0.93003  -0.262989 -0.0835644    16.8797       -150
  0.931041  -0.263041 -0.0517729    31.4414       -150
  0.932029  -0.263137 -0.0959538   -44.6956       -150
  0.933021  -0.263229 -0.0940804    1.88931       -150
  0.934027  -0.263292 -0.0620594    31.8184       -150
 0.935035 -0.263398 -0.106038  -43.6592      -150
 0.936029 -0.263503 -0.103936   2.11428      -150
 0.937035 -0.263604  -0.10188   2.04395      -150
 0.938064 -0.263708 -0.099793    2.0274      -150
  0.939029  -0.263758 -0.0526698    48.8264       -150
  0.940036  -0.263825 -0.0666904   -13.9221       -150
  0.941033  -0.263921 -0.0955078   -28.9022       -150
  0.942029  -0.264015 -0.0936146    1.90112       -150
  0.943032  -0.264061 -0.0465575    46.9374       -150
  0.944028  -0.264122 -0.0607021   -14.1998       -150
  0.945019  -0.264195 -0.0745897   -14.0122       -150
 0.946029   -0.2643 -0.103224  -28.3458      -150
 0.947036 -0.264401 -0.101178   2.03186      -150
  0.948023  -0.264455 -0.0539779     47.808       -150
 0.949035 -0.264538 -0.083047  -28.7219      -150
  0.950025   -0.26462 -0.0813996    1.66501       -150
  0.951036    -0.2647 -0.0797814    1.59998       -150
 0.952029 -0.264808 -0.108341  -28.7602      -150
  0.953037  -0.264854 -0.0459153    61.9719       -150
  0.954028  -0.264929 -0.0751479   -29.4736       -150
   0.95502  -0.265016 -0.0887536    -13.718       -150
  0.956028  -0.265089 -0.0719027    16.7166       -150
  0.957037  -0.265175 -0.0855425   -13.5182       -150
  0.958036  -0.265259 -0.0838603    1.68467       -150
  0.959022  -0.265326 -0.0671345    16.9534       -150
  0.960027  -0.265407 -0.0808676   -13.6657       -150
  0.961034  -0.265501 -0.0943345   -13.3785       -150
  0.962027  -0.265563 -0.0623287    32.2155       -150
  0.963034  -0.265655 -0.0912322   -28.7071       -150
   0.96403  -0.265714 -0.0592832     32.089       -150
 0.965034 -0.265832  -0.11839  -58.8584      -150
  0.966029  -0.265903 -0.0708367    47.8075       -150
  0.967028  -0.266001 -0.0995989   -28.7712       -150
  0.968023  -0.266054 -0.0524056    47.4456       -150
  0.969018  -0.266105 -0.0513792    1.03135       -150
  0.970028  -0.266172 -0.0654129   -13.8988       -150
  0.971035  -0.266236 -0.0641165    1.28789       -150
  0.972029  -0.266299 -0.0628467    1.27628       -150
  0.973011  -0.266374 -0.0766954   -14.1156       -150
  0.974025   -0.26645 -0.0751557    1.51739       -150
  0.975031  -0.266509 -0.0585979     16.457       -150
 0.976035 -0.266611 -0.102647  -43.8951      -150
 0.977031 -0.266712 -0.100614   2.04081      -150
  0.978059  -0.266767 -0.0533641    45.9602       -150
  0.979029  -0.266847 -0.0824938   -30.0267       -150
  0.980005  -0.266912 -0.0658082    17.1069       -150
 0.981033 -0.266947 -0.034349   30.6005      -150
  0.982028  -0.267026 -0.0788767   -44.7336       -150
  0.983022  -0.267117 -0.0924033   -13.6054       -150
  0.984029  -0.267194 -0.0754858    16.8105       -150
  0.985042  -0.267268 -0.0739908    1.47572       -150
  0.986017  -0.267339 -0.0725476    1.48039       -150
 0.987035 -0.267442 -0.101223  -28.1539      -150
 0.988066 -0.267513  -0.06902   31.2443      -150
  0.989028  -0.267607 -0.0978622   -29.9661       -150
  0.990024  -0.267673 -0.0657836    32.2269       -150
  0.991035  -0.267738 -0.0644747    1.29425       -150
  0.992027  -0.267816 -0.0782688   -13.9012       -150
  0.993026  -0.267892 -0.0767315    1.53996       -150
  0.994036  -0.267953 -0.0601316    16.4288       -150
 0.995033 -0.268057  -0.10415  -44.1586      -150
  0.996026  -0.268114 -0.0568799    47.5913       -150
  0.997018  -0.268169 -0.0557694    1.11969       -150
  0.998021   -0.26827 -0.0998618   -43.9593       -150
  0.999027  -0.268308 -0.0376028    61.8652       -150
